1351,728,18,38
1351,727,18,38
1351,727,18,38
1351,727,18,37
1351,726,18,37
1351,726,18,37
1351,726,18,36
1351,726,18,36
1351,725,18,36
1351,725,18,35
1351,725,18,35
1351,724,18,35
1351,724,18,35
1351,723,18,35
1351,722,18,35
1351,722,19,35
1351,721,19,35
1350,721,19,35
1350,720,19,35
1350,719,19,35
1350,719,19,35
1350,718,19,35
1350,718,19,35
1350,717,19,35
1350,717,19,35
1349,716,19,35
1349,715,19,35
1349,715,19,35
1349,714,19,35
1349,714,19,35
1349,713,19,35
1349,713,19,35
1348,712,19,35
1348,712,19,35
1348,711,20,35
1348,711,20,35
1347,710,20,36
1347,710,20,36
1347,709,20,36
1347,709,20,36
1346,708,20,36
1346,708,20,36
1346,707,21,36
1346,707,21,36
1345,706,21,36
1345,706,21,35
1345,705,21,35
1345,705,21,35
1344,704,21,35
1344,704,21,35
1344,703,21,35
1343,703,21,35
1343,702,22,35
1343,702,22,35
1343,701,22,35
1342,701,22,35
1342,700,22,35
1342,700,22,35
1341,699,22,35
1341,699,22,35
1341,698,22,35
1340,698,23,35
1340,697,23,35
1340,697,23,35
1339,697,24,34
1339,696,24,34
1338,696,24,34
1338,696,24,34
1338,695,25,34
1337,695,25,34
1337,694,25,34
1337,694,25,34
1337,694,25,34
1336,693,25,34
1336,693,26,34
1336,692,26,33
1336,692,26,33
1336,692,26,33
1335,691,26,33
1335,691,26,33
1335,690,26,33
1335,690,26,33
1334,690,26,33
1334,690,27,33
1333,689,27,33
1333,689,27,33
1333,689,28,33
1332,688,28,33
1332,688,28,33
1332,688,28,33
1331,688,29,33
1331,687,29,33
1330,687,29,33
1330,687,29,32
1330,687,29,32
1329,687,29,32
1329,687,29,32
1329,687,30,32
1328,686,30,32
1328,686,30,31
1327,686,30,31
1327,686,30,31
1327,686,30,31
1326,686,30,31
1326,686,30,31
1326,686,31,31
1325,686,31,31
1325,686,31,31
1324,685,31,31
1324,685,31,31
1324,685,31,31
1323,685,31,31
1323,685,32,31
1323,685,32,30
1322,685,32,30
1322,685,32,30
1322,685,32,30
1321,685,32,29
1321,685,33,29
1321,685,33,29
1320,685,33,29
1320,685,33,29
1319,685,33,28
1319,685,34,28
1318,685,34,28
1318,685,34,28
1317,685,34,28
1317,685,35,28
1316,685,35,28
1316,685,35,27
1315,685,35,27
1315,685,35,27
1315,684,35,27
1314,684,35,27
1314,684,35,27
1314,684,35,27
1313,684,35,27
1313,684,35,27
1313,684,34,27
1312,684,34,27
1312,684,34,26
1312,684,34,26
1312,684,34,26
1311,684,34,26
1311,684,35,26
1311,684,35,25
1310,684,35,25
1310,684,35,25
1310,684,35,25
1310,684,35,25
1309,684,35,24
1309,684,35,24
1309,684,35,24
1309,684,35,24
1308,684,35,23
1308,685,35,23
1308,685,35,23
1307,685,35,23
1307,685,35,22
1307,685,34,22
1307,685,34,22
1306,685,34,22
1306,685,34,22
1306,685,34,22
1306,685,34,22
1306,685,34,22
1305,685,34,22
1305,686,34,22
1305,686,34,22
1305,686,34,23
1304,686,34,23
1304,686,34,23
1304,686,34,23
1304,686,34,23
1304,686,34,23
1304,686,34,23
1304,686,34,23
1304,686,34,23
1304,686,34,23
1304,686,34,23
1303,686,34,23
1303,686,34,23
1303,686,34,23
1303,686,34,23
1303,687,34,23
1303,687,34,23
1303,687,34,23
1303,687,34,23
1303,687,34,23
1303,687,34,23
1303,687,34,23
1303,687,34,23
1303,687,34,23
1303,687,34,23
1303,687,34,23
1303,688,34,23
1303,688,34,23
1303,688,34,23
1303,688,34,23
1303,688,34,23
1303,688,34,23
1303,688,34,22
1303,688,35,22
1303,689,35,22
1303,689,35,22
1303,689,35,22
1303,689,35,22
1303,689,35,22
1303,689,35,22
1302,690,35,21
1302,690,35,21
1302,690,35,21
1302,690,35,21
1302,690,35,21
1302,691,35,21
1301,691,35,21
1301,691,35,21
1301,691,35,21
1301,691,35,21
1301,691,35,21
1301,692,35,21
1300,692,36,21
1300,692,36,21
1300,692,36,21
1299,692,36,21
1299,692,36,21
1299,691,36,20
1299,691,36,20
1298,691,36,20
1298,691,36,20
1298,691,36,20
1297,691,36,20
1297,691,36,20
1297,691,36,20
1297,691,36,20
1296,691,36,20
1296,691,36,20
1296,691,36,20
1295,691,36,19
1295,691,36,19
1295,691,36,19
1295,691,36,19
1294,691,36,19
1294,691,36,19
1294,692,36,19
1293,692,36,19
1293,692,36,18
1293,692,36,18
1292,692,36,18
1292,692,36,18
1292,692,36,18
1291,692,36,18
1291,692,36,18
1291,692,36,18
1290,692,36,18
1290,692,36,18
1290,692,36,18
1289,692,36,18
1289,692,36,18
1289,692,36,18
1288,693,36,18
1288,693,36,18
1287,693,36,18
1287,693,36,18
1286,693,36,18
1286,693,36,18
1285,693,36,18
1285,693,36,18
1284,693,36,18
1284,693,36,18
1283,693,36,18
1283,693,36,18
1282,693,36,17
1282,694,36,17
1281,694,36,17
1281,694,36,17
1280,694,36,17
1280,694,36,17
1279,694,36,17
1279,694,36,17
1278,695,36,17
1278,695,36,17
1277,695,36,17
1276,695,36,17
1275,695,36,17
1275,695,36,17
1274,695,36,17
1273,695,36,16
1273,695,36,16
1272,695,36,16
1271,695,36,16
1270,695,36,16
1270,696,36,16
1269,696,36,16
1268,696,36,16
1267,696,36,16
1267,696,36,16
1266,696,36,16
1265,696,36,16
1265,696,36,16
1264,696,36,16
1263,696,36,16
1262,696,36,16
1262,696,36,16
1261,695,36,16
1258,698,36,16
1257,698,36,16
1257,698,36,16
1256,698,36,16
1255,698,36,16
1254,698,36,16
1253,699,36,16
1253,699,36,16
1252,699,36,16
1251,699,36,15
1250,699,36,15
1249,699,36,15
1248,699,36,15
1247,700,36,15
1246,700,36,15
1245,700,36,15
1244,700,36,15
1244,700,35,15
1243,701,35,15
1242,701,35,15
1241,701,35,14
1240,701,35,14
1238,701,35,14
1237,701,35,14
1236,701,35,14
1235,701,35,14
1234,701,35,14
1233,701,35,14
1232,701,35,14
1231,701,35,14
1230,701,35,14
1229,701,35,14
1227,701,35,14
1226,701,35,14
1225,701,35,14
1224,702,35,14
1223,702,35,14
1222,702,35,14
1221,702,35,14
1220,702,35,14
1219,702,35,14
1218,702,35,14
1217,702,35,14
1215,703,35,14
1214,703,35,14
1213,703,35,14
1212,703,35,14
1211,703,35,14
1210,703,35,14
1209,703,35,14
1208,703,35,14
1207,703,35,14
1206,704,35,14
1205,704,35,14
1204,704,35,14
1202,704,35,14
1201,704,35,14
1200,704,35,14
1199,704,35,14
1198,704,35,14
1197,704,35,14
1196,704,35,15
1194,705,35,15
1193,705,35,15
1192,705,35,15
1191,705,36,15
1190,705,36,15
1188,706,36,15
1187,706,36,15
1186,706,36,16
1185,706,36,16
1184,706,36,16
1183,706,36,16
1182,706,35,16
1181,706,35,16
1180,706,35,16
1180,706,34,16
1179,706,34,16
1178,706,34,16
1177,706,33,16
1176,706,33,16
1175,707,34,16
1174,707,34,16
1173,707,34,16
1172,707,34,16
1171,707,35,16
1170,708,35,16
1169,708,35,16
1168,708,36,16
1167,708,36,16
1166,708,36,16
1165,708,36,16
1164,708,36,16
1162,709,36,16
1161,709,36,16
1160,709,36,16
1159,709,36,16
1157,709,36,16
1156,709,36,16
1155,709,36,16
1154,709,36,16
1153,709,36,16
1152,709,36,17
1151,709,36,17
1150,709,36,17
1149,709,36,18
1148,709,36,18
1147,709,36,18
1146,709,36,19
1146,709,36,19
1145,709,36,19
1144,709,36,20
1143,709,36,20
1142,709,36,20
1141,709,36,20
1140,710,36,21
1140,710,36,21
1139,710,36,21
1138,710,36,22
1137,710,36,22
1136,710,36,22
1135,710,36,23
1135,711,36,23
1134,711,36,23
1133,711,36,24
1132,711,36,24
1131,711,36,24
1130,711,36,25
1129,712,36,25
1128,712,36,26
1127,712,36,26
1127,712,36,26
1126,713,36,27
1125,713,36,27
1124,713,36,27
1124,713,36,28
1123,714,36,28
1122,714,36,28
1121,714,36,29
1121,715,36,29
1120,715,36,29
1120,715,36,29
1119,716,36,29
1119,716,36,29
1119,716,36,30
1118,717,36,30
1118,717,36,30
1118,717,36,30
1117,718,36,30
1117,718,36,30
1117,718,36,30
1117,718,36,30
1117,718,36,30
1117,718,36,30
1117,718,36,30
1117,718,36,30
1117,718,36,30
1117,718,36,30
1117,718,36,30
1117,718,36,29
1117,718,36,29
1117,718,36,29
1117,718,36,29
1117,718,36,29
1117,718,36,29
1117,718,36,29
1117,718,36,29
1117,718,36,29
1117,718,36,29
1117,718,36,29
1117,718,36,29
1117,718,36,29
1107,735,27,36
1107,736,27,36
1107,737,26,37
1107,738,26,37
1106,739,26,37
1106,739,25,37
1106,740,25,37
1106,741,24,37
1106,742,24,37
1106,743,24,38
1106,744,23,38
1106,745,23,38
1106,746,23,38
1105,747,23,38
1105,748,23,38
1105,749,22,38
1105,750,22,38
1105,751,22,38
1104,752,22,38
1104,754,22,38
1104,755,21,38
1104,756,21,38
1104,757,21,38
1104,758,20,38
1104,759,20,38
1104,760,19,38
1104,762,19,38
1104,763,19,38
1104,764,18,38
1105,765,18,38
1105,766,17,38
1104,767,17,38
1104,768,17,38
1104,770,17,38
1104,771,17,38
1104,772,17,38
1104,773,17,38
1104,774,17,38
1104,775,17,38
1104,776,17,38
1104,778,17,38
1104,779,17,38
1104,780,17,38
1104,781,17,37
1104,782,17,37
1104,784,17,37
1104,785,17,37
1104,786,17,37
1104,787,17,37
1104,788,17,37
1104,790,17,37
1104,791,17,37
1104,792,17,37
1105,794,17,37
1105,795,17,37
1105,796,17,37
1105,798,17,37
1105,799,17,37
1105,800,17,37
1105,802,17,37
1105,803,17,37
1105,804,17,37
1105,805,17,37
1105,806,17,37
1106,807,17,37
1106,808,17,37
1107,808,15,35
1107,809,15,34
1108,810,15,34
1108,812,15,34
1108,813,15,33
1108,814,15,33
1108,815,15,33
1108,816,15,33
1108,817,15,32
1108,818,14,32
1108,819,14,32
1108,820,14,32
1109,821,14,32
1109,822,14,32
1109,823,14,32
1109,825,14,32
1109,826,14,32
1109,827,14,32
1109,828,14,32
1109,829,14,32
1109,830,15,32
1109,830,15,32
1110,831,15,33
1110,831,15,33
1110,832,15,33
1110,833,15,34
1110,833,15,34
1110,834,15,34
1110,834,15,35
1111,835,15,35
1111,836,15,35
1111,836,15,35
1111,837,15,35
1111,838,15,35
1111,839,15,35
1111,840,15,35
1111,841,15,34
1111,842,15,34
1111,843,15,34
1111,844,15,34
1111,844,15,34
1111,845,15,34
1111,846,15,34
1111,847,15,34
1111,848,15,34
1111,849,16,34
1111,850,16,34
1111,851,16,34
1111,852,16,33
1112,853,16,33
1112,854,16,33
1111,854,16,33
1111,855,16,33
1111,856,16,33
1111,857,16,33
1111,858,16,33
1111,859,16,33
1111,859,16,33
1111,860,16,33
1111,861,16,33
1110,862,16,33
1110,863,16,33
1110,863,16,33
1110,864,16,33
1109,865,16,33
1109,866,16,33
1109,866,16,33
1109,867,16,33
1108,868,16,33
1108,868,16,33
1108,869,16,33
1108,870,17,33
1107,870,17,34
1107,871,17,34
1106,872,18,34
1106,872,18,34
1105,873,18,34
1105,873,19,34
1105,874,19,34
1104,875,19,34
1104,875,20,34
1103,876,20,35
1103,876,20,35
1102,877,21,35
1102,878,21,35
1101,878,22,35
1100,879,22,35
1100,880,22,35
1099,880,23,35
1099,881,23,35
1098,882,24,35
1098,882,24,34
1097,883,24,34
1097,883,24,34
1096,884,24,34
1096,884,25,34
1095,885,25,33
1095,885,25,33
1094,886,25,33
1094,887,26,33
1093,887,26,32
1093,888,26,32
1092,889,26,32
1092,889,27,32
1091,890,27,32
1090,891,27,31
1090,891,28,31
1089,892,28,31
1089,893,28,31
1088,894,29,31
1087,894,29,30
1091,893,29,30
1098,889,29,30
1108,884,29,30
1119,879,29,30
1129,872,29,31
1141,864,29,32
1153,855,29,32
1166,845,27,32
1180,834,26,33
1193,822,25,34
1204,810,25,34
1215,799,25,33
1227,786,23,33
1237,773,23,33
1248,760,23,33
1255,746,23,33
1264,732,23,33
1272,718,23,33
1279,704,22,33
1286,690,20,35
1290,675,20,35
1296,663,19,34
1300,649,19,35
1303,637,19,34
1306,625,19,34
1310,613,18,34
1311,601,18,34
1312,591,17,34
1314,580,16,34
1315,569,16,35
1316,560,17,35
1317,551,17,34
1317,542,17,34
1317,535,17,34
1316,528,17,34
1316,521,17,34
1315,514,17,34
1315,507,17,34
1314,502,17,34
1314,498,17,34
1313,493,17,34
1312,489,17,34
1311,484,17,34
1311,480,17,34
1310,477,17,34
1309,474,17,34
1308,472,17,34
1307,469,17,34
1306,467,17,34
1306,465,17,34
1305,464,17,34
1304,462,17,34
1304,460,17,34
1303,459,17,34
1303,458,16,34
1302,457,16,34
1302,456,16,35
1301,456,17,35
1301,455,17,35
1301,455,17,35
1300,455,17,34
1300,454,17,34
1299,454,17,34
1299,454,17,34
1299,454,17,34
1299,454,17,34
1298,454,17,34
1298,455,17,34
1298,455,17,34
1298,455,17,34
1298,455,17,34
1298,456,17,34
1298,456,17,34
1298,456,17,34
1297,457,17,34
1297,457,17,34
1297,458,17,34
1297,458,17,34
1297,459,17,34
1296,460,17,34
1296,460,17,34
1296,461,17,34
1296,461,17,34
1295,462,17,34
1295,463,17,34
1295,463,17,34
1295,464,17,34
1295,465,17,34
1295,466,17,34
1295,466,17,34
1295,467,17,34
1295,468,17,34
1295,468,17,34
1295,469,17,34
1295,470,17,34
1295,470,17,34
1295,471,17,34
1295,471,17,34
1295,472,17,34
1295,473,17,34
1295,473,17,34
1295,474,17,34
1295,474,17,34
1295,475,17,34
1294,476,17,34
1294,476,17,34
1294,477,17,34
1294,478,17,34
1294,479,17,34
1294,479,17,34
1294,480,17,34
1294,481,17,34
1294,482,17,34
1294,482,17,34
1294,483,17,34
1294,484,17,34
1294,485,17,34
1294,486,17,34
1294,486,17,34
1294,487,17,34
1294,488,17,34
1294,489,17,34
1294,490,17,34
1294,490,17,34
1294,491,17,34
1293,492,17,34
1293,493,17,34
1293,494,17,34
1293,494,17,33
1293,495,17,33
1293,496,17,33
1293,497,17,33
1293,498,17,33
1293,498,17,33
1293,499,17,33
1293,500,16,33
1293,501,16,33
1293,502,16,33
1293,503,16,33
1308,475,20,36
1308,476,20,36
1308,477,20,36
1308,478,20,36
1308,479,20,36
1308,480,20,36
1308,481,20,36
1308,482,20,36
1308,483,20,36
1307,484,20,36
1307,485,20,36
1307,486,20,36
1308,487,20,36
1308,488,20,36
1308,489,20,36
1308,490,20,36
1308,491,20,36
1308,492,20,36
1308,493,20,36
1308,494,20,36
1308,495,20,36
1309,496,20,36
1309,497,20,36
1309,499,20,36
1309,500,20,36
1309,501,20,36
1309,502,20,36
1309,503,20,36
1309,505,20,36
1309,506,20,36
1309,507,20,36
1309,508,20,37
1309,509,19,37
1309,511,19,37
1310,512,19,37
1310,513,19,38
1310,514,19,38
1310,515,19,38
1310,517,18,39
1311,518,18,39
1311,519,18,39
1311,520,18,39
1311,522,18,39
1311,523,19,39
1311,524,19,38
1310,525,19,38
1310,526,19,38
1310,528,19,38
1310,529,19,38
1310,530,19,38
1310,531,19,38
1310,532,19,38
1310,534,19,38
1310,535,19,38
1310,536,19,38
1310,537,19,38
1311,538,19,38
1311,539,19,38
1311,540,19,38
1311,541,19,38
1311,543,19,38
1311,544,19,38
1311,545,18,38
1311,547,18,38
1311,548,18,38
1311,549,18,38
1311,551,18,38
1312,552,18,38
1312,553,18,38
1312,555,17,38
1312,556,17,38
1312,557,17,38
1312,559,17,38
1312,560,17,38
1312,561,17,38
1312,562,17,38
1312,563,17,38
1312,565,17,38
1312,566,17,38
1312,567,17,38
1313,568,17,38
1313,570,17,38
1313,571,17,38
1313,573,17,38
1313,574,16,38
1313,576,16,38
1313,577,16,38
1313,579,16,38
1313,580,16,38
1313,582,16,38
1314,583,16,38
1314,585,16,38
1314,586,16,38
1314,588,16,38
1314,590,16,38
1315,591,16,38
1315,593,16,38
1315,594,16,38
1315,596,16,38
1315,598,16,38
1315,599,16,38
1315,601,16,38
1315,602,16,38
1315,603,16,38
1315,605,16,38
1316,606,16,38
1316,607,16,38
1316,609,16,38
1316,610,16,38
1316,611,16,38
1316,613,17,38
1316,614,17,38
1315,615,17,38
1315,617,17,38
1315,618,17,39
1315,619,18,39
1315,620,18,39
1315,622,18,40
1315,623,18,40
1315,624,18,40
1315,626,19,40
1315,627,19,40
1315,629,19,40
1315,631,19,40
1315,632,19,40
1315,634,19,40
1314,636,19,40
1314,638,19,39
1314,639,19,39
1314,641,19,39
1314,643,19,39
1315,645,18,38
1315,647,18,37
1316,649,18,36
1317,651,17,35
1317,654,17,34
1317,655,17,34
1317,656,17,34
1317,657,17,34
1317,659,17,34
1317,660,17,34
1317,661,17,34
1318,662,17,34
1318,664,17,34
1318,665,17,34
1318,666,17,34
1318,668,17,34
1318,669,17,34
1318,671,17,34
1317,672,17,34
1317,674,17,34
1317,675,17,34
1317,676,17,34
1317,678,17,34
1317,679,17,34
1317,681,17,34
1317,682,17,34
1318,684,17,34
1318,685,17,34
1318,686,17,34
1318,688,17,34
1318,689,17,34
1318,691,17,34
1318,692,16,34
1319,693,16,34
1319,695,16,34
1319,696,16,34
1319,698,16,34
1319,699,16,34
1319,701,16,34
1319,702,16,34
1319,704,16,34
1319,705,16,34
1319,707,16,34
1319,708,16,34
1319,710,16,34
1319,711,16,34
1320,712,16,34
1320,714,16,34
1320,715,16,34
1320,717,16,34
1320,718,16,34
1320,720,16,34
1321,721,16,34
1321,723,16,34
1321,724,16,34
1321,725,16,34
1321,727,16,34
1321,728,16,34
1321,729,16,34
1321,730,16,34
1321,732,16,34
1321,733,16,34
1321,734,16,34
1321,736,16,34
1321,737,16,35
1321,738,16,35
1321,740,16,35
1321,741,16,35
1321,742,16,35
1321,744,16,35
1321,745,16,35
1321,747,16,35
1321,748,16,35
1321,750,16,35
1321,751,16,35
1321,752,16,35
1321,754,16,34
1320,755,16,34
1320,757,16,34
1320,758,16,34
1320,760,16,34
1320,761,16,34
1320,763,16,34
1320,764,16,34
1320,766,16,34
1319,767,17,34
1319,768,17,34
1319,770,17,34
1319,771,17,34
1319,772,17,34
1319,774,17,34
1318,775,17,34
1318,776,18,34
1318,778,18,34
1318,779,18,34
1318,780,18,34
1317,781,18,34
1317,783,19,34
1317,784,19,34
1317,785,19,34
1316,786,20,34
1316,788,20,34
1316,789,20,34
1315,790,20,35
1315,791,21,35
1315,793,21,35
1314,794,21,35
1314,795,22,35
1313,797,22,35
1313,798,23,35
1312,800,23,35
1312,801,23,35
1311,802,24,35
1311,804,24,35
1310,805,24,35
1310,806,25,34
1309,808,25,34
1309,809,25,34
1309,810,25,34
1308,812,25,34
1308,813,25,33
1308,814,25,33
1307,815,26,33
1307,817,26,33
1307,818,26,33
1306,819,26,33
1305,821,27,32
1304,822,27,32
1304,823,27,32
1303,825,28,32
1302,826,28,32
1301,827,28,32
1301,829,29,32
1300,830,29,32
1299,832,29,32
1299,833,30,32
1298,834,30,31
1298,836,30,31
1297,837,30,31
1296,838,30,31
1296,840,30,30
1295,841,30,30
1295,842,30,30
1294,844,31,29
1294,845,31,29
1293,846,31,29
1292,848,31,29
1292,849,31,29
1291,850,31,28
1291,852,31,28
1290,853,32,28
1290,854,32,28
1289,856,32,28
1289,857,32,27
1288,859,32,27
1287,860,32,27
1286,861,32,27
1286,862,33,26
1285,864,33,26
1284,865,33,26
1283,866,33,26
1282,868,33,25
1282,869,33,25
1281,870,33,25
1280,871,34,25
1279,873,34,24
1278,874,34,24
1278,876,34,23
1277,877,34,22
1276,878,34,22
1276,880,34,21
1275,881,35,20
1274,882,34,20
1273,884,34,20
1273,885,33,20
1272,886,34,19
1270,887,34,19
1269,888,34,19
1268,889,34,19
1267,890,34,19
1266,892,34,18
1265,893,34,18