1723,462,96,20
1721,462,96,20
1719,462,96,20
1716,462,96,21
1714,462,96,21
1712,462,96,21
1710,462,96,21
1707,462,95,21
1705,462,95,21
1703,462,95,21
1701,462,95,21
1698,462,95,21
1696,462,95,21
1694,462,95,21
1691,462,95,21
1689,462,95,21
1687,462,95,21
1684,462,95,21
1682,462,94,21
1680,462,94,21
1677,462,94,21
1675,462,94,21
1672,462,94,21
1670,462,94,21
1668,462,94,21
1665,462,94,21
1663,462,94,21
1661,462,94,21
1658,462,94,21
1656,462,94,21
1653,462,94,21
1651,462,94,21
1649,462,94,21
1647,462,94,21
1644,462,94,21
1642,462,94,21
1640,462,94,21
1637,462,94,21
1635,462,94,21
1633,462,94,21
1631,462,94,21
1628,462,94,21
1626,462,94,22
1623,462,94,22
1621,462,94,22
1619,462,94,22
1616,462,94,22
1614,462,94,22
1612,462,94,22
1609,462,94,22
1607,462,94,22
1604,462,94,22
1602,462,94,22
1600,462,94,22
1597,462,94,22
1595,462,94,22
1593,462,94,22
1590,462,94,22
1588,462,93,22
1585,462,93,23
1583,462,93,23
1581,462,93,23
1578,462,93,23
1576,462,93,23
1574,462,93,23
1571,462,93,23
1569,462,93,23
1566,462,93,23
1564,462,93,23
1562,462,93,23
1559,462,93,23
1557,462,93,23
1554,462,93,23
1552,462,93,23
1550,462,93,23
1547,462,93,23
1545,462,93,23
1542,462,93,23
1540,462,93,23
1538,462,93,23
1535,462,93,23
1533,462,93,23
1530,462,93,23
1528,462,93,23
1526,462,93,23
1523,462,93,23
1521,462,93,23
1518,462,92,23
1516,462,92,23
1514,462,92,23
1511,462,92,23
1509,462,92,23
1507,462,92,23
1504,463,92,22
1502,463,91,22
1500,463,91,21
1497,463,91,21
1495,463,91,21
1504,459,83,20
1502,459,83,20
1499,459,83,20
1497,459,83,20
1494,459,83,20
1492,459,83,20
1489,459,83,20
1487,459,83,20
1485,459,83,20
1482,459,83,20
1480,459,83,20
1477,459,83,20
1475,459,83,20
1473,459,83,20
1471,459,84,20
1469,459,84,20
1466,459,84,20
1464,459,84,20
1462,459,84,20
1460,459,84,20
1457,459,85,20
1455,459,85,20
1453,459,85,20
1451,459,85,20
1449,459,85,20
1446,459,85,20
1444,459,85,20
1442,459,85,20
1440,459,85,20
1438,459,85,20
1435,459,85,20
1433,459,84,20
1431,459,84,20
1429,459,84,20
1426,459,83,20
1424,458,83,20
1422,458,83,20
1420,458,82,20
1418,458,82,20
1415,458,82,20
1413,458,81,20
1411,458,81,20
1409,458,81,20
1407,458,81,20
1404,458,81,20
1402,458,81,20
1400,458,81,20
1398,458,81,20
1395,458,81,20
1393,458,81,20
1391,458,81,20
1389,458,81,20
1386,458,81,20
1384,458,81,20
1382,458,81,20
1379,458,81,20
1377,458,81,20
1375,458,81,20
1372,458,81,20
1370,458,81,20
1368,458,81,20
1365,458,81,20
1362,458,81,20
1359,458,81,20
1357,458,81,20
1354,458,81,20
1351,458,81,20
1348,458,81,20
1346,458,81,20
1343,459,81,20
1340,459,81,20
1337,459,82,20
1335,459,82,20
1332,459,82,20
1329,459,82,20
1327,459,83,20
1324,459,83,19
1322,459,83,19
1319,459,83,19
1316,459,83,19
1314,459,84,19
1310,459,84,19
1307,459,84,19
1303,459,84,19
1300,459,84,19
1295,459,88,21
1292,459,88,21
1290,459,88,21
1287,459,88,21
1285,460,88,21
1282,460,88,21
1279,460,88,21
1277,460,88,21
1274,460,88,21
1271,460,88,21
1269,460,88,21
1266,460,88,21
1264,460,88,21
1261,460,88,21
1258,460,88,21
1256,460,88,21
1253,460,88,21
1251,460,88,21
1248,460,88,21
1245,460,88,21
1243,460,88,21
1240,460,88,21
1237,460,88,21
1235,460,88,21
1232,460,88,21
1229,460,88,21
1227,460,88,21
1224,459,88,21
1221,459,88,21
1219,459,88,21
1216,459,88,21
1213,459,87,21
1211,460,87,21
1208,460,87,21
1205,460,87,21
1203,460,87,21
1200,460,87,21
1197,460,87,21
1194,460,87,21
1192,460,87,21
1189,460,87,21
1187,459,86,22
1185,459,86,22
1181,456,86,23
1178,450,85,24
1173,441,85,26
1167,432,85,29
1162,423,84,31
1156,414,84,34
1149,405,83,36
1142,395,83,39
1133,384,84,45
1125,376,83,46
1118,366,82,49
1109,360,81,50
1100,351,80,54
1091,344,78,55
1083,337,77,59
1073,331,76,61
1064,326,74,63
1055,320,73,66
1046,316,71,68
1036,312,68,72
1028,310,66,73
1017,308,64,74
1009,306,62,76
1001,306,59,76
992,305,58,78
984,305,56,79
977,307,54,81
970,308,53,83
966,309,48,83
959,312,47,83
954,315,46,83
950,319,43,83
946,321,41,83
942,325,39,83
937,328,39,83
933,332,38,83
929,335,36,83
926,339,35,83
924,343,34,83
922,348,34,83
920,352,32,83
918,356,31,83
916,361,30,83
914,365,30,83
912,369,30,84
910,373,30,84
908,378,30,84
906,382,30,83
906,387,29,83
905,391,28,83
904,395,27,82
904,400,26,82
903,405,25,80
903,409,24,80
902,413,24,79
902,417,24,78
901,421,24,80
901,426,24,79
901,429,24,83
901,433,23,86
901,436,22,86
900,440,22,85
899,445,22,84
900,448,21,85
900,451,21,86
896,456,21,88
896,460,21,88
896,465,21,88
896,470,21,88
896,474,20,88
896,479,20,88
896,483,20,88
896,488,20,88
896,492,19,88
896,497,19,88
896,501,19,88
896,506,19,88
896,510,20,89
896,514,20,89
895,518,21,90
895,523,21,90
895,527,22,91
895,531,22,91
895,535,23,92
894,540,23,92
894,544,24,93
894,549,24,93
894,555,24,93
893,560,24,93
893,564,24,93
893,567,24,93
893,571,24,93
893,574,25,93
893,578,25,93
893,582,25,93
893,585,25,93
893,590,25,93
893,594,25,93
893,599,25,93
893,603,25,93
893,608,25,93
893,613,25,93
893,617,25,93
893,622,25,93
893,626,25,93
893,631,25,93
893,635,25,93
893,640,25,93
893,644,25,93
893,648,25,92
893,653,25,92
893,657,25,92
893,662,25,92
893,665,25,92
893,669,25,92
893,672,25,92
893,677,25,92
893,681,25,92
893,685,25,92
893,689,25,92
893,693,25,92
893,697,25,92
893,701,25,92
893,705,25,92
894,709,25,92
894,713,25,92
894,718,25,91
894,723,25,90
895,728,25,90
895,731,25,89
895,735,25,89
895,738,25,88
896,746,22,88
896,750,22,88
896,753,22,88
896,757,22,88
896,761,22,88
897,764,22,88
897,768,22,88
897,772,22,88
897,776,22,88
897,779,22,88
898,783,22,88
898,787,22,88
898,791,22,88
898,794,22,89
898,798,22,89
899,802,22,89
899,806,22,89
899,810,22,89
899,813,22,89
899,817,22,89
900,821,22,89
900,825,22,89
900,828,22,89
900,832,23,89
900,835,23,89
900,839,23,90
900,842,23,90
900,846,23,90
900,850,23,90
900,853,23,90
900,857,23,90
900,861,23,90
900,864,23,90
900,868,24,90
900,872,24,90
900,876,24,90
900,879,24,90
901,883,24,90
901,887,24,90
901,891,24,90
901,895,24,90
901,898,23,90
902,902,23,90
902,905,22,91
903,909,20,81
903,913,20,82
903,916,20,82
903,920,20,82
903,924,21,82
903,927,21,82
903,931,21,82
903,935,21,84
903,938,21,86
902,942,21,88
902,946,21,91
902,949,21,91
902,953,21,91
902,956,21,91
902,960,22,91
902,964,22,92
902,967,22,92
902,971,22,92
902,974,22,92
902,978,22,92
902,981,22,92
903,985,22,91
903,989,21,91
903,993,19,82
903,996,20,81
903,1000,20,80
903,1004,20,76
903,1007,20,73
903,1011,20,69