1810,613,36,17
1807,613,35,17
1805,614,35,17
1802,614,35,17
1806,615,28,17
1806,616,25,17
1792,616,36,17
1789,617,36,17
1786,617,36,17
1783,618,36,17
1780,618,36,17
1777,619,36,17
1774,619,36,17
1771,620,26,17
1768,620,28,17
1765,621,31,17
1762,622,33,17
1759,622,35,17
1756,623,35,17
1753,623,35,17
1750,624,36,17
1747,624,36,17
1745,625,35,17
1742,625,35,17
1739,626,35,17
1736,627,35,17
1733,627,34,17
1730,628,34,17
1728,628,34,17
1725,629,34,17
1722,629,33,17
1719,630,33,17
1716,631,33,17
1713,631,33,17
1711,632,32,17
1708,632,32,17
1705,633,32,17
1702,633,32,17
1699,634,32,17
1696,635,31,17
1694,635,31,17
1691,636,31,17
1688,636,31,17
1685,637,32,17
1683,637,32,17
1680,638,32,17
1677,639,32,17
1674,639,32,17
1672,640,33,17
1669,640,33,17
1666,641,33,17
1663,641,33,17
1661,642,33,17
1658,643,34,17
1655,643,34,17
1652,644,34,17
1650,644,34,17
1647,645,34,16
1644,645,35,16
1641,646,35,16
1639,647,35,16
1636,647,35,16
1633,648,35,16
1630,649,35,16
1628,649,35,16
1625,650,35,16
1622,650,35,16
1620,651,35,16
1617,652,35,16
1614,652,35,16
1611,653,35,16
1609,654,35,16
1606,654,36,16
1603,655,36,16
1601,655,36,15
1598,656,36,15
1595,657,36,15
1592,657,36,15
1590,658,36,15
1587,658,36,15
1584,659,36,15
1582,660,36,15
1579,660,36,15
1577,661,36,15
1574,662,36,15
1572,662,36,15
1569,663,36,15
1567,663,36,15
1564,664,36,15
1562,665,36,15
1559,665,36,15
1557,666,36,15
1554,667,36,15
1552,667,36,15
1549,668,36,15
1547,668,36,15
1544,669,36,15
1542,670,36,15
1539,670,36,15
1537,671,36,15
1534,671,36,15
1532,672,36,15
1529,673,36,15
1526,673,36,15
1524,674,36,15
1521,674,36,15
1518,675,36,15
1516,676,36,15
1523,674,30,15
1520,675,30,15
1518,676,30,15
1515,677,30,15
1513,678,30,15
1510,678,30,15
1508,679,30,15
1505,680,30,15
1502,681,30,15
1500,682,30,15
1500,682,30,14
1497,683,30,14
1494,684,30,14
1491,685,31,14
1490,685,29,14
1490,686,26,14
1489,687,25,14
1483,687,28,14
1482,688,26,14
1481,689,25,14
1480,690,23,14
1471,690,29,14
1469,691,29,14
1466,692,29,14
1464,693,28,13
1462,693,28,13
1459,694,28,13
1457,695,27,13
1455,696,27,13
1452,696,27,13
1450,697,27,13
1447,698,28,13
1445,699,29,13
1443,699,31,13
1440,700,33,13
1438,701,33,13
1435,701,33,13
1433,702,33,13
1430,703,33,13
1428,703,32,13
1426,704,32,14
1423,705,32,14
1421,705,32,14
1418,706,32,14
1416,707,32,14
1413,707,32,14
1411,708,32,14
1408,709,31,14
1406,710,29,14
1404,712,28,14
1401,713,27,14
1399,713,28,14
1396,714,29,14
1394,714,30,15
1391,715,30,15
1388,716,31,15
1386,717,32,15
1383,718,32,15
1383,718,32,15
1380,719,32,15
1377,720,31,14
1374,721,31,14
1372,722,31,14
1369,723,31,14
1368,723,31,14
1365,724,31,14
1362,725,31,14
1360,726,31,14
1357,726,31,14
1354,727,31,14
1354,727,31,14
1350,729,31,14
1347,730,31,14
1347,730,31,14
1347,730,31,14
1347,730,31,14
1347,730,31,14
1347,730,31,14
1347,730,31,14
1347,730,31,14
1347,730,31,14
1347,730,31,14
1347,730,31,14
1347,730,31,14
1347,730,31,14
1347,730,31,14
1347,730,31,14
1347,730,31,14
1347,730,31,14
1347,730,31,14
1347,730,31,14
1347,730,31,14
1347,730,31,14
1347,730,31,14
1347,730,31,14
1347,730,31,14
1347,730,31,14
1347,730,31,14
1347,730,31,14
1280,754,33,14
1277,755,33,14
1275,756,33,14
1272,756,33,14
1270,757,33,14
1267,758,33,14
1265,759,33,14
1262,760,33,14
1260,760,33,14
1258,761,33,14
1255,762,33,13
1253,763,33,13
1251,763,33,13
1248,764,33,13
1246,765,33,13
1244,766,33,13
1241,766,33,13
1239,767,33,13
1237,768,33,13
1234,769,33,13
1232,769,33,13
1229,770,33,13
1227,771,33,13
1224,772,33,13
1222,773,33,13
1219,774,33,13
1216,774,33,13
1214,775,33,14
1211,776,33,14
1209,777,33,14
1206,778,33,14
1204,779,33,14
1201,780,33,14
1198,780,33,14
1196,781,33,14
1193,782,33,14
1191,783,33,14
1189,784,33,14
1187,785,33,14
1184,785,33,15
1182,786,33,15
1180,787,33,15
1178,788,33,15
1175,789,33,15
1173,790,33,15
1170,790,33,15
1168,791,33,15
1165,792,33,14
1163,793,33,14
1161,794,33,14
1158,795,33,14
1156,795,32,14
1154,796,32,14
1152,797,32,14
1150,798,32,14
1148,799,32,14
1145,800,32,14
1143,800,32,14
1141,801,32,14
1139,802,32,14
1137,803,32,14
1135,804,33,14
1133,804,34,13
1130,805,34,13
1128,805,34,13
1126,806,34,13
1124,807,34,14
1121,807,34,14
1119,808,34,14
1117,809,34,14
1115,809,34,14
1113,810,33,14
1110,810,33,14
1109,811,33,14
1107,812,33,14
1105,812,33,14
1103,813,33,15
1101,813,33,15
1099,814,33,15
1097,815,32,15
1095,815,32,15
1093,816,32,15
1090,817,32,15
1090,815,32,17
1089,815,32,17
1087,815,32,17
1085,815,32,17
1084,816,32,17
1082,816,32,18
1080,816,32,18
1079,816,32,18
1077,817,32,18
1076,817,32,19
1074,817,32,19
1072,817,32,19
1071,818,32,19
1069,818,32,19
1067,818,32,20
1066,818,32,20
1064,819,32,20
1062,819,32,20
1061,819,31,21
1059,819,31,21
1057,820,31,21
1056,820,31,21
1054,820,31,21
1053,820,31,21
1052,820,31,22
1050,820,31,22
1049,820,31,22
1047,820,31,22
1046,820,31,22
1044,821,31,22
1043,821,31,22
1041,821,31,23
1040,821,31,23
1038,821,31,23
1037,821,31,23
1036,821,31,23
1034,821,31,23
1033,821,31,23
1031,822,31,24
1030,822,31,24
1028,822,31,24
1027,822,31,24
1026,821,31,24
1025,821,31,24
1024,821,31,25
1022,821,31,25
1021,821,31,25
1020,821,31,25
1019,820,31,25
1018,820,31,25
1016,820,30,26
1015,820,30,26
1014,820,30,26
1013,820,30,26
1012,819,30,26
1011,819,30,26
1009,819,30,27
1008,819,30,27
1007,819,30,27
1006,819,30,27
1005,818,30,27
1004,818,30,27
1003,818,30,27
1002,818,29,28
1001,817,29,28
1000,817,29,28
999,817,29,28
998,817,29,28
996,816,29,28
995,816,29,28
994,816,28,28
993,815,28,28
992,815,28,29
991,815,28,29
990,815,28,29
989,814,28,29
988,814,28,29
987,814,28,29
986,813,27,29
985,813,27,29
984,813,27,29
984,813,27,29
983,812,27,29
982,812,27,29
981,811,26,29
981,811,26,29
980,811,26,29
979,810,26,29
979,810,26,29
978,810,25,29
977,809,25,29
976,809,25,29
976,808,25,29
975,808,25,29
974,808,24,29
973,807,24,28
973,807,24,28
972,807,24,28
971,806,24,28
971,806,24,28
970,806,23,28
969,805,23,28
969,805,23,28
969,804,23,28
968,803,23,29
968,803,22,29
967,802,22,29
967,802,22,29
967,801,22,29
966,801,22,29
966,800,21,29
965,800,21,29
965,799,21,29
964,799,21,29
964,798,21,29
964,798,21,30
963,797,20,30
963,797,20,30
962,796,20,30
962,796,20,30
962,795,20,30
961,795,20,30
961,794,19,30
961,793,19,30
960,793,19,30
960,792,19,30
960,792,19,30
959,791,19,30
959,790,19,30
959,790,19,30
958,789,19,30
958,788,18,30
958,788,18,30
957,787,18,30
957,787,18,30
957,786,18,30
956,785,18,30
956,785,18,30
956,784,18,30
955,783,18,30
955,783,17,30
955,782,17,30
955,781,17,30
954,781,17,31
954,780,17,31
954,779,17,31
954,779,17,31
954,778,17,31
954,777,17,31
954,776,17,32
953,776,17,32
953,775,17,32
953,774,16,32
953,774,16,32
953,773,16,32
953,772,16,32
953,771,16,33
952,771,16,33
952,770,16,33
952,769,16,33
952,769,16,33
952,768,16,33
952,767,16,33
952,766,16,33
952,765,16,33
952,765,16,33
952,764,16,33
952,763,15,33
952,762,15,33
952,762,15,33
952,761,15,33
952,760,15,33
952,759,15,33
952,759,15,33
952,758,15,33
952,757,15,33
951,756,15,33
951,756,15,33
951,755,15,33
951,754,15,33
951,753,15,33
951,752,15,33
951,752,15,33
951,751,15,33
951,750,15,33
951,749,15,33
951,748,14,33
951,747,14,33
951,747,14,33
951,746,14,33
951,745,14,33
951,744,14,33
951,743,14,33
951,742,14,33
951,741,14,33
951,741,14,33
951,740,14,33
951,739,14,33
951,738,14,33
950,737,14,33
950,736,13,33
950,736,14,33
950,735,14,33
950,734,14,33
950,733,14,33
950,732,14,33
950,731,14,33
950,730,14,33
950,729,14,33
950,729,14,32
950,728,14,32
950,727,14,32
950,726,14,32
950,725,14,32
950,724,14,32
950,723,14,32
950,722,14,32
950,722,14,32
950,721,14,32
950,720,14,32
950,719,14,31
950,718,14,31
950,717,14,31
950,716,14,31
950,715,14,31
950,714,14,31
950,713,14,31
950,712,14,31
950,712,14,31
950,711,14,30
950,710,14,30
950,709,14,30
950,708,14,30
950,707,14,30
949,706,14,30
949,705,14,30
949,704,14,30
949,703,14,30
949,702,14,29
949,701,14,29
949,700,14,29
949,699,14,29
949,698,14,29
950,697,14,29
950,696,14,29
950,695,14,29
950,694,14,30
950,693,14,30
950,692,14,30
950,691,14,30
950,690,14,30
950,689,14,30
950,688,14,30
950,687,14,30
950,686,14,30
950,685,14,30
950,684,14,30
950,683,14,30
950,682,14,30
950,681,14,30
950,680,14,30
950,679,14,30
950,678,14,30
950,676,14,31
950,675,14,31
950,674,14,31
950,673,14,31
950,672,14,31
950,671,14,31
950,670,14,31
950,669,14,31
950,668,14,31
950,667,14,31
950,666,14,31
950,665,14,31
949,664,14,32
949,663,14,32
949,662,14,32
949,661,14,32
949,660,14,32
949,659,14,32
949,658,14,32
949,657,14,32
949,656,14,32
949,655,14,32
949,654,14,33
949,653,14,33
949,652,14,33
949,651,14,33
949,650,14,33
949,648,14,33
950,647,14,33
950,646,14,33
950,645,14,33
950,638,12,36
950,637,12,36
950,636,12,35
950,635,12,35
950,634,12,35
950,633,12,35
950,632,12,35
950,631,12,34
950,630,12,34
950,629,12,34
950,628,12,34
950,627,12,34
950,626,12,33
951,625,12,34
951,623,12,34
951,622,12,34
951,621,12,35
951,619,12,35
951,618,12,35
951,616,12,36
951,615,12,36
951,614,12,36
951,613,12,35
951,611,12,35
951,610,12,35
951,609,12,35
951,608,12,35
951,607,12,34
951,606,12,34
951,605,12,34
951,604,12,34
951,603,12,34
951,602,12,33
951,601,12,33
951,600,12,33
951,598,12,33
951,597,12,33
951,596,12,32
951,595,12,32
951,594,12,32
952,593,12,32
952,592,12,32
952,591,12,32
952,590,12,32
952,589,12,32
952,588,12,32
952,587,12,32
952,586,12,32
952,584,12,33
952,583,12,33
952,582,12,33
952,581,12,33
952,580,12,33
952,579,12,33
952,578,12,33
952,577,12,33
952,576,12,33
953,575,12,33
953,575,12,34
953,574,12,34
953,574,12,34
953,572,12,35
953,569,12,37
953,567,12,38
953,566,12,38
953,565,12,38
953,565,12,38
953,564,12,38
953,563,12,38
953,561,12,38
953,560,12,38
953,559,12,38
953,558,12,38
953,557,12,38
953,556,12,38
953,555,12,37
953,553,12,37
953,552,12,37
953,551,12,37
953,550,12,37
953,549,12,37
953,548,12,37
953,547,12,37
953,546,12,37
953,545,12,37
953,544,12,37
953,543,12,37
953,542,12,37
953,541,12,37
953,540,12,37
953,539,12,37
953,538,12,37
953,537,12,37
953,536,12,37
953,535,12,37
953,534,12,37
953,533,12,37
953,532,12,37
953,531,12,37
953,530,12,37
953,529,12,37
953,528,12,37
953,527,12,37
953,526,12,37
953,525,12,36
953,524,12,36
953,523,12,36
953,522,12,36
953,521,12,36
953,520,12,36
953,519,12,35
953,518,12,35
953,517,12,35
953,516,12,35
953,515,12,35
953,514,12,34
953,513,12,34
953,512,12,34
953,512,12,34
954,511,12,34
954,510,12,34
954,509,12,33
954,508,12,33
954,507,12,33
954,506,12,33
954,505,12,33
954,504,12,33
954,504,12,33
954,503,12,33
954,502,12,33
954,501,12,33
954,500,12,33
954,499,12,33
955,498,12,33
955,498,12,32
955,497,12,32
955,496,11,32
955,495,11,32
955,494,11,32
955,493,11,32
955,492,11,32
955,491,11,32
955,491,11,32
955,490,11,33
955,489,11,33
955,488,11,33
955,487,11,33
955,486,11,33
955,485,11,33
955,484,11,34
955,483,11,34
955,482,11,34
955,481,11,34
955,480,11,34
955,479,11,34
955,479,11,35
955,478,11,35
955,477,11,35
955,476,11,35
955,475,11,35
956,474,11,35
956,473,11,35
956,472,11,35
956,471,11,35
956,471,11,35
956,470,11,35
956,469,11,35
956,468,11,35
956,467,11,35
956,466,11,35
956,466,11,35
956,465,10,35
956,464,10,35
956,463,10,35
956,462,10,35
956,461,10,35
956,461,10,34
956,460,10,34
956,459,10,34
956,458,10,34
956,457,10,34
956,456,10,34
956,456,10,34
956,455,10,34
956,454,10,34
956,454,10,34
956,453,10,34
956,452,11,34
956,452,11,34
956,451,11,34
956,450,11,34
956,449,11,34
956,449,11,34
956,448,11,34
957,447,11,34
957,447,11,34
957,446,11,34
957,445,11,34
957,444,11,34
957,444,11,34
957,443,11,34
957,442,11,34
957,442,11,34
957,441,11,34
957,441,11,34
957,440,11,34
957,439,11,34
957,439,11,34
957,438,11,34
957,437,10,34
957,437,10,34
957,436,10,34
957,436,10,34
957,435,10,34
957,434,10,34
957,434,10,34
957,433,10,34
957,432,10,34
957,432,10,34
958,431,10,34
958,431,10,34
958,430,10,34
958,429,10,34
957,429,10,34
957,428,10,34
957,427,10,34
957,427,10,34
957,426,10,34
957,426,10,34
957,425,10,34
957,424,10,34
957,424,10,34
957,423,10,34
957,422,10,34
957,422,10,34
957,421,10,34
957,420,10,34
957,420,10,34
957,419,10,34
957,419,10,34
957,418,10,34
957,417,10,34
957,417,10,34
957,416,10,34
957,416,10,34
955,415,14,32
955,415,14,32
955,415,14,32
955,414,14,32
955,414,14,32
955,413,14,32
955,413,14,32
955,412,14,32
955,412,14,32
955,411,14,33
955,411,14,33
955,411,14,33
955,410,14,33
955,410,14,33
955,409,14,33
955,409,14,33
955,408,14,33
955,408,14,33
955,407,14,33
955,407,14,33
955,407,14,33
955,406,14,33
955,406,14,33
955,405,14,33
955,405,14,33
955,405,14,33
955,404,14,32
955,404,14,32
955,403,14,32
955,403,14,32
955,403,14,32
955,402,14,32
955,402,14,32
955,402,14,32
955,401,14,32
955,401,14,32
955,400,14,32
955,400,14,32
955,400,14,32
955,399,14,31
955,399,14,31
955,399,14,31
955,398,14,31
955,398,14,31
955,398,14,31
955,397,14,31
955,397,14,31
955,397,14,31
955,396,14,31
955,396,14,31
955,396,14,31
955,395,14,31
955,395,14,31
955,395,14,31
955,394,14,30
955,394,14,30
955,394,14,30
955,393,14,30
955,393,14,30
955,393,14,30
955,392,14,30
955,392,14,30
955,392,14,30
955,392,14,30
955,391,14,30
955,391,14,30
955,391,14,30
955,390,14,30
955,390,14,30
955,390,14,30
955,390,14,30
956,389,14,30
956,389,14,30
956,389,14,30
956,389,14,30
956,388,14,30
956,388,14,30
956,388,14,30
956,387,14,30
956,387,14,30
956,387,14,30
956,387,14,30
956,386,14,30
956,386,14,30
956,386,14,30
956,386,14,30
956,385,14,30
956,385,14,30
956,385,14,30
956,384,14,30
956,384,14,30
956,384,14,30
956,384,14,30
956,383,14,30
956,383,14,30
956,383,14,30
956,383,14,30
956,382,14,30
956,382,14,30
956,382,14,30
956,382,14,30
956,381,14,30
956,381,14,30
956,381,14,30
956,381,14,30
956,380,14,30
956,380,14,30
956,380,14,30
956,380,14,30
956,380,14,30
956,379,14,30
956,379,14,30
956,379,14,30
956,379,14,30
956,378,14,30
956,378,14,30
956,378,14,30
956,378,14,30
956,378,14,30
956,377,14,30
956,377,14,30
956,377,14,30
956,377,14,30
956,377,14,30
956,377,14,30
956,377,14,30
956,377,14,30
956,377,14,30
956,377,14,30
956,376,14,30
956,376,14,30
956,376,14,30
956,376,14,30
956,376,14,30
956,376,14,30
956,376,14,30
956,376,14,30
956,376,14,30
956,376,14,30
956,376,14,30
956,376,14,30
956,376,14,30
956,376,14,30
956,376,14,30
956,376,14,30
956,376,14,30
956,375,14,30
956,375,14,30
956,375,14,30
956,375,14,30
956,375,14,30
956,375,14,30
956,375,14,30
957,375,14,30
957,375,14,30
957,375,14,30
957,375,14,30
957,375,14,30
957,375,14,30
957,375,14,30
957,375,14,30
957,375,14,30
957,375,14,30
957,375,14,30
957,375,14,30
957,375,14,30
956,375,14,30
956,375,14,30
956,375,14,30
956,375,14,30
956,376,14,30
956,376,14,30
956,376,14,30
956,376,14,30
956,376,14,30
956,376,14,30
956,376,14,30
956,376,14,30
956,376,14,30
956,376,14,30
955,377,14,30
955,377,14,30
955,377,14,30
955,377,14,30
955,377,14,30
955,377,14,30
955,378,14,30
955,378,14,30
955,378,14,30
955,378,14,30
955,378,14,30
955,378,13,30
955,378,13,30
955,379,13,30
955,379,13,30
955,379,13,30
955,379,13,30
955,380,13,30
955,380,13,30
955,381,13,30
955,382,13,30
955,382,13,30
955,382,13,30
955,383,13,30
955,383,13,30
955,383,13,30
955,384,13,30
955,384,13,30
955,385,13,30
955,385,13,30
955,385,13,30
955,386,13,30
955,386,13,30
955,386,13,30
954,387,13,30
954,387,13,30
954,387,13,30
954,388,13,30
954,388,13,30
954,388,13,30
954,389,13,30
954,389,13,30
954,390,13,30
954,390,13,30
954,391,13,30
954,391,13,30
954,392,13,30
954,392,13,30
954,393,13,30
954,394,13,31
954,394,13,31
954,395,13,31
954,395,13,31
954,396,13,31
954,397,13,31
954,397,13,31
954,398,13,31
954,399,13,31
954,399,13,31
954,400,13,31
954,401,13,31
954,401,13,31
954,402,13,31
954,403,13,31
954,403,13,31
954,404,13,31
954,405,13,31
954,405,13,31
954,406,13,31
953,407,13,31
953,407,13,31
954,408,13,31
954,409,13,31
955,406,13,32
955,407,13,33
955,408,13,33
955,409,13,33
955,410,13,33
955,410,13,33
955,411,13,33
955,412,13,33
955,413,13,33
955,414,13,33
955,415,12,33
955,415,12,33
955,416,12,33
955,417,12,33
955,418,12,33
955,419,12,33
955,420,12,33
955,420,12,33
955,421,12,33
955,422,12,33
955,423,11,33
955,424,11,33
955,425,11,33
955,425,11,33
955,426,11,33
955,427,11,33
955,428,11,33
955,428,11,33
955,429,11,33
955,430,11,33
955,431,11,33
954,432,11,33
954,432,11,33
954,433,11,33
954,434,11,33
954,435,11,33
954,435,11,33
954,436,11,33
954,437,11,33
954,438,11,33
954,439,11,33
954,439,11,33
954,440,11,33
954,441,11,34
954,441,11,34
954,442,11,34
954,443,11,34
954,443,11,34
954,444,11,34
954,445,11,34
954,446,11,34
954,446,11,34
954,447,11,34
954,448,11,34
954,448,11,34
954,449,11,34
954,450,11,34
954,450,11,34
954,451,11,34
954,452,11,34
954,453,11,34
954,453,11,34
954,454,11,34
954,455,11,34
954,456,11,34
953,456,11,34
953,457,12,34
953,458,12,34
953,459,12,34
953,460,12,34
953,460,12,34
953,461,12,34
953,462,12,34
953,463,12,34
953,463,12,34
953,464,12,34
952,465,12,34
952,466,13,33
952,467,13,33
952,467,13,33
952,468,13,33
952,469,13,33
952,469,13,33
952,470,13,33
952,470,13,33
952,471,13,33
952,472,13,33
952,472,13,33
952,473,13,33
952,473,13,33
952,474,13,33
952,474,13,33
952,475,13,33
952,475,13,33
952,476,13,33
952,477,13,33
952,477,13,33
952,478,13,33
952,478,13,33
952,479,13,33
952,479,13,33
952,480,13,33
952,480,13,33
952,481,13,33
952,481,12,33
952,481,12,33
952,482,12,33
952,482,12,33
952,483,12,33
952,483,12,33
952,484,12,33
952,484,12,33
952,484,12,33
952,485,12,33
952,485,12,33
951,486,12,33
951,486,12,33
951,486,12,33
951,487,12,33
951,487,12,33
951,488,12,33
951,488,12,34
951,488,12,34
951,488,12,34
951,488,12,34
951,489,12,34
951,489,12,34
951,489,12,34
951,489,12,34
951,490,12,34
951,490,12,34
951,490,12,34
951,490,12,34
951,490,12,34
951,491,12,35
952,491,12,35
952,491,12,35
952,491,12,35
952,491,12,35
952,492,12,35
952,492,12,35
952,492,12,35
952,492,12,35
952,492,12,35
952,492,12,35
952,492,12,35
952,492,12,35
952,492,12,35
952,492,12,35
952,493,12,35
952,493,12,35
952,493,12,35
952,493,12,35
952,493,12,35
952,493,12,35
952,493,12,34
952,493,12,34
952,493,12,34
952,493,12,34
952,493,12,34
952,494,12,34
952,493,12,34
952,493,12,34
952,493,12,34
952,493,12,34
952,493,12,34
952,493,12,34
951,493,12,34
951,493,12,34
951,493,12,34
951,493,12,34
951,493,12,34
951,493,12,34
951,493,12,34
951,493,12,34
951,493,12,34
951,493,12,34
950,493,12,34
950,493,12,34
950,493,12,34
950,493,12,34
950,493,12,34
950,492,12,34
950,492,12,34
950,492,12,34
950,492,12,34
950,492,12,34
950,492,12,34
949,491,12,34
949,491,12,34
949,491,12,35
949,491,12,35
949,491,12,35
949,491,12,35
949,490,12,35
949,490,12,35
949,490,12,35
949,490,13,35
949,490,13,35
948,489,13,35
948,489,13,35
948,489,13,35
948,489,13,35
947,489,13,35
947,489,13,35
947,489,13,35
947,488,13,35
946,488,13,35
946,488,13,35
946,488,13,34
945,488,13,34
945,488,14,34
945,488,14,34
945,488,14,34
944,487,14,34
944,487,14,34
944,487,14,34
943,487,14,34
943,487,14,34
943,487,14,34
943,487,14,34
942,487,15,33
941,487,15,33
941,487,15,33
940,487,16,33
939,487,16,32
939,487,16,32
938,487,16,32
937,487,17,32
937,487,17,32
936,487,17,31
936,487,18,31
935,487,18,31
934,487,18,31
934,487,19,31
933,487,19,30
932,487,19,30
932,487,19,30
931,487,20,30
930,488,20,29
930,488,20,29
929,488,20,29
928,488,21,29
927,488,21,29
927,488,21,29
926,488,21,29
925,488,22,29
924,488,22,29
924,488,22,29
923,488,22,29
922,488,22,29
921,488,23,29
920,488,23,29
920,488,23,29
919,488,23,29
918,488,24,29
917,488,24,29
917,488,24,29
916,488,24,29
915,488,24,29
914,488,25,29
913,489,25,28
913,489,25,28
912,490,25,28
911,490,25,28
911,491,26,28
910,491,26,27
907,495,28,26
906,495,28,26
905,495,28,26
904,496,28,26
903,496,28,25
902,496,29,25
901,497,29,25
900,497,29,25
899,497,29,25
898,498,29,25
897,498,29,25
896,498,29,24
895,499,29,24
894,499,30,24
893,499,30,24
892,500,30,24
891,500,30,24
890,500,30,23
889,501,30,23
888,501,30,23
887,501,31,23
887,502,31,23
886,502,31,23
885,502,31,23
884,502,31,23
883,503,31,23
882,503,31,22
881,503,31,22
880,504,31,22
879,504,31,22
878,504,31,22
878,505,31,22
877,505,31,22
876,505,31,22
875,505,31,22
874,506,31,22
873,506,31,21
872,506,31,21
871,507,31,21
870,507,31,21
869,507,31,21
868,507,31,21
867,507,31,21
866,507,31,21
865,507,31,21
864,507,31,20
863,507,31,20
862,507,31,20
861,508,31,20
860,508,31,20
859,508,31,20
858,508,31,20
857,508,31,20
856,508,31,19
855,508,31,19
854,508,31,19
853,508,31,19
852,508,31,19
851,508,31,19
850,508,31,19
849,508,31,19
848,508,31,18
847,508,31,18
846,508,31,18
845,507,31,18
843,507,31,18
842,507,31,18
841,507,31,18
840,507,31,18
839,506,31,18
838,506,31,18
837,506,31,18
836,506,30,18
835,506,30,18
834,505,30,17
833,505,30,17
832,505,30,17
831,505,30,17
829,505,30,17
828,505,30,17
827,504,30,17
826,504,30,17
825,504,30,17
824,504,30,17
823,503,30,17
821,503,30,17
820,503,30,17
818,503,30,17
816,505,30,17
815,508,30,17
813,510,30,17
811,515,30,18
809,519,30,18
806,524,30,19
804,528,30,20
802,534,31,21
800,540,32,22
800,546,31,22
799,553,31,23
798,559,30,23
798,566,29,23
798,573,29,24
798,581,29,24
799,587,29,26
800,594,29,27
800,600,30,28
802,607,29,28
804,614,29,28
806,621,29,28
809,628,29,28
811,635,29,28
815,640,28,29
818,645,28,29
820,651,27,30
823,656,26,30
826,661,26,30
830,665,26,30
833,670,26,30
835,674,25,30
838,677,26,31
841,680,26,31
844,683,24,31
847,687,22,31
850,690,22,31
853,692,22,31
856,696,21,31
859,699,21,31
861,702,21,31
863,704,21,32
865,706,21,31
868,709,20,31
869,712,20,31
871,715,20,31
873,717,19,31
874,720,19,31
876,722,19,31
878,724,18,30
880,727,18,30
881,729,18,30
882,732,18,30
883,734,19,30
884,736,18,30
885,739,18,30
886,741,18,30
887,744,18,30
888,746,17,30
888,749,17,30
889,751,17,30
890,754,17,30
891,756,16,30
892,758,16,30
892,761,16,30
892,763,16,30
893,766,16,30
893,768,16,30
894,771,16,30
894,773,16,30
894,776,16,31
895,778,16,31
895,781,16,31
895,783,16,31
896,785,16,31
896,788,15,31
897,790,15,31
897,792,15,31
897,795,15,31
898,797,15,31
898,799,15,31
899,802,14,31
899,804,14,31
900,806,14,31
900,809,14,31
900,811,14,31
901,814,14,31
901,816,14,31
902,819,14,31
902,821,14,31
902,823,14,31
903,826,14,31
903,828,14,31
904,831,14,31
904,833,14,31
904,835,14,31
904,838,14,31
904,840,14,31
905,842,14,31
905,845,14,31
905,847,14,31
905,849,14,31
906,852,14,31
906,854,14,31
906,856,14,31
906,859,14,31
907,861,14,31
907,863,14,31
907,866,14,32
907,868,14,32
908,870,14,32
908,872,14,32
908,875,14,32
908,877,14,32
908,880,14,32
909,882,14,32
909,884,14,32
909,887,14,32
909,889,14,32
909,891,14,32
909,894,14,32
910,896,14,32
910,899,14,32
910,901,14,32
910,903,14,32
910,906,14,32
910,908,14,32
911,911,14,32
911,913,14,32
911,915,14,32
911,918,14,32
911,920,14,32
911,923,14,32
912,925,14,32
912,927,14,32
912,930,14,32
912,932,14,33
912,934,14,33
912,937,14,33
912,939,14,33
913,941,14,33
913,944,14,33
913,946,14,33
913,948,14,33
913,951,14,33
913,953,14,33
913,955,14,34
914,958,14,34
914,960,14,34
914,962,14,34
914,965,14,34
914,967,14,34