275,143,175,336
279,143,175,335
283,143,175,335
287,143,174,335
290,144,174,334
294,144,174,334
298,144,173,333
302,144,173,333
306,145,173,332
309,145,172,332
313,145,172,331
317,145,171,331
321,146,171,330
325,146,171,330
328,146,170,329
332,146,170,329
336,147,170,328
340,147,169,328
343,147,169,328
347,147,168,327
351,147,168,327
355,148,168,326
359,148,167,326
362,148,167,325
366,148,167,325
370,149,166,324
374,149,166,324
378,149,165,323
381,149,165,323
385,150,165,322
389,150,164,322
393,150,164,321
397,150,164,321
400,151,163,320
404,151,163,320
408,151,163,320
412,151,162,319
416,151,162,319
419,152,161,318
423,152,161,318
427,152,161,317
431,152,160,317
434,153,160,316
438,153,160,316
442,153,159,315
446,153,159,315
450,154,158,314
452,154,157,313
455,154,155,312
458,155,154,311
461,155,152,310
464,156,150,309
467,156,149,308
469,156,147,307
472,157,146,305
475,157,144,304
478,157,142,303
481,158,141,302
484,158,139,301
486,159,138,300
489,159,136,299
492,159,134,298
495,160,133,297
498,160,131,295
501,161,130,294
503,161,128,293
506,161,126,292
509,162,125,291
512,162,123,290
515,162,121,289
518,163,120,288
520,163,117,286
523,164,114,285
526,164,111,284
529,164,108,283
532,165,105,282
535,165,102,281
537,166,99,280
540,166,96,279
543,166,93,278
546,167,90,276
549,167,87,275
552,167,84,274
553,168,83,274
555,168,81,274
557,168,79,273
559,168,77,273
561,168,75,273
562,168,73,272
564,168,72,272
566,168,70,272
568,168,68,271
570,168,66,271
571,168,64,271
573,168,63,270
575,168,61,270
577,169,59,270
579,169,57,270
581,169,55,269
582,169,54,269
584,169,52,269
586,169,50,268
588,169,48,268
590,169,46,268
591,169,44,267
593,169,43,267
595,169,41,267
597,169,39,266
599,169,37,266
601,170,35,266
602,170,34,266
602,170,34,265
602,170,33,265
602,170,33,264
602,170,33,264
602,170,33,263
603,170,33,263
603,171,33,262
603,171,33,262
603,171,33,261
603,171,33,261
603,171,33,260
603,171,33,260
603,172,33,259
603,172,33,259
603,172,33,258
603,172,33,258
603,172,33,258
603,172,33,257
603,172,33,257
603,173,33,256
603,173,33,256
603,173,33,255
603,173,33,255
603,173,33,254
603,173,33,254
603,173,33,253
603,174,33,253
603,174,33,252
603,174,33,252
603,174,33,251
603,174,33,251
603,174,33,251
603,174,33,250
603,175,33,250
603,175,33,249
603,175,33,249
603,175,33,248
603,175,33,248
603,175,33,247
603,175,33,247
603,176,33,246
603,176,33,246
603,176,33,245
603,176,33,245
603,176,33,244
603,176,33,244
603,177,33,243
603,177,32,243
603,177,32,243
603,177,32,242
603,177,32,242
604,177,32,241
604,177,32,241
604,178,32,240
604,178,32,240
604,178,32,239
604,178,32,239
604,178,32,238
604,178,32,238
604,178,32,237
604,179,32,237
604,179,32,236
604,179,32,236
604,179,32,236
604,179,32,235
604,179,32,235
604,179,32,234
604,180,32,234
604,180,32,233
604,180,32,233
604,180,32,232
604,180,32,232
604,180,32,231
604,180,32,231
604,181,32,230
604,181,32,230
604,181,32,229
604,181,32,229
604,181,32,228
604,181,32,228
604,182,32,228
604,182,32,227
604,182,32,227
604,182,32,226
604,182,32,226
604,182,32,225
604,182,32,225
604,183,32,224
604,183,32,224
604,183,32,223
604,183,32,223
604,183,32,222
604,183,32,222
604,183,31,221
604,184,31,221
604,184,31,221
604,184,31,220
605,184,31,220
605,184,31,219
605,184,31,219
605,184,31,218
605,185,31,218
605,185,31,217
605,185,31,217
605,185,31,216
605,185,31,216
605,185,31,215
605,185,31,215
605,186,31,214
605,186,31,214
605,186,31,213
605,186,31,213
605,186,31,213
605,186,31,212
605,187,31,212
605,187,31,211
605,187,31,211
605,187,31,210
605,187,31,210
605,187,31,209
605,187,31,209
605,188,31,208
605,188,31,208
605,188,31,207
605,188,31,207
605,188,31,206
605,188,31,206
605,188,31,206
605,189,31,205
605,189,31,205
605,189,31,204
605,189,31,204
605,189,31,203
605,189,31,203
605,189,31,202
605,190,31,202
605,190,31,201
605,190,31,201
605,190,31,200
605,190,30,200
605,190,30,199
605,190,30,199
605,191,30,198
606,191,30,198
606,191,30,198
606,191,30,197
606,191,30,197
606,191,30,196
606,192,30,196
606,192,30,195
606,192,30,195
606,192,30,194
606,192,30,194
606,192,30,193
606,192,30,193
606,193,30,192
606,193,30,192
606,193,30,191
606,193,30,191
606,193,30,191
606,193,30,190
606,193,30,190
606,194,30,189
606,194,30,189
606,194,30,188
606,194,30,188
606,194,30,187
606,194,30,187
606,194,30,186
606,195,30,186
606,195,30,185
606,195,30,185
606,195,30,184
606,195,30,184
606,195,30,184
606,196,30,183
606,196,30,183
606,196,30,182
606,196,30,182
606,196,30,181
606,196,30,181
606,196,30,180
606,197,30,180
606,197,30,179
606,197,30,179
606,197,29,178
606,197,29,178
606,197,29,177
606,197,29,177
607,198,29,176
607,198,29,176
607,198,29,176
607,198,29,175
607,198,29,175
607,198,29,174
607,198,29,174
607,199,29,173
607,199,29,173
607,199,29,172
607,199,29,172
607,199,29,171
607,199,29,171
607,199,29,170
607,200,29,170
607,200,29,169
607,200,29,169
607,200,29,169
607,200,29,168
607,200,29,168
607,201,29,167
607,201,29,167
607,201,29,166
607,201,29,166
607,201,29,165
607,201,29,165
607,201,29,164
607,202,29,164
607,202,29,163
607,202,29,163
607,202,29,162
607,202,29,162
607,202,29,161
607,202,29,161
607,203,29,161
607,203,29,160
607,203,29,160
607,203,29,159
607,203,29,159
607,203,29,158
607,203,29,158
607,204,29,157
607,204,28,157
607,204,28,156
607,204,28,156
607,204,28,155
608,204,28,155
608,204,28,154
608,205,28,154
608,205,28,154
608,205,28,153
608,205,28,153
608,205,28,152
608,205,28,152
608,206,28,151
608,206,28,151
608,206,28,150
608,206,28,150
608,206,28,149
608,206,28,149
608,206,28,148
608,207,28,148
608,207,28,147
608,207,28,147
608,207,28,146
608,207,28,146
608,207,28,146
608,207,28,145
608,208,28,145
608,208,28,144
608,208,28,144
608,208,28,143
608,208,28,143
608,208,28,142
608,208,28,142
608,209,28,141
608,209,28,141
608,209,28,140
608,209,28,140
608,209,28,139
608,209,28,139
608,209,28,139
608,210,28,138
608,210,28,138
608,210,28,137
608,210,28,137
608,210,28,136
608,210,28,136
608,211,27,135
608,211,27,135
608,211,27,134
608,211,27,134
609,211,27,133
609,211,27,133
609,211,27,132
609,212,27,132
606,212,30,132
603,212,33,131
600,212,36,132
597,213,39,133
594,213,42,134
604,208,32,144
604,210,32,144
604,212,32,144
604,214,32,145
603,214,32,144
602,214,32,143
602,214,32,142
601,214,33,142
600,214,33,141
599,215,33,140
598,215,33,140
598,215,33,139
597,215,33,138
596,215,34,137
595,215,34,137
594,215,34,136
594,216,34,135
593,216,34,135
592,216,34,134
591,216,35,133
590,216,35,132
590,216,35,132
589,216,35,131
588,217,35,130
587,217,35,130
586,217,36,129
586,217,36,128
585,217,36,127
584,217,36,127
583,217,36,126
582,217,36,125
582,218,37,125
581,218,37,124
580,218,37,123
579,218,37,122
578,218,37,122
578,218,37,121
577,218,38,120
576,219,38,120
575,219,38,119
574,219,38,118
574,219,38,117
573,219,38,117
572,219,39,116
571,219,39,115
570,220,39,114
570,220,39,114
569,220,39,113
568,220,39,112
567,220,40,112
566,220,40,111
566,220,40,110
565,221,40,109
564,221,40,109
563,221,40,108
562,221,41,107
562,221,41,107
561,221,41,106
560,221,41,105
559,221,41,104
557,221,42,105
556,221,42,105
554,220,43,105
552,220,43,105
551,220,43,106
549,219,44,106
547,219,44,106
545,219,45,107
544,218,45,107
542,218,46,107
540,218,46,107
538,217,47,108
537,216,48,109
535,214,49,111
533,212,49,112
531,211,50,114
531,212,50,112
530,214,50,110
530,214,50,110
529,214,50,110
528,214,50,110
528,214,50,109
527,215,50,109
526,215,50,109
526,215,50,109
525,215,50,109
525,215,50,108
524,215,50,108
523,215,50,108
523,215,49,108
522,215,49,108
521,215,49,108
521,215,49,107
520,216,49,107
520,216,49,107
519,216,49,107
518,216,49,107
518,216,49,106
517,216,49,106
516,216,49,106
516,216,49,106
515,216,49,106
515,216,49,106
514,216,48,105
513,217,48,105
513,217,48,105
512,217,48,105
512,217,48,105
511,217,48,104
510,217,48,104
510,217,48,104
509,217,48,104
508,217,48,104
508,217,48,103
507,217,48,103
507,217,48,103
506,218,48,103
505,218,47,103
505,218,47,103
504,218,47,102
503,218,47,102
503,218,47,102
502,218,47,102
502,218,47,102
501,218,47,101
500,218,47,101
500,218,47,101
499,219,47,101
498,219,47,101
498,219,47,100
497,219,47,100
497,219,47,100
496,219,46,100
495,219,46,100
495,219,46,100
494,219,46,99
493,219,46,99
493,219,46,100
492,218,46,101
491,218,47,102
490,217,47,103
489,217,47,103
488,216,47,104
488,216,47,105
487,215,47,106
486,216,47,105
485,216,47,104
484,217,47,103
483,217,47,102
482,217,47,101
481,218,47,100
480,218,47,99
479,219,47,98
478,219,48,97
476,219,48,96
475,220,48,94
475,220,48,94
475,220,47,94
474,220,47,94
474,220,47,93
473,220,47,93
473,220,47,93
473,220,47,93
472,220,47,92
471,220,48,92
471,220,49,92
470,220,50,92
469,220,52,92
468,220,53,92
468,220,52,93
468,219,50,95
467,219,49,96
467,218,48,97
467,217,47,98
467,217,46,100
466,218,46,99
465,218,47,97
464,219,47,96
463,220,47,95
462,221,48,94
461,221,48,93
460,222,48,92
460,222,48,92
460,222,48,91
459,222,48,91
459,222,47,90
458,222,47,90
458,222,47,89
457,222,47,89
457,222,47,88
456,222,47,88
456,222,47,87
456,222,46,87
455,222,46,87
455,223,46,86
454,223,46,86
454,223,46,85
453,223,46,85
453,223,46,95
452,223,46,95
452,223,46,95
451,223,46,95
451,223,46,94
450,223,46,94
450,223,46,94
449,223,46,94
449,223,46,93
449,223,46,93
448,223,46,93
448,223,46,93
447,223,46,93
447,223,46,92
446,223,46,92
446,223,46,92
445,223,46,92
445,223,46,92
444,223,46,91
444,223,46,91
443,223,46,91
443,223,46,91
442,223,46,91
442,223,46,90
442,223,46,90
441,223,46,90
441,223,46,90
440,223,46,89
440,223,46,89
439,223,46,89
439,223,46,89
438,223,46,89
438,223,46,88
437,223,46,88
437,223,46,88
436,223,46,88
436,223,46,88
435,223,46,87
435,224,46,87
434,224,46,87
434,224,46,87
434,224,46,87
433,224,46,86
433,224,46,86
432,224,46,86
432,224,46,86
431,224,46,85
431,224,46,85
430,224,46,85
430,224,46,85
429,224,46,85
429,224,46,84
428,224,46,84
428,224,46,84
427,224,46,84
427,224,46,84
427,224,46,83
426,224,46,83
426,224,46,83
425,224,46,83
425,224,46,82
424,224,46,82
424,224,46,82
423,224,46,82
423,224,46,82
422,224,46,81
422,220,46,87
423,224,44,81
423,224,44,81
423,224,44,81
422,224,43,81
422,224,43,81
422,224,43,81
421,224,43,82
421,224,42,82
421,224,42,82
420,224,42,82
420,224,42,82
420,224,41,82
420,224,41,82
419,224,41,82
419,224,40,82
419,224,40,82
418,224,40,82
418,224,40,82
418,224,39,82
417,224,39,82
417,224,39,82
417,224,39,82
416,224,38,82
416,224,38,82
416,224,38,82
416,224,37,80
416,225,37,78
416,226,37,76
416,226,37,76
416,226,37,76
416,226,37,76
416,226,38,76
416,226,38,75
415,226,38,75
415,226,38,75
415,226,38,75
415,226,38,75
415,226,38,74
415,226,38,74
415,226,38,74
414,226,38,74
414,226,39,74
414,226,39,73
414,225,39,76
414,225,39,78
414,224,39,81
413,224,39,83
412,224,40,83
410,224,41,82
408,224,42,82
409,224,41,81
409,225,40,80
410,225,40,79
411,226,39,78
412,226,38,77
412,227,37,76
413,227,37,75
413,227,37,75
413,227,37,75
413,227,36,75
413,227,36,76
413,226,36,76
413,226,36,76
413,226,36,77
414,226,36,77
413,226,36,76
413,225,36,74
413,225,36,76
413,225,36,77
413,225,36,78
413,225,36,79
413,225,36,80
413,225,37,81
412,225,37,80
412,225,37,80
411,225,38,79
411,225,38,78
410,225,38,77
410,226,39,76
409,226,39,75
410,226,39,75
410,226,38,75
411,225,37,75
411,225,37,75
412,225,36,75
412,225,35,75
413,225,35,75
413,225,34,75
413,228,34,72
413,227,34,73
414,227,34,73
414,226,34,73
414,226,34,74
414,226,34,74
414,226,34,74
414,226,35,74
414,226,35,74
414,226,35,74
414,226,35,74
414,227,35,74
415,227,35,74
415,227,35,74
415,227,35,74
415,227,35,74
415,227,35,74
415,227,35,74
415,227,35,74
415,228,35,74
415,228,35,74
415,228,35,74
416,228,35,74
416,228,35,74
416,228,35,74
416,228,35,74
416,228,35,74
415,228,37,74
415,227,38,74
415,227,37,74
416,227,36,75
416,227,35,75
417,228,35,75
418,228,34,75
417,227,35,75
417,227,36,75
417,226,37,75
418,227,37,75
418,227,37,75
418,227,36,75
419,227,34,71
419,227,34,70
420,227,34,70
420,227,33,70
420,227,33,69
421,227,33,69
421,227,33,68
422,227,33,68
422,227,33,67
423,227,33,67
423,227,33,66
423,227,33,66
424,227,33,65
424,227,32,65
425,227,32,64
425,227,32,64
426,227,32,63
425,227,33,63
425,227,34,62
424,228,34,62
423,228,35,61
423,227,36,62
423,226,36,64
423,225,37,65
423,224,37,67
423,222,38,69
423,220,40,70
424,223,38,67
424,225,37,65
424,227,36,64
424,227,36,63
425,227,36,63
425,227,36,63
425,227,36,63
425,227,35,63
425,227,35,63
425,227,35,63
425,227,35,63
425,227,35,63
425,227,35,62
425,227,35,62
425,227,35,62
425,227,35,62
425,227,35,62
425,227,34,62
425,227,34,62
425,227,34,62
425,227,34,62
425,227,34,61
425,227,34,61
425,227,34,61
425,227,34,61
425,227,34,61
425,227,34,61
425,227,34,61
425,227,33,61
424,227,33,61
424,227,33,60
424,228,33,60
424,228,33,60
424,228,33,60
424,228,33,60
424,228,33,60
424,228,33,60
424,228,33,60
423,228,32,60
423,228,32,60
423,228,32,59
423,228,32,59
423,229,32,59
423,229,32,59
423,229,32,59
423,229,32,59
423,229,32,59
423,229,32,59
422,229,32,59
422,229,31,58
422,229,31,58
422,229,31,58
421,228,35,62
420,226,38,66
418,225,41,70
418,225,40,69
418,225,40,69
418,226,39,69
418,226,39,69
418,226,38,69
418,226,37,69
417,226,37,68
417,227,36,68
417,227,36,68
417,227,36,68
417,227,35,67
416,227,35,67
416,227,35,66
416,228,35,66
416,228,34,65
415,228,34,65
415,228,34,64
415,228,34,64
415,228,33,63
414,228,33,63
414,228,33,62
414,229,33,62
413,229,32,61
413,229,32,61
413,229,32,60
413,229,32,60
412,229,32,60
412,229,32,60
412,229,32,60
412,229,32,60
411,229,32,59
411,229,32,59
411,229,32,59
410,229,32,59
410,229,32,59
410,229,31,58
410,229,31,58
409,229,31,58
409,229,31,58
409,229,31,58
409,229,31,57
408,229,31,57
408,229,31,57
408,229,31,57
408,229,31,57
407,229,31,57
407,229,31,56
407,229,31,56
406,229,31,56
406,229,31,56
406,229,31,56
406,229,30,56
405,229,30,56
405,229,30,56
405,229,30,56
405,229,30,56
404,229,30,56
404,229,30,56
404,229,30,55
403,229,30,55
403,229,30,55
403,230,30,55
403,230,30,55
402,230,30,55
402,230,30,55
402,230,30,55
402,230,30,55
401,230,29,55
401,230,29,55
401,230,29,55
401,230,29,54
400,230,29,54
400,230,29,54
400,230,29,54
399,230,29,54
399,230,29,54
399,230,29,54
399,230,29,54
398,230,29,54
398,230,29,54
398,230,29,54
398,231,29,54
397,231,29,53
397,231,28,53
397,231,28,53
396,231,28,53
396,231,28,53
396,231,28,53
396,231,28,53
395,231,28,53
395,231,28,53
395,231,28,53
395,231,28,53
394,231,28,53
394,231,28,52
394,231,28,52
394,231,28,52
393,231,28,53
393,231,28,54
393,231,28,54
392,231,28,55
392,232,28,56
392,232,28,56
391,232,28,55
391,232,28,55
391,232,28,55
390,232,28,54
390,232,28,54
390,232,28,54
389,232,28,54
389,232,28,53
389,232,28,53
388,232,28,53
388,232,28,53
388,232,28,52
387,232,27,52
387,232,27,52
387,232,27,51
386,232,27,51
