166,228,22,40
167,228,22,40
168,228,22,40
169,227,22,40
170,227,22,40
172,227,22,40
173,227,22,40
174,227,22,40
175,227,22,40
176,227,22,40
177,227,22,40
178,227,22,40
179,227,22,40
180,227,22,40
181,227,22,40
183,227,22,40
183,227,22,40
184,227,22,40
185,227,22,40
186,227,22,40
187,227,22,40
187,227,22,40
188,227,22,40
189,227,22,40
190,227,22,40
191,227,22,40
192,227,22,40
192,227,22,40
193,227,22,40
194,227,22,40
195,227,22,40
196,227,22,40
196,227,22,40
197,227,22,40
198,226,22,40
199,226,22,40
200,226,22,40
201,226,22,40
201,226,22,40
202,226,22,40
203,226,22,40
204,226,22,40
205,226,22,40
205,226,22,40
206,226,22,40
207,226,22,40
208,226,22,40
209,226,22,40
209,226,22,40
210,226,22,40
211,226,22,40
212,226,22,40
213,226,22,40
213,226,22,40
214,226,22,40
215,226,22,40
215,226,22,40
216,226,22,40
217,226,22,40
218,226,22,40
218,226,22,40
219,226,22,40
220,226,22,40
221,226,22,40
221,226,22,40
222,226,22,40
223,226,22,40
223,226,22,40
224,226,22,40
225,226,22,40
226,226,22,40
227,226,22,40
228,226,22,40
229,226,22,40
230,226,22,40
231,226,22,40
232,226,22,40
233,226,22,40
234,225,22,40
235,225,22,40
236,225,22,40
236,225,22,40
237,225,22,40
238,225,22,40
239,226,22,40
240,226,22,40
240,226,22,40
241,226,22,40
242,226,22,40
243,226,22,40
243,226,22,40
244,226,22,40
245,226,22,40
246,226,22,40
246,226,22,40
247,227,22,40
248,227,22,40
249,227,22,40
251,227,22,40
252,227,22,40
253,227,22,40
254,227,22,40
255,227,22,40
256,227,22,40
258,227,22,40
259,227,22,40
260,227,22,40
261,227,22,40
262,227,22,40
263,227,22,40
264,227,22,40
265,227,22,40
266,227,22,40
266,227,22,40
267,227,22,40
268,227,22,40
269,227,22,40
270,227,22,40
270,227,22,40
271,227,22,40
272,227,22,40
273,227,22,40
274,227,22,40
274,227,22,40
275,227,22,40
276,227,22,40
277,227,22,40
278,227,22,40
279,227,22,40
279,227,22,40
280,227,22,40
281,227,22,40
282,227,22,40
283,227,22,40
284,227,22,40
285,227,22,40
285,227,22,40
286,227,22,40
287,227,22,40
288,227,22,40
289,227,22,40
290,227,22,40
291,227,22,40
292,227,22,40
293,227,22,40
294,227,22,40
295,227,22,40
296,227,22,40
298,227,22,40
299,227,22,40
300,227,22,40
301,227,22,40
302,227,22,40
303,227,22,40
304,227,22,40
305,227,22,40
306,227,22,40
308,227,22,40
309,226,22,40
309,226,22,40
310,226,22,40
311,226,22,40
312,226,22,40
313,226,22,40
314,225,22,40
315,225,22,40
316,225,22,40
317,225,22,40
318,225,22,40
319,225,22,40
320,225,22,40
321,225,22,40
322,225,22,40
323,225,22,40
324,225,22,40
325,225,22,40
326,225,22,40
327,225,22,40
328,225,22,40
329,225,22,40
330,225,22,40
331,225,22,40
332,225,22,40
333,225,22,40
334,224,22,40
335,224,22,40
336,224,22,40
337,224,22,40
338,224,22,40
339,224,22,40
340,224,22,40
341,224,22,40
342,224,22,40
343,224,22,39
345,224,21,37
346,224,21,36
347,224,21,34
349,224,21,33
350,224,20,31
351,223,20,30
353,223,20,28
354,223,19,27
355,223,19,25
357,223,19,25
358,223,19,25
359,223,19,25
360,223,19,25
361,223,19,25
363,223,19,25
364,223,19,25
365,223,19,25
366,223,19,25
367,223,19,25
369,223,19,25
370,223,19,25
371,223,19,25
373,223,19,25
374,223,19,25
375,223,19,25
376,223,19,25
378,223,19,25
379,223,19,25
380,223,19,25
381,223,19,25
382,223,19,25
383,223,19,25
384,223,19,25
385,223,19,25
386,223,19,25
387,223,19,25
388,223,19,25
389,223,19,25
391,223,19,25
392,223,19,25
393,223,19,25
394,223,19,25
395,223,19,25
396,223,19,25
397,223,19,25
398,223,19,25
399,223,19,25
400,223,19,25
401,223,19,25
402,223,18,25
403,223,18,25
404,223,18,25
405,223,18,25
406,223,18,25
408,223,18,25
409,223,18,25
410,223,18,25
411,223,18,25
412,223,18,25
413,223,18,25
414,223,18,25
415,223,18,25
417,223,18,25
418,223,18,25
419,223,18,25
421,223,18,25
422,223,18,25
423,223,18,25
424,223,18,25
426,223,18,25
427,223,18,25
428,223,18,25
429,223,18,25
430,223,18,25
432,223,18,25
433,223,18,25
434,223,18,25
435,223,18,25
436,223,18,25
438,223,18,25
439,223,18,25
440,223,18,25
441,223,18,25
442,223,18,25
443,223,18,25
444,223,18,25
445,223,18,25
446,223,18,25
447,223,18,25
448,222,18,25
449,222,18,25
450,222,18,25
451,222,18,25
452,222,18,25
453,222,18,25
454,222,18,25
455,222,18,25
456,222,18,25
457,222,18,25
458,222,18,25
459,222,18,25
460,222,18,25
462,222,18,25
463,222,18,25
464,222,18,25
465,222,18,25
466,222,18,25
467,222,18,25
468,222,18,25
470,222,18,25
471,222,18,25
472,222,18,25
473,222,18,25
474,222,18,25
475,222,18,25
476,222,18,25
477,222,18,25
478,222,18,25
479,222,18,25
480,222,18,25
481,222,18,25
482,222,18,25
484,222,18,25
484,222,18,25
485,222,18,25
486,222,18,25
487,222,18,25
488,222,18,25
489,222,18,25
490,222,18,25
491,222,18,25
492,222,18,25
493,222,18,25
494,222,18,25
495,222,18,25
496,222,18,25
497,222,18,25
498,222,18,25
499,222,18,25
500,222,18,25
501,222,18,25
502,222,18,25
503,222,18,25
505,222,18,25
506,222,18,25
507,222,18,25
508,221,18,25
509,221,18,25
510,221,18,25
511,221,18,25
512,221,18,25
513,221,18,25
514,221,18,25
515,221,18,25
516,221,18,25
517,221,18,25
518,221,18,25
519,221,18,25
520,221,18,25
521,221,18,25
522,221,18,25
523,221,18,25
525,221,18,25
526,221,18,25
527,221,18,25
528,221,18,25
529,221,18,25
530,221,18,25
531,221,18,25
532,221,18,25
533,221,18,25
534,221,18,25
535,220,18,25
536,220,18,25
537,220,18,25
538,220,18,25
539,220,18,25
540,220,18,25
541,220,18,25
541,220,18,25
542,220,18,25
543,221,18,25
544,221,18,25
545,221,18,25
546,221,18,25
547,221,18,25
548,221,18,25
549,221,18,25
550,221,18,25
551,221,18,25
552,221,18,25
553,221,18,25
554,221,18,25
555,221,18,25
556,221,18,25
558,221,18,25
559,221,18,25
560,221,18,25
561,221,18,25
562,221,18,25
563,221,18,25
565,221,18,25
566,221,18,25
567,221,18,25
568,221,18,25
569,221,18,25
571,221,18,25
572,221,18,25
573,221,18,25
574,221,18,25
576,221,18,25
577,221,18,25
578,221,18,25
578,221,18,25
579,221,18,25
580,221,18,25
580,221,18,25
581,221,18,25
582,221,18,25
582,221,18,25
583,221,18,25
584,221,18,25
584,221,18,25
585,221,18,25
586,221,18,25
587,222,18,25
588,222,18,25
589,222,18,25
590,222,18,25
591,222,18,25
592,222,18,25
593,222,18,25
594,222,18,25
595,223,18,25
596,223,18,25
597,223,18,25
598,223,18,25
599,223,18,25
600,223,18,25
601,223,18,25
602,223,18,25
602,223,18,25
603,223,18,25
604,223,18,25
605,223,18,25
606,223,18,25
607,223,18,25
608,223,18,25
609,223,18,25
610,223,18,25
610,223,18,25
611,223,18,25
612,223,18,25
613,223,18,25
614,223,18,25
615,222,18,25
616,222,18,25
617,222,18,25
618,222,18,25
619,222,18,25
