456,209,35,83
455,209,35,83
455,209,35,83
454,209,35,83
454,208,35,83
453,208,35,83
452,208,35,83
452,208,35,83
451,208,35,83
451,208,35,83
450,208,35,83
450,208,35,83
450,208,35,83
449,208,35,83
449,208,35,83
448,208,35,83
448,208,35,83
447,208,35,83
447,208,35,83
447,208,35,83
446,208,35,83
445,208,35,83
445,208,35,83
444,208,35,83
443,208,35,83
443,208,35,83
442,208,35,83
442,208,35,83
441,208,35,83
440,208,35,83
440,208,34,82
440,208,33,81
439,208,32,81
439,208,32,80
438,208,31,79
438,209,30,78
438,209,29,77
437,209,28,77
437,209,27,76
437,209,27,75
436,209,27,75
436,209,27,75
436,210,27,75
436,210,27,75
436,210,27,75
436,210,27,75
435,210,27,75
435,210,27,75
435,211,27,75
435,211,27,75
434,211,27,75
434,211,27,74
433,211,27,73
433,211,27,73
432,211,27,72
432,211,27,71
431,211,27,71
431,211,27,70
430,211,27,70
430,211,27,69
429,211,27,69
429,211,27,69
429,211,27,69
429,211,27,69
428,211,27,69
428,211,27,69
428,211,27,69
428,211,27,69
428,211,27,69
427,211,27,69
427,211,27,69
426,211,27,69
426,211,27,69
425,211,27,69
425,211,27,69
424,211,27,69
424,211,27,69
424,211,27,69
423,211,27,69
423,211,27,69
422,211,27,69
421,211,27,69
420,211,27,69
420,211,27,69
419,211,27,69
418,211,27,69
417,211,27,69
416,211,27,69
416,211,27,69
415,211,27,69
414,211,27,69
414,211,27,69
413,211,27,69
413,211,27,69
412,211,27,69
412,211,27,69
411,211,27,69
411,211,27,69
410,211,27,69
410,211,27,69
409,211,27,69
408,211,27,69
408,211,27,69
407,211,27,69
407,211,27,69
406,211,27,69
406,211,27,69
405,211,27,69
405,211,27,69
404,211,27,69
404,211,27,69
404,211,27,69
404,211,27,69
403,211,27,69
403,211,27,69
403,211,27,69
403,211,27,69
403,211,27,69
403,211,27,69
402,211,27,69
402,211,27,69
402,212,26,68
401,212,26,67
400,213,25,66
400,214,25,65
399,214,25,64
399,215,24,63
398,216,24,61
397,216,23,60
397,217,23,59
396,217,23,59
396,217,23,59
396,217,23,59
395,217,23,59
395,217,23,59
394,217,23,59
394,217,23,59
393,217,23,59
393,217,23,59
393,216,23,59
392,216,23,59
391,216,23,59
391,216,23,59
390,216,23,59
389,216,23,59
389,216,23,59
388,216,23,59
387,216,23,59
387,216,23,59
386,216,23,59
385,216,23,59
385,216,23,59
384,216,23,59
384,216,23,59
383,216,23,59
383,216,23,59
382,216,23,59
382,216,23,59
381,216,23,59
381,216,23,59
380,216,23,59
380,216,23,59
379,216,23,59
379,216,23,59
379,216,23,59
378,216,23,59
378,216,23,59
377,216,23,59
377,216,23,59
377,216,23,59
376,217,23,59
376,217,23,59
375,217,23,59
375,217,23,59
374,217,23,59
374,217,23,59
373,217,23,59
373,217,23,59
373,217,23,59
372,217,23,59
372,217,23,59
371,217,23,59
371,217,23,59
370,217,23,59
370,217,23,59
370,217,23,59
369,216,23,59
369,216,23,59
368,216,23,59
368,216,23,59
368,216,23,59
367,216,23,59
367,216,23,59
366,216,23,59
366,216,23,59
366,216,23,59
365,217,22,58
365,217,22,58
365,217,22,57
364,217,21,57
364,217,21,57
363,217,21,57
363,217,21,57
363,217,21,57
362,217,21,57
362,217,21,57
361,217,21,57
361,217,21,57
360,217,21,57
360,217,21,57
359,217,21,57
359,217,21,57
359,217,21,57
358,217,21,57
358,217,21,57
358,217,21,57
357,217,21,57
357,217,21,57
357,217,21,57
356,217,21,57
356,217,21,57
356,217,21,57
356,217,21,57
355,217,21,57
355,217,21,57
355,217,21,57
355,217,21,57
354,217,21,57
354,217,21,57
354,217,21,57
354,217,21,57
353,217,21,57
353,217,21,57
353,217,21,57
353,217,21,57
352,217,21,57
352,217,21,57
352,217,21,57
352,217,21,57
351,217,21,57
351,217,21,57
351,217,21,57
350,217,21,57
350,217,21,57
350,217,21,57
350,217,21,57
349,218,21,57
349,218,21,56
349,218,21,56
349,218,21,56
348,219,21,56
348,219,21,55
348,219,20,55
348,219,20,55
348,219,20,55
347,219,20,55
347,219,20,55
347,219,20,55
347,219,20,55
346,219,20,55
346,219,20,55
346,219,20,55
346,219,20,55
346,219,20,55
345,219,20,55
345,219,20,55
345,219,20,55
345,219,20,55
344,219,20,55
344,219,20,55
344,219,20,55
344,219,20,55
344,219,20,55
343,219,20,55
343,219,20,55
343,219,20,55
343,219,20,55
342,219,20,55
342,219,20,55
342,219,20,55
342,219,20,55
341,219,20,55
341,219,20,55
341,219,20,55
341,219,20,55
341,219,20,55
340,219,20,55
340,219,20,55
340,219,20,55
340,219,20,55
339,219,20,55
339,219,20,55
339,219,20,55
339,219,20,55
339,219,20,55
338,218,20,55
338,218,20,55
338,218,20,55
338,218,20,55
337,218,20,55
337,218,20,55
337,218,20,55
337,218,20,55
337,218,19,55
336,218,19,54
336,218,19,54
336,218,18,54
336,218,18,53
336,218,17,53
336,218,17,53
335,218,17,53
335,218,17,53
335,218,17,53
334,218,17,53
334,218,17,53
334,218,17,53
334,218,17,53
333,218,17,53
333,218,17,53
333,218,17,53
333,218,17,53
332,218,17,53
332,218,17,53
332,218,17,53
332,218,17,53
332,218,17,53
331,218,17,53
331,218,17,53
331,218,17,53
331,218,17,53
331,218,17,53
331,219,17,53
331,219,17,53
331,219,17,52
331,219,17,52
331,219,17,52
331,219,17,52
331,219,17,52
331,219,17,52
330,219,17,52
330,219,17,52
330,219,17,52
330,219,17,52
330,219,17,52
330,220,17,52
330,220,17,52
330,220,17,52
330,220,17,52
330,220,17,52
330,220,17,52
331,220,17,52
331,220,17,52
331,220,17,52
331,220,17,52
331,220,17,52
331,220,17,52
331,220,17,52
331,220,17,52
331,220,17,52
331,220,17,52
331,220,17,52
332,220,17,52
332,220,17,52
332,220,17,52
332,220,17,52
332,220,17,52
332,220,17,52
332,220,17,52
332,220,17,52
332,220,17,52
332,220,17,52
332,220,17,52
333,220,17,52
333,220,17,52
333,220,17,52
333,220,17,52
333,220,17,52
333,220,17,52
333,220,17,52
333,220,17,52
333,220,17,52
333,220,17,52
333,220,17,52
334,220,17,52
334,220,17,52
334,220,17,52
334,220,17,52
334,220,17,52
334,220,17,52
335,220,17,52
335,220,17,52
335,220,17,52
335,220,17,52
335,220,17,52
335,220,17,52
336,220,17,52
336,220,17,52
336,220,17,52
337,220,17,52
337,220,17,52
337,220,17,52
337,220,17,52
338,220,17,52
338,220,17,52
338,220,17,52
338,220,17,52
339,220,17,52
339,220,17,52
339,220,17,52
339,220,17,52
340,220,17,52
340,220,17,52
340,220,17,52
340,220,17,52
341,220,17,52
341,220,17,52
341,220,17,52
341,220,17,52
342,220,17,52
342,220,17,52
342,220,17,52
343,220,17,52
343,220,17,52
344,220,17,52
344,220,17,52
345,220,17,52
345,220,17,52
346,220,17,52
346,220,17,52
346,220,17,52
347,220,17,52
347,220,17,52
348,220,17,52
348,219,17,52
349,219,17,52
349,219,17,52
349,219,17,52
350,219,17,52
350,219,17,52
351,219,17,52
351,219,17,52
352,219,17,52
352,219,17,52
353,219,17,52
353,219,17,52
353,219,17,52
354,219,17,52
354,219,17,52
355,219,17,52
355,219,17,52
356,219,17,52
356,219,17,52
357,219,17,52
357,219,17,52
357,219,17,52
358,219,17,52
359,219,17,52
359,220,17,52
360,220,17,52
360,220,17,52
360,220,17,52
361,220,17,52
361,220,17,52
362,220,17,52
362,220,17,52
362,220,17,52
363,220,17,52
363,220,17,52
363,220,17,52
364,220,17,52
364,220,17,52
365,220,17,52
366,220,17,52
366,221,17,52
367,221,17,52
368,221,17,52
369,221,17,52
370,221,17,52
370,221,17,52
371,221,17,52
372,221,17,52
373,221,17,52
374,221,17,52
374,221,17,52
375,221,17,52
376,221,17,52
376,221,17,52
377,221,17,52
377,221,17,52
378,221,17,52
378,221,17,52
379,221,17,52
379,221,17,52
380,221,17,52
380,221,17,52
381,221,17,52
382,221,17,52
382,221,17,52
383,221,17,52
384,221,17,52
385,221,17,52
385,221,17,52
386,221,17,52
387,221,17,52
387,221,17,52
388,221,17,52
389,221,17,52
389,221,17,52
390,221,17,52
391,221,17,52
392,221,17,52
392,221,17,52
393,221,17,52
394,221,17,52
395,221,17,52
396,221,17,52
398,221,17,52
399,221,17,52
399,221,17,52
400,221,17,52
400,221,17,52
400,221,17,52
401,221,17,52
401,221,17,52
401,221,17,52
402,221,17,52
402,221,17,52
402,221,17,52
403,221,17,52
404,221,17,52
405,221,17,52
406,221,17,52
407,221,17,52
407,221,17,52
408,221,17,52
409,221,17,52
410,221,17,52
411,221,17,52
412,221,17,52
413,221,17,52
413,221,17,52
414,221,17,52
415,221,17,52
416,221,17,52
417,221,17,52
418,221,17,52
419,221,17,52
419,221,17,52
420,221,17,52
421,221,17,52
422,221,17,52
423,221,17,52
424,221,17,52
425,221,17,52
426,221,17,52
426,221,17,52
427,221,17,52
428,221,17,52
429,221,17,52
430,221,17,52
431,221,17,52
431,221,17,52
432,221,17,52
432,221,17,52
433,221,17,52
433,221,17,52
434,221,17,52
434,221,17,52
435,221,17,52
435,221,17,52
436,221,17,52
437,221,17,52
438,221,17,52
439,221,17,52
439,221,17,52
440,221,17,52
441,221,17,52
442,221,17,52
443,221,17,52
444,221,17,52
445,222,17,52
446,222,17,52
447,222,17,52
448,222,17,52
448,222,17,52
449,222,17,52
450,222,17,52
451,222,17,52
452,222,17,52
453,222,17,52
454,222,17,52
455,222,17,52
455,222,17,52
456,223,17,52
457,223,17,52
457,223,17,52
458,223,17,52
459,223,17,52
459,223,17,52
460,223,17,52
461,223,17,52
462,223,17,52
463,223,17,52
463,223,17,52
464,223,17,52
465,223,17,52
466,223,17,52
467,223,17,52
467,223,17,52
468,223,17,52
469,223,17,52
470,223,17,52
471,223,17,52
472,223,17,52
474,223,17,52
475,223,17,52
476,223,17,52
477,223,17,52
478,223,17,52
479,223,17,52
480,223,17,52
481,223,17,52
482,223,17,52
483,223,17,52
484,223,17,52
485,222,17,52
487,222,17,52
488,222,17,52
489,222,17,52
490,222,17,52
491,222,17,52
492,222,17,52
493,222,17,52
494,222,17,52
495,222,17,52
496,222,17,52
497,222,17,52
498,222,17,52
500,222,17,52
501,222,17,52
502,222,17,52
503,222,17,52
504,222,17,52
505,222,17,52
506,222,17,52
507,222,17,52
508,222,17,52
509,222,17,52
510,222,17,52
511,222,17,52
512,222,17,52
514,222,17,52
515,222,17,52
516,222,17,52
517,222,17,52
518,222,17,52
519,222,17,52
520,222,17,52
521,222,17,52
522,222,17,52
523,222,17,52
524,222,17,52
525,222,17,52
527,222,17,52
528,222,17,52
529,222,17,52
530,222,17,52
531,222,17,52
532,222,17,52
533,222,17,52
534,222,17,52
535,222,17,52
536,222,17,52
537,222,17,52
538,222,17,52
539,222,17,52
541,222,17,52
542,222,17,52
543,222,17,52
544,222,17,52
545,222,17,52
546,222,17,52
547,222,17,52
548,222,17,52
549,222,17,52
550,222,17,52
551,222,17,52
552,222,17,52
554,222,17,52
555,222,17,52
556,222,17,52
557,222,17,52
558,222,17,52
559,222,17,52
560,222,17,52
560,222,17,52
560,222,17,52
560,222,17,52
560,222,17,52
560,221,17,52
560,221,17,52
560,221,17,52
560,221,17,52
560,221,17,52
560,221,17,52
560,221,17,52
560,221,17,52
560,221,17,52
560,221,17,52
560,221,17,52
560,221,17,52
560,221,17,52
560,221,17,52
560,220,17,52
560,220,17,52
560,220,17,52
560,220,17,52
560,220,17,52
560,220,17,52
560,220,17,52
560,220,17,52
560,220,17,52
560,220,17,52
560,220,17,52
560,220,17,52
560,220,17,52
561,219,17,52
561,219,17,52
561,219,17,52
561,219,17,52
561,219,17,52
561,219,17,52
561,219,17,52
562,219,17,52
563,219,17,52
564,220,17,52
565,220,17,52
566,220,17,52
567,220,17,52
568,220,17,52
568,221,17,52
569,221,17,52
570,221,17,52
571,221,17,52
572,221,17,52
572,221,17,52
573,222,17,52
574,222,17,52
575,222,17,52
575,221,17,52
576,221,17,52
577,220,17,52
578,219,17,52
579,219,17,52
579,218,17,52
580,217,17,52
581,217,17,52
582,217,17,52
583,217,17,52
583,217,17,52
584,217,17,52
585,217,17,52
586,217,17,52
587,217,17,52
588,217,17,52
588,217,17,52
589,217,17,52
590,217,17,52
591,217,17,52
591,217,17,52
592,217,17,52
593,218,17,52
593,218,17,52
594,218,17,52
595,218,17,52
595,218,17,52
596,218,17,52
596,218,17,52
597,218,17,52
598,218,17,50
599,218,17,49
600,219,18,48
601,219,18,47
602,219,18,46
603,219,18,45
604,220,18,43
605,220,18,42
606,220,18,42
607,220,18,42
608,219,18,42
608,219,18,42
609,219,18,42
610,219,18,42
610,219,18,42
611,219,18,42
612,219,18,42
613,219,18,42
613,219,18,42
614,219,18,42
615,219,18,42
616,218,18,42
616,218,18,42
617,218,18,42
618,218,18,42
618,218,18,42
619,218,18,42
619,218,18,42
620,218,18,42
621,218,18,42
621,218,18,42
