170,227,17,45
170,227,17,45
170,227,17,45
170,227,17,45
170,227,17,45
170,227,17,45
170,227,17,45
170,227,17,45
170,227,17,45
170,227,17,44
171,227,17,44
171,227,17,44
171,227,17,44
171,227,17,44
171,227,17,44
171,227,17,44
171,227,17,44
171,227,17,44
171,227,17,44
171,227,17,44
171,227,17,44
171,227,17,44
171,227,17,44
171,227,17,44
171,227,17,44
171,227,17,44
171,227,17,44
172,227,17,44
172,227,17,44
172,227,17,44
172,227,17,44
172,227,17,44
172,227,17,44
172,227,17,44
172,227,17,44
172,227,17,44
172,227,17,44
172,227,17,44
172,227,17,44
172,227,17,44
172,227,17,44
172,227,17,44
172,227,17,44
172,227,17,44
173,227,17,44
173,227,17,44
173,227,17,44
173,227,17,44
173,227,17,44
173,227,17,44
173,227,17,44
172,227,17,44
172,227,17,44
172,227,17,44
172,227,17,44
172,227,17,44
172,227,17,44
172,227,17,44
172,227,17,44
172,227,17,44
172,227,17,44
171,227,17,44
171,227,17,44
171,227,17,44
171,227,17,44
171,227,17,44
171,227,17,44
171,227,17,44
171,227,17,44
171,227,17,43
171,227,17,43
171,227,17,43
171,227,17,43
171,227,17,43
171,227,17,43
171,227,17,43
171,227,17,43
171,227,17,43
171,227,17,43
171,227,17,43
171,227,17,43
171,227,17,43
171,228,17,43
171,228,17,43
171,228,17,43
170,228,16,43
170,228,16,43
170,228,16,43
170,228,16,43
170,228,16,43
170,228,16,43
170,228,16,43
170,228,16,43
170,228,16,43
170,228,16,43
170,228,16,43
170,228,16,43
170,228,16,43
170,228,16,43
170,228,16,43
170,228,16,43
170,228,16,43
170,228,16,43
170,228,16,43
170,228,16,43
170,228,16,43
170,228,16,43
170,228,16,43
170,228,16,43
170,228,16,43
170,228,16,43
170,228,16,43
170,228,16,43
170,228,16,43
170,228,16,43
170,228,16,43
170,228,16,43
170,228,16,43
170,228,16,43
170,228,16,43
170,228,16,43
170,228,16,43
170,228,16,43
170,228,16,43
170,228,16,43
170,228,16,42
170,228,16,42
170,228,15,42
170,228,15,42
170,228,15,42
170,228,15,42
170,228,15,42
170,228,15,42
170,228,15,42
170,228,15,42
170,228,15,42
170,228,15,42
170,228,15,42
170,228,15,42
170,228,15,42
170,228,15,42
170,228,15,42
170,228,15,42
170,228,15,42
170,228,15,42
170,228,15,42
170,228,15,42
170,228,15,42
170,228,15,42
170,228,14,42
170,228,14,42
170,228,14,42
170,228,14,42
170,228,14,42
170,228,14,42
170,228,14,42
170,228,14,42
170,228,14,42
170,228,14,42
170,228,14,42
170,228,14,42
170,228,14,42
170,228,14,41
170,228,14,41
170,228,14,41
170,228,14,41
170,228,14,41
170,228,14,41
170,228,13,41
170,228,13,41
170,228,13,41
170,228,13,41
170,228,13,41
170,228,13,41
170,228,13,41
170,228,13,41
170,228,13,41
169,228,13,41
169,228,13,41
169,228,13,41
169,228,13,41
169,228,13,41
169,228,13,41
169,228,13,41
169,228,13,41
169,228,13,41
169,228,13,41
169,228,13,41
169,228,13,41
169,228,13,41
169,228,13,41
169,228,13,41
169,228,13,41
169,228,13,41
168,228,13,41
168,228,13,41
168,228,13,41
168,228,13,41
168,228,13,41
168,228,13,41
168,228,13,41
168,228,13,41
168,228,13,41
168,228,13,41
168,228,13,41
168,228,13,41
168,228,13,41
168,228,13,41
168,228,13,41
168,228,13,40
168,228,13,40
167,228,13,40
167,228,13,40
167,228,13,40
167,228,13,40
167,228,13,40
167,228,13,40
167,228,13,40
167,228,13,40
167,228,13,40
167,228,13,40
167,228,13,40
167,228,13,40
167,228,13,40
167,228,13,40
166,228,13,40
166,228,13,40
166,228,13,40
166,228,14,40
166,228,14,40
166,228,14,40
166,228,14,40
165,228,14,40
165,228,14,41
165,228,14,41
165,228,14,41
165,228,14,41
165,228,14,41
165,228,14,41
164,228,14,41
164,228,15,41
164,228,15,41
164,228,15,41
164,228,15,41
164,228,15,41
163,228,15,41
163,228,15,41
163,228,15,41
163,228,15,41
163,228,15,41
163,228,15,41
163,228,15,40
163,228,15,40
163,228,15,40
163,228,15,40
163,228,15,40
163,228,15,40
163,228,15,40
163,228,15,40
163,228,15,40
162,228,15,40
162,228,15,40
162,228,15,40
162,228,15,40
162,228,15,40
162,228,15,40
162,228,15,40
162,228,15,40
162,228,15,40
162,228,15,40
162,228,15,40
162,229,15,40
162,229,15,40
162,229,15,40
162,229,15,40
161,229,15,40
161,229,15,40
161,229,15,40
161,229,15,40
161,229,15,40
161,229,15,40
161,228,15,40
161,228,15,40
161,228,15,40
161,228,15,40
161,228,15,40
161,228,15,40
161,229,15,40
161,229,15,40
161,229,15,40
161,229,15,40
161,229,15,40
161,229,15,40
161,229,15,40
161,229,15,40
161,229,15,40
161,229,15,40
161,229,15,40
161,229,15,40
161,229,15,40
161,229,15,40
161,229,15,40
161,229,15,40
161,229,15,40
161,229,15,40
161,229,15,40
161,229,15,40
161,229,15,40
162,229,15,40
162,229,15,40
162,229,15,40
162,229,15,40
162,229,15,40
162,229,15,40
161,229,15,40
161,229,15,39
161,229,15,39
161,229,15,39
161,229,15,39
161,229,15,39
161,229,15,39
161,229,15,39
161,229,15,39
160,229,15,39
160,229,15,39
160,229,15,39
160,229,15,39
160,229,15,39
160,229,15,39
160,229,15,39
160,229,15,39
159,229,15,39
160,229,15,39
160,229,15,39
160,229,15,39
160,229,15,39
160,229,15,39
160,229,15,39
160,229,15,39
160,229,15,39
160,229,15,39
160,229,15,39
160,229,15,39
160,229,15,39
160,229,15,39
160,229,15,39
160,229,15,39
160,229,15,39
160,229,15,39
160,229,15,39
161,229,15,39
161,229,15,39
161,229,15,38
161,229,15,38
161,229,15,38
161,229,15,38
161,229,15,38
161,229,15,38
161,229,15,38
161,229,15,38
161,229,15,38
161,229,15,38
161,229,15,38
161,229,15,38
161,229,15,38
161,229,15,38
161,229,15,38
161,229,15,38
162,229,15,38
162,229,15,38
162,229,15,38
162,229,15,38
162,229,15,38
162,229,15,38
162,229,14,38
162,229,14,38
162,229,14,38
163,229,14,38
163,229,14,38
163,229,14,38
163,229,14,38
164,229,14,38
164,229,14,38
164,229,14,38
164,229,14,38
164,229,14,38
165,229,13,38
165,229,13,38
165,229,13,38
165,229,13,38
166,229,13,38
166,229,13,38
166,229,13,38
166,229,13,38
166,229,13,38
167,229,13,38
167,229,13,38
167,229,13,38
167,229,13,38
167,229,13,38
168,229,13,38
168,229,13,38
168,229,13,38
168,229,13,38
168,228,13,38
169,228,13,38
169,228,13,38
169,228,13,38
169,228,13,38
169,228,13,38
170,228,13,38
170,228,13,38
170,228,13,38
170,228,13,38
170,228,13,38
171,228,13,38
171,228,13,38
171,228,13,38
171,228,13,38
171,228,13,38
171,228,13,38
171,228,13,38
171,228,13,38
171,228,13,38
171,228,13,38
171,228,13,38
171,228,13,38
171,228,13,38
171,228,13,38
171,228,13,38
171,228,13,38
171,228,13,38
171,228,13,38
171,228,13,38
171,228,13,38
171,228,13,38
171,228,13,37
171,228,13,37
170,228,13,37
170,228,13,37
170,228,13,37
170,228,13,37
170,228,13,37
170,228,13,37
170,228,13,37
170,228,13,37
170,228,13,37
170,228,13,37
170,228,13,37
170,228,13,37
170,228,13,37
170,229,13,37
170,229,13,37
170,229,13,37
170,229,13,37
170,229,13,37
170,229,13,37
170,229,13,37
169,229,13,37
169,229,13,37
169,229,13,37
169,229,13,37
169,229,13,37
169,229,13,37
169,229,13,37
169,229,13,37
169,229,13,37
169,229,13,37
169,229,13,37
169,229,13,37
169,229,13,37
169,229,13,37
169,229,13,37
169,229,13,37
169,229,13,37
169,229,13,37
169,229,13,37
169,229,13,37
168,229,13,37
168,229,13,37
168,229,13,37
168,229,13,37
168,229,13,37
168,229,13,37
168,229,13,37
168,229,13,37
168,229,13,37
168,229,13,37
168,229,13,37
168,229,13,37
168,229,13,37
168,229,13,37
168,229,13,37
168,229,13,37
168,229,13,37
168,229,13,37
168,229,13,37
168,229,13,37
167,229,13,37
167,229,13,37
167,229,13,37
167,229,13,37
167,229,13,37
167,229,13,37
167,229,13,37
167,229,13,37
167,229,13,37
167,229,13,37
167,229,13,37
167,229,13,37
167,229,13,37
167,229,13,37
167,229,13,37
167,229,13,37
167,229,13,37
167,229,13,37
167,229,13,36
167,229,13,36
166,229,13,36
166,229,13,36
166,230,13,36
166,230,13,36
166,230,13,36
166,230,13,36
166,230,13,36
166,230,13,36
166,230,13,36
166,230,13,36
166,230,13,36
166,230,13,36
166,230,13,36
166,230,13,36
166,230,13,36
166,230,13,36
166,230,13,36
166,230,13,36
166,230,13,36
165,230,13,36
165,230,13,36
165,230,13,36
165,230,13,36
165,230,13,36
165,230,13,36
165,230,13,36
165,230,13,36
165,230,13,36
165,230,13,36
165,230,13,36
165,230,13,36
165,230,13,36
165,230,13,36
165,230,13,36
165,230,13,36
165,230,13,36
165,230,13,36
165,230,13,36
165,230,13,36
164,230,13,36
164,230,13,36
164,230,13,36
164,230,13,36
164,230,13,36
164,230,13,36
164,230,13,36
164,230,13,36
164,230,13,36
164,230,13,36
164,230,13,36
164,230,13,36
164,230,13,36
164,230,13,36
164,230,13,36
164,230,13,36
164,230,13,36
164,230,13,36
164,230,13,36
164,230,13,36
163,230,13,36
163,230,13,36
163,230,13,36
163,230,13,36
163,230,13,36
163,230,13,36
163,230,13,36
163,230,13,36
163,230,13,36
163,230,13,36
163,230,13,36
163,230,13,36
163,231,13,36
163,231,13,36
163,231,13,36
163,231,13,36
163,231,13,36
163,231,13,36
163,231,13,36
163,231,13,35
162,231,13,35
162,231,13,35
162,231,13,35
162,231,13,35
162,231,13,35
162,231,13,35
162,231,13,35
162,231,13,35
162,231,13,35
162,231,13,35
162,231,13,35
162,231,13,35
162,231,13,35
162,231,13,35
162,231,13,35
162,231,13,35
162,231,13,35
162,231,13,35
162,231,13,35
162,231,13,35
161,231,13,35
161,231,13,35
161,231,13,35
161,231,13,35
161,231,13,35
161,231,13,35
161,231,13,35
161,231,13,35
161,231,13,35
161,231,13,35
161,231,13,35
161,231,13,35
161,231,13,35
161,231,13,35
161,231,13,35
161,231,13,35
161,231,13,35
161,231,13,35
161,231,13,35
161,231,13,35
160,231,13,35
160,231,13,35
160,231,13,35
160,231,13,35
160,231,13,35
160,231,13,35
160,231,13,35
160,231,13,35
160,231,13,35
160,231,13,35
160,231,13,35
160,231,13,35
160,231,13,35
160,231,13,35
160,231,13,35
160,231,13,35
160,231,13,35
160,231,13,35
160,231,13,35
159,231,13,35
159,232,13,35
159,232,13,35
159,232,13,35
159,232,13,35
159,232,13,35
159,232,13,35
159,232,13,35
159,232,13,35
159,232,13,35
159,232,13,35
159,232,13,35
159,232,13,35
159,232,13,35
159,232,13,35
159,232,13,35
159,232,13,35
159,232,13,35
159,232,13,35
159,232,13,35
158,232,13,35
158,232,13,34
158,232,13,34
158,232,13,34
158,232,13,34
158,232,13,34
158,232,13,34
158,232,13,34
158,232,13,34
158,232,13,34
158,232,13,34
158,232,13,34
158,232,13,34
158,232,13,34
158,232,13,34
158,232,13,34
158,232,13,34
158,232,13,34
158,232,13,34
158,232,13,34
157,232,13,34
157,232,13,34
157,232,13,34
157,232,13,34
157,232,13,34
157,232,13,34
157,232,13,34
157,232,13,34
158,232,13,34
158,232,13,34
158,232,13,34
158,232,13,34
158,232,13,34
159,231,13,34
159,231,13,34
159,231,13,34
159,231,13,34
159,231,13,34
160,231,13,34
160,231,13,34
160,231,13,34
160,231,13,34
160,231,13,34
161,231,13,34
161,230,13,34
161,230,13,34
161,230,13,34
161,230,13,34
162,230,13,34
162,230,13,34
162,230,13,34
162,230,13,34
162,230,13,34
163,230,13,34
163,230,13,34
163,230,13,34
163,230,12,34
163,230,12,34
163,230,12,33
164,230,12,33
164,230,12,33
164,230,12,33
164,230,12,33
164,230,12,33
164,230,12,33
165,230,12,33
165,230,12,33
165,230,12,33
165,230,12,33
165,230,12,33
165,230,12,33
165,230,12,33
165,230,12,32
165,230,12,32
165,230,12,32
165,230,12,32
165,230,12,32
166,230,12,32
166,230,12,32
166,230,12,32
166,230,12,32
166,230,12,32
166,230,12,32
166,230,12,32
166,230,12,32
166,230,12,32
166,230,12,32
166,230,12,32
166,230,12,32
166,231,12,32
166,231,12,32
166,231,12,32
166,231,12,32
166,231,12,32
166,231,12,32
166,231,12,32
166,231,12,32
166,231,12,32
166,231,12,32
166,231,12,32
166,231,12,32
166,231,12,32
166,231,12,32
166,231,12,32
166,231,12,32
166,231,12,32
166,231,12,32
166,231,12,32
166,231,12,32
165,231,12,32
165,231,12,32
165,231,12,32
165,231,12,32
165,231,12,32
165,231,12,32
165,231,12,32
165,231,12,32
165,231,12,32
165,231,12,32
165,231,12,32
165,231,12,32
165,231,12,32
165,231,12,32
165,231,12,32
165,231,12,32
164,231,12,32
164,231,12,32
164,231,12,32
164,231,12,32
164,231,12,32
164,231,12,32
164,231,12,32
164,231,12,32
164,231,12,32
164,231,12,32
164,231,12,32
164,231,12,32
164,231,12,32
164,231,12,32
164,231,12,32
164,231,12,32
163,230,12,32
163,230,12,32
163,230,12,32
163,230,12,32
163,230,12,32
163,230,12,32
163,230,12,32
163,230,12,32
163,230,12,32
163,230,12,32
163,230,12,32
163,230,12,32
163,230,12,32
163,230,12,32
163,230,12,32
163,230,12,32
163,230,12,32
162,230,12,32
162,230,12,32
162,230,12,32
162,230,12,32
162,230,12,32
