2,139,25,44
2,139,26,44
2,139,27,44
2,140,28,44
2,140,28,44
2,141,29,44
2,141,30,44
2,142,30,44
2,142,31,44
2,143,32,44
2,143,32,44
2,144,33,44
2,144,34,44
2,145,34,44
2,145,35,44
2,146,36,44
2,146,36,44
2,146,37,44
2,147,38,44
2,147,38,44
2,148,39,44
3,148,39,44
4,148,39,43
6,147,39,42
7,147,39,41
8,147,39,41
10,147,39,40
11,147,39,39
12,147,39,38
14,147,39,38
15,147,39,37
16,146,39,36
18,146,39,35
19,146,39,34
20,146,39,34
23,147,39,34
26,147,39,34
29,148,39,34
32,148,39,34
35,149,39,34
38,149,39,34
41,150,39,34
44,150,39,34
47,151,39,34
50,151,39,34
53,152,39,34
56,153,39,34
59,153,39,34
62,154,39,34
65,154,39,34
68,154,39,34
71,154,39,34
74,155,39,34
77,155,39,34
80,155,39,34
83,155,39,34
86,155,39,34
89,156,39,34
92,156,39,34
95,156,39,34
98,156,39,34
101,157,39,34
104,157,39,34
107,157,39,34
110,157,39,34
110,158,39,34
110,158,39,34
111,158,39,34
111,158,39,34
111,159,39,34
112,159,39,34
112,159,39,34
113,159,39,34
113,160,39,34
113,160,39,34
114,160,39,34
114,160,39,34
115,161,39,34
115,161,39,34
115,161,39,34
116,162,39,34
116,162,39,34
116,162,39,34
117,162,39,34
117,162,39,34
117,162,39,34
117,162,39,34
116,162,39,34
116,162,39,34
116,162,39,34
116,161,39,34
116,161,39,34
116,161,39,34
116,161,39,34
116,161,39,34
116,161,39,34
116,161,39,34
116,161,39,34
115,161,39,34
115,160,39,34
115,160,39,34
115,160,39,34
115,161,39,34
115,161,39,34
115,161,39,34
115,161,39,34
115,161,39,34
114,161,39,34
114,161,39,34
114,161,39,34
114,161,39,34
114,162,39,34
114,162,39,34
114,162,39,34
114,162,39,34
113,162,39,34
113,162,39,34
113,162,39,34
113,162,39,34
113,162,39,34
113,162,39,34
113,162,39,34
112,162,39,34
112,162,39,34
112,162,39,34
112,162,39,34
112,162,39,34
112,162,39,34
112,162,39,34
112,162,39,34
111,162,39,34
111,162,39,34
111,161,39,34
112,162,39,34
112,162,39,34
113,162,39,34
114,162,39,34
114,163,39,34
115,163,39,34
116,163,39,34
116,163,39,34
117,163,39,34
118,164,39,34
118,164,39,34
119,164,39,34
120,164,39,34
120,165,39,34
121,165,39,34
122,165,39,34
122,165,39,34
123,165,39,34
123,165,39,34
123,165,39,34
123,165,39,34
122,164,39,34
122,164,39,34
122,164,39,34
122,164,39,34
122,163,39,34
122,163,39,34
121,163,39,34
121,163,39,34
121,162,39,34
121,162,39,34
121,162,39,34
120,162,39,34
120,161,39,34
120,161,39,34
120,161,39,34
119,161,39,34
118,161,39,34
117,161,39,34
116,161,39,34
116,161,39,34
115,161,39,34
114,161,39,34
113,161,39,34
112,161,39,34
111,161,39,34
110,161,39,34
109,161,39,34
109,161,39,34
108,161,39,34
107,161,39,34
107,162,39,34
107,162,39,34
107,163,39,34
107,164,39,34
107,164,39,34
107,165,39,34
107,165,39,34
107,166,39,34
107,166,39,34
107,167,39,34
107,168,39,34
107,168,39,34
107,169,39,34
107,169,39,34
107,170,39,34
107,171,39,34
107,171,39,34
107,172,39,34
106,171,39,34
105,171,39,34
105,170,39,34
104,170,39,34
103,170,39,34
103,169,39,34
102,169,39,34
101,168,39,34
101,168,39,34
100,167,39,34
99,167,39,34
99,166,39,34
98,166,39,34
97,166,39,34
97,165,39,34
96,165,39,34
95,164,39,34
95,164,39,34
94,163,39,34
93,163,39,34
92,163,39,34
92,162,39,34
91,162,39,34
90,162,39,34
89,161,39,34
88,161,39,34
87,161,39,34
86,160,39,34
85,160,39,34
84,160,39,34
84,159,39,34
83,159,39,34
82,159,39,34
81,158,39,34
80,158,39,34
79,158,39,34
78,157,39,34
77,157,39,34
77,157,39,34
76,156,39,34
75,156,39,34
74,155,39,34
73,155,39,34
72,155,39,34
71,155,39,34
70,155,39,34
69,155,39,34
68,155,39,34
66,155,39,34
65,155,39,34
64,156,39,34
63,156,39,34
62,156,39,34
61,156,39,34
60,156,39,34
58,156,39,34
57,156,39,34
56,156,39,34
55,156,39,34
54,157,39,34
53,157,39,34
52,157,39,34
50,157,39,34
49,157,39,34
48,157,39,34
47,157,39,34
47,157,39,34
46,157,39,34
46,157,39,34
45,156,39,34
45,156,39,34
44,156,39,34
44,156,39,34
43,156,39,34
43,155,39,34
42,155,39,34
42,155,39,34
41,155,39,34
41,154,39,34
40,154,39,34
40,154,39,34
39,154,39,34
39,154,39,34
38,153,39,34
38,153,39,34
37,153,39,34
37,153,39,34
37,153,39,34
37,153,39,34
37,153,39,34
37,153,39,34
37,153,39,34
37,153,39,34
37,154,39,34
37,154,39,34
37,154,39,34
37,154,39,34
37,154,39,34
38,154,39,34
38,154,39,34
38,154,39,34
38,154,39,34
38,154,39,34
38,154,39,34
38,154,39,34
38,154,39,34
39,154,39,34
39,154,39,34
39,154,39,34
40,154,39,34
40,154,39,34
41,154,39,34
41,154,39,34
42,154,39,34
42,154,39,34
42,154,39,34
43,154,39,34
43,154,39,34
44,153,39,34
44,153,39,34
45,153,39,34
45,153,39,34
45,154,39,34
45,154,39,34
45,154,39,34
45,154,39,35
45,154,39,35
45,155,39,35
45,155,39,36
45,155,39,36
45,155,39,36
46,156,39,36
46,156,39,37
46,156,39,37
46,156,39,37
46,156,39,38
46,157,39,38
46,157,39,38
46,157,39,39
46,157,39,39
46,158,39,39
46,158,39,39
47,158,39,39
47,157,39,39
48,157,39,39
49,157,39,39
49,156,39,39
50,156,39,39
50,156,39,39
51,155,39,39
51,155,39,39
52,155,39,39
53,155,39,39
53,154,39,39
54,154,39,39
54,154,39,39
55,153,39,39
56,153,39,39
56,153,39,39
57,152,39,39
57,152,39,39
58,152,39,39
59,151,39,39
59,151,39,39
60,151,39,39
60,151,39,39
60,151,39,39
61,151,39,39
61,151,39,39
61,151,39,39
61,152,39,39
62,152,38,39
62,152,38,39
62,152,38,38
62,152,38,38
63,152,38,38
63,152,38,38
63,152,38,38
64,153,38,38
64,153,38,38
64,153,38,38
64,153,37,38
65,153,37,37
65,153,37,37
65,153,37,37
66,153,37,37
66,153,37,37
66,154,37,37
66,153,37,37
65,153,37,37
65,153,38,37
64,153,38,37
64,153,38,37
64,153,38,37
63,152,38,37
63,152,38,37
62,152,39,37
62,152,39,37
62,152,39,37
61,152,39,37
61,151,39,37
60,151,40,37
60,151,40,37
59,151,40,37
59,151,40,37
59,151,40,37
58,150,41,37
58,150,41,37
57,150,41,37
57,150,41,37
57,150,41,37
57,150,41,37
57,150,41,37
57,150,41,37
56,150,41,37
56,150,41,37
56,150,41,37
56,150,41,37
56,150,41,37
56,150,41,37
56,150,41,37
56,150,41,37
56,150,41,37
56,149,41,37
55,149,41,37
55,149,41,37
55,149,41,37
55,150,41,37
55,150,41,37
55,150,41,37
55,151,41,37
55,151,41,37
55,151,41,37
55,152,41,37
55,152,41,37
55,152,41,37
55,153,41,37
55,153,41,37
55,153,41,37
55,153,41,37
55,154,41,37
55,154,41,37
55,154,41,37
55,155,41,37
55,155,41,37
55,155,41,37
55,156,41,37
55,156,41,37
55,156,41,37
55,157,41,37
55,157,41,37
55,157,41,37
55,157,41,37
55,157,41,37
56,158,41,37
56,158,41,37
56,158,41,37
56,158,41,37
56,159,41,37
56,159,41,37
56,159,41,37
56,159,41,37
56,159,41,37
56,160,41,37
56,160,41,37
56,160,41,37
56,160,41,37
56,161,41,37
56,161,41,37
56,161,41,37
56,161,41,37
57,161,41,37
57,161,41,37
58,161,41,37
58,161,41,37
59,161,41,37
59,161,41,37
59,161,41,37
60,162,41,37
60,162,41,37
61,162,41,37
61,162,41,37
62,162,41,37
62,162,41,37
62,162,41,37
63,162,41,37
63,162,41,37
64,162,41,37
64,162,41,37
65,162,41,37
65,162,41,37
65,162,41,37
67,163,41,37
68,163,41,37
