274,265,53,43
273,265,53,43
273,264,53,43
273,263,53,43
273,262,53,43
272,261,53,43
272,260,53,43
272,259,53,43
272,258,53,43
271,257,53,43
271,256,53,43
271,256,53,43
271,256,53,43
271,255,53,43
271,255,53,43
271,254,53,43
271,254,53,43
271,253,53,43
271,253,53,43
271,252,53,43
271,252,53,43
271,251,52,43
271,251,52,43
271,250,52,43
271,250,51,43
271,249,51,43
271,249,51,43
272,248,50,43
272,248,50,43
272,247,50,43
272,247,49,43
272,246,49,43
273,246,49,43
274,246,49,43
274,246,49,42
275,246,49,42
276,247,49,42
277,247,49,42
278,247,49,42
278,247,49,42
279,247,49,42
280,247,49,42
281,247,49,42
281,246,49,42
282,246,49,42
283,246,49,42
284,245,49,42
285,245,49,42
285,245,49,42
286,244,49,42
287,244,49,42
286,244,49,42
286,244,49,42
285,244,49,41
284,244,49,41
284,244,49,41
283,243,49,41
282,243,49,41
282,243,49,40
281,243,49,40
280,243,49,40
280,243,49,40
279,243,49,40
279,243,48,40
280,244,48,40
280,244,47,40
280,244,47,40
280,244,46,40
281,245,46,40
281,245,45,40
281,245,45,40
281,245,44,40
281,245,44,40
282,246,43,40
282,246,42,40
282,246,42,40
282,246,42,40
281,246,42,40
280,246,42,40
280,246,42,40
279,246,42,40
279,245,42,40
278,245,42,40
278,245,42,40
277,245,42,40
276,245,42,40
276,245,42,40
275,245,42,40
275,245,42,40
274,245,42,40
274,245,42,40
273,244,42,40
272,244,42,40
272,244,42,40
271,244,42,40
271,244,42,40
270,244,42,40
270,244,42,40
269,244,42,40
268,244,42,40
268,244,42,40
267,244,42,40
267,244,42,40
266,244,42,40
266,244,42,40
265,244,42,40
264,244,42,40
265,244,42,40
266,244,41,40
267,244,41,40
268,244,41,40
269,245,40,40
269,245,40,40
270,245,40,40
271,245,40,40
272,245,39,40
273,245,39,40
273,245,39,40
274,245,38,40
275,246,38,40
276,246,38,40
277,246,37,40
277,246,37,40
278,246,37,40
279,246,37,40
279,247,36,40
280,247,36,40
280,248,36,39
280,248,36,39
281,249,36,39
281,249,36,39
282,250,35,39
282,250,35,39
282,251,35,39
283,251,35,39
283,252,35,39
283,252,34,39
284,252,34,39
284,253,34,39
284,253,34,39
285,254,34,39
285,254,34,39
285,255,33,39
286,255,33,39
286,256,33,38
286,256,33,38
287,257,33,38
287,257,33,38
287,258,32,38
288,258,32,38
288,259,32,38
288,259,32,38
288,259,32,38
288,259,32,38
288,260,32,37
288,260,32,37
288,260,32,37
288,260,32,37
288,260,32,36
288,260,32,36
288,260,32,36
288,260,32,36
288,260,32,35
288,260,32,35
288,260,32,35
288,260,32,35
288,260,32,34
288,260,32,34
288,260,32,34
288,261,32,34
288,261,32,34
288,261,32,34
288,261,32,34
288,261,32,34
288,261,32,34
288,262,32,34
288,262,32,34
288,262,32,34
287,262,32,34
287,262,32,34
287,262,32,34
287,263,32,34
287,263,32,34
287,263,32,34
287,263,32,34
287,263,32,34
287,263,32,34
287,263,32,34
287,264,32,34
287,264,32,34
287,264,32,34
287,265,31,34
287,265,31,34
287,266,31,34
287,266,31,34
286,267,31,34
286,268,30,33
286,268,30,33
286,269,30,33
286,269,30,33
286,270,30,33
286,271,30,33
286,271,29,33
286,272,29,33
286,272,29,33
286,273,29,33
286,273,29,33
286,274,29,33
285,275,28,33
285,275,28,33
285,276,28,33
285,276,28,33
285,276,28,33
284,276,28,32
284,276,27,32
284,276,27,32
284,276,27,32
283,276,27,32
283,275,27,32
283,275,27,32
282,275,26,32
282,275,26,32
282,275,26,32
282,275,26,32
281,275,26,31
281,275,26,31
281,275,26,31
281,275,25,31
280,275,25,31
280,275,25,31
280,275,25,31
279,275,25,31
279,275,25,31
278,275,25,31
278,274,25,31
277,274,25,31
276,274,25,31
276,274,25,31
275,274,25,31
274,274,25,31
274,274,25,31
273,273,25,31
272,273,25,31
272,273,25,31
271,273,25,31
270,273,25,31
270,273,25,31
269,273,25,31
268,272,25,31
268,272,24,31
267,273,24,31
266,273,24,31
266,273,24,31
265,273,24,31
264,273,24,30
264,273,24,30
263,273,23,30
262,273,23,30
262,273,23,30
261,273,23,30
260,273,23,30
260,273,23,30
259,273,23,30
258,273,22,30
257,273,22,30
258,273,22,30
258,274,22,30
258,274,22,30
258,274,22,30
258,274,22,31
259,274,22,31
259,275,22,31
259,275,22,31
259,275,22,31
259,275,22,31
260,275,22,31
260,276,22,31
260,276,22,32
260,276,22,32
260,276,22,32
260,276,22,32
261,277,22,32
261,277,22,32
261,277,22,32
261,278,23,32
260,278,23,32
260,279,23,32
260,280,24,32
260,280,24,32
260,281,24,32
259,281,25,32
259,282,25,32
259,283,26,32
259,283,26,32
258,284,26,32
258,285,27,32
258,285,27,32
258,286,27,32
257,286,28,32
257,287,28,32
257,288,28,32
257,288,29,32
256,289,29,32
256,289,29,32
256,290,29,32
257,290,29,32
257,290,29,32
257,291,29,31
257,291,29,31
257,291,29,31
257,292,29,31
257,292,29,31
257,292,29,30
257,293,29,30
257,293,29,30
257,293,29,30
257,293,29,30
257,294,29,30
257,294,29,29
257,294,29,29
257,295,29,29
257,295,29,29
257,296,29,29
257,296,29,29
257,296,29,29
257,297,29,29
257,297,29,29
257,298,29,29
257,298,29,29
256,298,29,29
256,299,29,29
256,299,29,29
256,300,29,29
256,300,29,29
256,301,29,29
256,301,29,29
256,301,29,29
256,302,29,29
256,302,29,29
255,303,29,29
255,303,29,29
255,303,29,29
255,304,29,29
255,304,29,29
255,305,29,29
255,305,29,29
255,305,29,29
255,306,29,29
254,306,29,29
254,307,29,29
254,307,29,29
254,307,29,29
254,308,29,29
254,308,29,29
254,309,29,29
254,309,29,29
254,309,29,29
254,310,29,29
255,311,29,29
256,312,29,29
257,313,29,29
258,314,29,29
259,314,29,29
260,315,29,29
260,316,29,29
261,317,29,29
262,318,29,29
263,319,29,29
264,320,29,29
265,320,29,29
266,321,29,29
266,322,29,29
267,323,29,29
268,324,29,29
269,325,29,29
270,325,29,29
271,326,29,29
272,327,29,29
272,328,29,29
273,329,29,29
273,328,29,29
273,328,28,29
273,328,28,29
273,328,27,29
273,327,27,29
273,327,26,29
273,327,26,29
272,326,25,29
272,326,25,29
272,326,24,29
272,326,24,29
272,325,23,29
272,325,23,29
272,325,22,29
272,325,22,29
271,325,22,29
271,325,22,29
270,325,22,29
269,325,22,29
269,326,22,29
268,326,22,29
268,326,22,29
267,326,22,28
266,326,22,28
266,327,22,28
265,327,22,28
265,327,22,28
264,327,21,28
263,328,21,28
263,328,21,28
262,328,21,28
262,328,21,28
261,328,21,28
260,329,21,27
260,329,21,27
259,329,21,27
259,329,21,27
258,329,21,27
257,330,21,27
257,330,21,27
256,330,21,27
255,331,21,27
254,331,20,27
253,332,20,27
252,332,20,27
251,332,19,26
251,333,19,26
250,333,19,26
249,334,19,26
248,334,18,26
247,335,18,26
246,335,18,26
245,335,18,26
244,336,17,26
243,336,17,26
243,337,17,26
242,337,16,26
241,338,16,26
240,338,16,25
239,338,16,25
238,339,15,25
237,339,16,25
236,338,16,25
234,338,16,25
233,338,17,25
232,338,17,24
231,338,17,24
229,338,17,24
228,337,18,24
227,337,18,23
226,337,18,23
224,337,19,23
223,337,19,23
222,337,19,23
221,336,20,22
219,336,20,22
218,336,20,22
217,336,21,22
216,336,21,22
214,335,21,21
213,335,21,21
213,335,20,20
