327,199,13,35
327,199,13,35
326,199,13,35
326,199,13,36
325,199,13,36
325,199,13,36
324,198,13,36
324,198,13,36
323,198,13,37
323,198,13,37
322,198,13,37
322,198,13,37
321,198,13,37
321,198,13,38
317,198,13,38
314,197,13,38
310,197,13,38
307,197,13,38
303,196,13,38
300,196,13,38
296,196,13,38
293,196,13,38
289,195,13,38
286,195,13,38
282,195,13,38
278,194,13,38
275,194,13,38
273,194,13,38
271,194,13,38
269,194,13,38
267,193,13,38
264,193,13,38
262,193,13,38
260,193,13,38
258,193,13,38
256,192,13,38
254,192,13,38
252,192,13,38
250,192,13,38
248,192,13,38
247,192,13,38
246,192,13,38
245,192,13,38
243,192,13,38
242,192,13,38
241,192,13,38
239,192,13,38
238,192,13,38
237,192,13,38
236,193,13,38
234,193,13,38
233,193,13,38
233,193,13,38
234,193,13,38
234,193,13,38
234,193,13,38
235,193,13,38
235,194,13,38
235,194,13,38
235,194,13,38
236,194,13,38
236,194,13,38
236,194,13,38
237,195,13,38
237,195,13,38
237,195,13,38
238,195,13,38
238,195,13,38
237,195,13,38
236,196,13,38
235,196,13,38
234,196,13,38
233,197,13,38
232,197,13,38
232,197,13,38
231,198,13,38
230,198,13,38
229,198,13,38
228,199,13,38
227,199,13,38
226,199,13,38
225,200,13,38
226,199,13,38
226,199,13,38
227,198,13,38
227,198,13,38
228,198,13,38
228,197,13,38
229,197,13,38
229,197,13,38
229,196,13,38
230,196,13,38
230,195,13,38
231,195,13,38
231,195,13,38
232,194,13,38
232,194,13,38
233,194,13,38
233,193,13,38
234,193,13,38
234,192,13,38
235,192,13,38
235,192,13,38
236,191,13,38
236,191,13,38
237,190,13,38
237,190,13,38
238,190,13,38
238,189,13,38
239,189,13,38
239,189,13,38
240,188,13,38
240,188,13,38
240,188,13,38
240,189,13,38
240,189,13,38
241,189,13,38
241,190,13,38
241,190,13,38
241,190,13,38
241,191,13,38
241,191,13,38
241,191,13,38
241,192,13,38
241,192,13,38
241,193,13,38
242,193,13,38
242,193,13,38
242,194,13,38
242,194,13,38
242,194,13,38
242,194,13,38
241,193,13,38
241,193,13,38
240,192,13,38
240,191,13,38
239,191,13,38
239,190,13,38
239,190,14,38
238,189,14,38
238,188,14,38
237,188,14,38
237,187,14,38
236,187,14,38
236,186,14,38
235,185,14,38
235,185,14,38
235,184,14,38
234,184,15,38
234,183,15,38
233,183,15,38
232,182,15,38
232,182,15,38
231,181,15,38
230,181,15,38
229,181,15,38
228,180,15,38
228,180,15,38
227,179,15,38
226,179,15,38
225,178,15,38
224,178,15,38
223,178,15,38
223,177,15,38
222,177,15,38
221,176,15,38
220,176,15,38
219,176,15,38
218,176,15,38
217,176,15,38
216,176,15,38
215,176,15,38
214,176,15,38
213,176,15,38
212,175,15,38
211,175,15,38
209,175,15,38
208,175,15,38
207,175,15,38
206,175,15,38
205,175,15,38
204,175,15,38
203,175,15,38
203,175,15,38
202,176,15,38
202,176,15,38
202,176,15,38
201,177,15,38
201,177,15,38
200,177,15,38
200,178,15,38
200,178,15,38
199,178,15,38
199,179,15,38
199,179,15,38
198,179,15,38
198,180,15,38
198,180,15,38
197,180,15,38
197,181,15,38
197,181,15,38
196,181,15,38
196,182,15,38
196,182,15,38
195,182,15,38
195,183,15,38
194,183,15,38
194,184,15,38
194,184,15,38
193,184,15,38
193,185,15,38
193,185,15,38
192,185,15,38
192,186,15,38
192,186,15,38
192,186,15,38
192,187,15,39
192,187,15,39
193,187,15,39
193,188,15,39
193,188,15,39
193,189,15,40
193,189,15,40
193,189,15,40
193,190,15,40
193,190,15,40
193,190,15,40
193,191,15,41
194,191,15,41
194,191,15,41
194,192,15,41
194,192,15,41
194,193,15,41
194,193,15,41
195,193,15,41
195,194,15,41
195,194,15,41
195,194,15,41
196,195,15,41
196,195,15,41
196,195,15,41
196,196,15,41
197,196,15,41
197,196,15,41
197,196,15,41
197,197,15,41
198,197,15,41
198,197,15,41
198,198,15,41
198,198,15,41
199,198,15,41
199,199,15,41
198,199,15,41
198,199,15,41
197,199,15,41
196,198,15,41
196,198,15,41
195,198,15,41
195,198,15,41
194,198,15,41
193,198,15,41
193,198,15,41
192,198,15,41
192,198,15,41
191,197,15,41
190,197,15,41
190,197,15,41
189,197,15,41
189,197,15,41
188,197,15,41
187,197,15,41
187,197,15,41
186,197,16,41
185,197,16,41
185,197,16,41
185,197,16,41
185,197,16,41
184,197,16,41
184,197,16,41
184,197,16,41
184,197,16,41
183,198,16,41
183,198,16,41
183,198,16,41
183,198,16,41
183,198,16,41
182,198,16,41
182,198,16,41
182,198,16,41
182,199,16,41
181,199,16,41
181,199,16,41
181,199,16,41
181,199,16,41
180,199,16,41
180,199,16,41
180,199,16,41
180,200,16,41
179,200,16,41
179,200,16,41
179,200,16,41
179,200,16,41
178,200,16,41
178,200,16,41
178,200,16,41
178,201,16,41
177,201,16,41
177,201,16,41
177,201,16,41
177,201,16,41
176,201,16,41
176,201,16,41
176,201,16,41
176,201,16,41
175,202,16,41
175,202,16,41
175,202,16,41
175,202,16,41
174,202,16,41
174,202,16,41
174,202,16,41
174,202,16,41
172,202,16,42
171,202,15,42
170,201,15,42
168,201,15,42
167,201,15,42
166,200,15,42
164,200,15,42
163,200,15,42
162,199,15,42
160,199,15,43
159,198,15,43
158,198,15,43
156,198,15,43
155,197,15,43
154,197,15,43
153,197,15,43
153,198,15,43
152,198,15,43
151,198,15,43
151,199,15,43
150,199,15,43
150,199,15,43
149,200,15,43
148,200,15,43
148,200,15,43
147,201,15,43
147,201,15,43
146,201,15,43
145,202,15,43
145,202,15,43
144,203,15,43
144,203,15,43
143,203,15,43
143,204,15,43
142,204,15,43
142,203,15,43
141,203,15,43
141,202,15,43
141,202,15,43
141,202,15,43
140,201,15,43
140,201,15,43
140,200,15,43
139,200,16,43
139,199,16,43
139,199,16,43
139,198,16,43
138,198,16,43
138,197,16,43
137,197,16,43
137,197,16,43
136,197,15,43
135,197,15,43
135,197,15,43
134,197,15,43
134,197,15,43
133,197,14,43
132,196,14,43
132,196,14,43
131,196,14,43
130,196,13,43
130,196,13,43
129,196,13,43
128,196,13,43
128,196,12,43
127,196,12,43
126,196,12,43
125,196,12,43
124,196,13,43
123,197,13,43
122,197,13,43
121,197,13,43
120,197,13,43
119,198,14,43
118,198,14,43
117,198,14,43
116,198,14,43
115,198,14,43
114,199,14,43
113,199,15,43
112,199,15,43
112,199,15,43
111,199,15,43
110,199,15,43
109,199,15,43
108,199,15,43
108,199,15,43
107,199,15,43
106,199,15,43
105,199,15,43
104,199,15,43
103,199,15,43
103,199,15,43
102,199,15,43
101,199,15,43
100,199,15,43
99,199,15,43
99,199,15,43
98,199,15,43
97,199,15,43
96,199,15,43
95,199,15,43
95,199,15,43
94,200,16,43
93,200,16,43
92,200,16,43
92,200,16,43
91,200,17,43
90,200,17,43
89,200,17,43
88,201,17,43
88,201,17,43
87,201,17,43
86,201,17,43
85,202,17,43
84,202,17,43
83,203,17,43
82,203,17,43
81,203,17,43
80,204,17,43
79,204,17,43
78,204,17,43
77,205,17,43
76,205,17,43
75,206,17,43
74,206,17,43
73,206,17,43
72,206,17,43
71,206,17,43
70,206,17,43
69,206,17,43
68,206,17,43
67,206,17,43
67,206,17,43
66,206,17,43
65,206,17,43
64,206,17,43
63,206,17,43
62,206,16,43
61,206,16,43
60,207,16,43
59,207,16,43
59,207,16,43
58,207,16,43
57,207,16,43
56,207,16,43
55,207,16,43
54,207,16,43
53,207,16,43
52,207,16,43
51,207,16,43
51,207,16,43
50,207,15,43
49,207,15,43
48,207,15,43
47,207,15,43
46,208,15,43
45,208,15,43
44,208,15,43
43,208,15,43
42,208,15,43
42,208,15,43
41,208,15,43
40,208,15,43
39,208,15,43
38,208,15,43
37,208,15,43
36,208,14,43
35,208,14,43
34,208,14,43
34,208,14,43
33,208,14,43
32,209,14,43
31,209,14,43
30,209,14,43
29,209,14,43
28,209,14,43
27,209,14,43
26,209,14,43
26,209,14,43
25,209,14,43
24,209,13,43
23,209,13,43
22,209,13,43
21,209,13,43
20,209,13,43
19,209,13,43
18,209,13,43
18,209,13,43
17,210,13,43
16,210,13,42
