7,235,17,55
7,235,17,55
8,235,17,55
8,235,17,55
9,235,17,55
9,235,17,55
10,235,17,55
10,235,17,55
11,235,17,55
11,235,17,55
12,235,17,55
12,235,17,55
13,235,17,55
13,235,17,55
14,235,17,55
14,235,17,55
14,235,17,54
15,235,16,54
15,235,16,54
15,235,16,54
15,235,16,54
16,235,16,54
16,235,16,54
16,235,15,54
17,235,15,54
17,234,15,54
17,234,15,54
18,234,15,54
18,234,15,53
18,234,15,53
19,234,14,53
19,234,14,53
19,234,14,53
20,234,14,53
20,234,14,53
21,234,14,53
21,234,14,53
22,234,14,53
22,234,14,53
23,234,14,53
23,234,14,53
23,234,14,53
24,234,14,53
24,234,14,53
25,234,14,53
25,234,14,53
26,234,14,53
26,233,14,53
26,233,14,53
27,233,14,53
27,233,14,53
27,233,14,53
28,233,14,53
28,233,14,53
28,233,14,53
29,233,14,53
29,233,14,53
29,233,14,53
30,233,14,53
30,233,14,53
30,233,14,53
31,233,14,53
31,233,14,53
31,233,14,53
32,233,14,53
32,232,14,53
32,232,14,53
33,232,14,53
33,232,14,53
33,232,14,53
34,232,14,53
34,232,14,53
35,232,14,53
35,232,14,53
35,232,14,53
36,232,14,53
36,232,14,53
36,232,14,53
37,232,14,53
37,232,14,53
38,232,14,53
38,233,14,53
38,233,14,53
39,233,14,52
39,233,14,52
40,233,14,52
40,234,14,52
40,234,14,52
41,234,14,52
41,234,14,52
42,235,14,51
42,235,14,51
43,235,14,51
43,235,14,51
43,236,14,51
44,235,14,51
44,235,14,51
44,235,14,51
45,235,14,51
45,235,14,51
45,235,14,51
46,235,14,51
46,235,14,51
46,235,14,51
46,235,14,51
47,235,14,51
47,235,14,51
47,235,14,51
48,235,14,51
48,235,14,51
48,235,14,51
49,235,14,51
49,235,14,51
49,235,14,51
49,235,14,51
50,235,14,51
51,235,14,51
51,234,14,51
52,234,14,51
52,234,14,51
53,234,14,51
53,234,14,51
54,234,14,51
54,234,14,51
55,234,14,51
55,234,14,51
56,234,14,51
56,234,14,51
57,234,14,51
57,234,14,51
58,234,14,51
58,234,14,51
59,234,14,51
60,234,14,51
60,234,14,51
61,234,14,50
61,234,14,50
61,235,14,50
62,235,14,50
62,235,14,50
63,235,14,50
63,235,14,49
64,235,14,49
64,235,14,49
65,235,14,49
65,236,14,49
66,236,14,49
66,236,14,48
67,236,14,48
67,236,14,48
68,236,14,48
68,236,14,48
69,236,14,48
69,236,13,47
70,236,13,47
70,236,13,47
71,236,13,47
71,236,13,47
72,236,13,47
72,236,13,47
73,236,13,47
73,236,13,47
74,235,13,47
74,235,13,47
75,235,13,47
75,235,13,47
75,235,13,47
76,235,13,47
76,235,13,47
77,235,13,47
77,235,13,47
78,234,13,47
78,234,13,47
79,234,13,47
79,234,13,47
79,234,13,47
80,234,13,47
80,234,13,47
80,234,13,47
81,234,13,47
81,234,13,47
81,234,13,47
82,234,13,47
82,234,13,47
82,234,13,47
83,234,13,47
83,234,13,47
83,234,13,47
84,234,13,47
84,234,13,47
85,234,13,47
85,234,13,47
85,234,13,47
86,234,13,47
86,234,13,47
86,234,13,47
87,234,13,47
87,234,13,47
88,234,13,47
88,234,13,47
88,235,13,47
89,235,13,47
89,235,13,47
89,235,13,47
90,235,13,47
90,235,13,47
91,235,13,47
91,235,13,47
91,235,13,47
92,235,13,47
92,235,13,47
92,235,13,47
92,235,13,47
93,235,13,47
93,235,13,47
93,235,13,47
94,235,13,47
94,234,13,47
94,234,13,47
94,234,13,47
95,234,13,47
95,234,13,47
95,234,13,47
96,234,13,47
96,234,13,47
96,234,13,47
96,234,13,47
97,234,13,47
97,234,13,47
97,234,13,47
97,235,13,47
98,235,13,47
98,235,13,47
98,235,13,46
98,235,13,46
98,235,13,46
99,236,13,46
99,236,13,46
99,236,13,46
99,236,13,46
99,236,13,45
100,236,13,45
100,237,13,45
100,237,13,45
100,237,13,45
101,237,13,45
101,237,13,45
101,237,13,45
101,237,13,45
101,237,13,45
102,237,13,45
102,237,13,45
102,237,13,45
102,237,13,45
103,237,13,45
103,237,13,45
103,237,13,45
103,237,13,45
103,237,13,45
104,237,13,45
104,237,13,45
104,237,13,45
104,236,13,45
105,236,13,45
105,236,13,45
105,236,13,45
106,236,13,45
106,236,13,45
106,236,13,45
106,236,13,45
107,236,13,45
107,236,13,45
107,236,13,45
108,236,13,45
108,236,13,45
108,236,13,45
108,236,13,45
109,236,13,45
109,236,13,45
109,236,13,45
110,236,13,45
110,236,13,45
110,236,13,45
110,236,13,45
111,236,13,45
111,236,13,45
111,236,13,45
111,236,13,45
112,236,13,45
112,236,13,45
112,236,13,45
113,236,13,45
113,236,13,45
113,236,13,45
113,236,13,45
114,236,13,45
114,236,13,45
114,236,13,45
115,236,13,45
115,236,13,45
115,236,13,45
115,236,13,45
115,236,13,45
116,236,13,44
116,236,13,44
116,236,13,44
116,236,13,44
117,236,13,44
117,236,13,44
117,237,13,44
117,237,13,44
118,237,13,44
118,237,13,44
118,237,13,44
118,237,13,44
119,237,13,44
119,237,13,44
119,237,13,43
119,237,13,43
120,237,13,43
120,237,13,43
120,237,13,43
120,237,13,43
120,237,13,43
121,237,13,43
121,237,13,43
121,237,13,43
121,237,13,43
121,237,13,43
122,237,13,43
122,237,13,43
122,237,13,43
122,237,13,43
122,237,13,43
122,237,13,43
123,237,13,43
123,237,13,43
123,237,13,43
123,237,13,43
123,237,13,43
124,237,13,43
124,237,13,43
124,237,13,43
125,237,13,43
125,237,13,43
125,237,13,43
125,237,13,43
126,237,13,43
126,237,13,43
126,237,13,43
127,237,13,43
127,237,13,43
127,237,13,43
127,237,13,43
128,237,13,43
128,237,13,43
128,237,13,43
129,237,13,43
129,237,13,43
129,237,13,43
129,237,13,43
130,237,13,43
130,236,13,43
130,236,13,43
130,236,13,43
130,236,13,43
130,236,13,43
130,236,13,43
130,236,13,43
130,236,13,43
130,236,13,43
130,236,13,43
130,236,13,43
130,236,13,43
131,236,13,43
131,236,13,43
131,236,13,43
131,236,13,43
131,236,13,43
131,236,13,43
131,236,13,43
131,236,13,43
131,236,13,43
131,236,13,43
131,236,13,43
131,236,13,43
131,236,13,43
131,236,13,43
132,236,13,43
132,236,13,43
132,236,13,43
132,236,13,43
132,236,13,43
133,237,13,42
133,237,13,42
133,237,13,42
133,237,13,42
134,237,13,42
134,237,13,42
134,237,13,42
134,237,13,42
135,237,13,41
135,237,13,41
135,237,13,41
135,237,13,41
135,237,12,41
136,238,12,41
136,238,12,41
136,238,12,41
136,238,12,40
137,238,12,40
137,238,12,40
137,238,12,40
137,238,12,40
137,238,12,40
138,238,12,40
138,238,12,40
138,238,12,39
138,238,12,39
139,238,12,39
139,238,12,39
139,238,12,39
139,238,12,39
139,238,12,39
139,239,12,39
139,239,12,39
140,239,12,39
140,239,12,39
140,239,12,39
140,239,12,39
140,239,12,39
140,239,12,39
140,239,12,39
141,239,12,39
141,239,12,39
141,239,12,39
141,239,12,39
141,239,12,39
142,239,12,39
142,239,12,39
142,239,12,39
142,239,12,39
142,239,12,39
143,239,12,39
143,239,12,39
143,239,12,39
143,239,12,39
143,239,12,39
144,239,12,39
144,239,12,39
144,239,12,39
144,239,12,39
144,239,12,39
145,239,12,39
145,239,12,39
145,239,12,39
145,239,12,39
146,239,12,39
146,239,12,39
146,239,12,39
146,239,12,39
147,239,12,39
147,238,12,39
147,238,12,39
147,238,12,39
148,238,12,39
148,238,12,39
148,238,12,39
148,238,12,39
148,238,12,39
149,238,12,39
149,238,12,39
149,238,12,39
149,238,12,39
150,238,12,39
150,238,12,39
150,238,12,39
150,238,12,39
151,238,12,39
151,238,12,39
151,238,12,39
151,238,12,39
152,238,12,39
152,238,12,39
152,238,12,39
152,238,12,39
153,238,12,39
153,238,12,39
153,238,12,39
154,238,12,39
154,238,12,39
154,238,12,39
154,238,12,39
155,238,12,39
155,238,12,39
155,238,12,39
156,238,12,39
156,237,12,39
156,237,12,39
157,237,12,39
157,237,12,39
157,237,12,39
157,237,12,39
158,237,12,39
158,237,12,39
158,237,12,39
159,237,12,39
159,237,12,39
159,237,12,39
160,237,12,39
160,237,12,39
160,237,12,39
161,238,12,39
161,238,12,39
161,238,12,39
162,238,12,39
162,238,12,39
162,238,12,39
163,238,12,39
163,238,12,39
163,238,12,39
163,238,12,39
163,238,12,39
164,238,11,39
164,238,11,39
164,238,11,39
164,238,11,38
164,239,11,38
165,239,11,38
165,239,11,38
165,239,11,38
165,239,11,38
165,239,11,38
166,239,11,38
166,239,11,38
166,239,11,37
166,239,11,37
166,239,11,37
166,240,11,37
167,240,10,37
167,240,10,37
167,240,10,37
167,240,10,37
168,240,10,37
168,240,10,37
168,240,10,37
169,240,10,37
169,240,10,37
169,240,10,37
170,240,10,37
170,239,10,37
170,239,10,37
170,239,10,37
171,239,10,37
171,239,10,37
171,239,10,37
172,239,10,37
172,239,10,37
172,239,10,37
173,239,10,37
173,239,10,37
173,239,10,37
173,239,10,37
173,239,10,37
174,239,10,37
174,239,10,37
174,239,10,37
174,239,10,37
174,239,10,37
175,239,10,37
175,239,10,37
175,239,10,37
175,239,10,37
176,239,10,37
176,239,10,37
176,239,10,37
176,239,10,37
176,239,10,37
177,239,10,37
177,239,10,37
177,239,10,37
177,239,10,37
177,239,10,37
178,239,10,37
178,239,10,37
178,239,10,37
178,239,10,37
179,239,10,37
179,239,10,37
179,239,10,37
179,239,10,37
180,239,10,37
180,239,10,37
180,239,10,37
181,239,10,37
181,239,10,37
181,239,10,37
181,239,10,37
182,239,10,37
182,239,10,37
182,239,10,37
182,239,10,37
183,239,10,37
183,239,10,37
183,239,10,37
183,239,10,37
184,239,10,37
184,239,10,37
184,239,10,37
184,239,10,37
185,239,10,37
185,239,10,37
185,239,10,37
185,239,10,37
185,239,10,37
186,239,10,37
186,239,10,37
186,239,10,37
186,239,10,37
186,239,10,37
187,239,10,37
187,239,10,37
187,239,10,37
187,239,10,37
187,239,10,37
188,239,10,37
188,239,10,37
188,239,10,37
188,239,10,37
189,239,10,37
189,239,10,37
189,239,10,37
189,239,10,37
189,239,10,37
189,239,10,37
189,239,10,37
190,239,10,37
190,239,10,37
190,239,10,37
190,239,10,37
190,239,10,37
190,238,10,37
190,238,10,37
190,238,10,37
191,238,10,37
191,238,10,37