154,338,19,24
154,338,19,24
154,338,19,24
154,338,19,24
153,338,19,24
153,338,19,24
153,338,19,24
153,338,19,24
153,338,19,24
153,338,19,24
153,338,20,24
153,337,20,24
153,337,21,24
153,337,21,24
154,337,21,24
155,336,22,24
156,336,22,24
157,336,23,24
158,335,23,25
159,335,23,25
159,335,24,25
160,335,24,25
161,336,24,25
161,336,24,25
162,336,24,25
163,336,24,25
163,337,25,25
164,337,25,25
165,337,25,25
166,337,25,25
167,338,25,25
168,338,25,25
169,338,25,25
171,338,25,25
172,338,25,25
173,338,25,25
175,338,25,25
176,339,25,25
177,339,25,25
178,339,25,25
180,339,25,25
182,339,25,25
184,339,25,25
185,339,25,25
187,339,25,25
189,340,25,25
191,340,25,25
192,340,25,25
194,340,25,25
196,340,25,25
198,340,25,25
199,341,25,25
201,341,25,25
203,342,25,25
205,342,25,25
206,342,25,25
208,343,25,25
210,343,25,25
211,344,25,25
213,344,25,25
216,344,25,25
219,343,25,25
222,343,25,25
225,343,25,25
228,343,25,25
231,342,25,25
233,342,25,25
236,342,25,25
239,342,25,25
242,341,25,25
245,341,25,25
248,340,25,25
251,339,25,25
254,339,25,25
257,338,25,25
260,337,25,25
262,336,25,25
265,336,25,25
268,335,25,25
271,334,25,25
273,335,25,25
275,335,25,25
277,336,25,25
279,336,25,25
281,337,25,25
283,337,25,25
285,338,25,25
287,338,25,25
289,339,25,25
291,339,25,25
293,339,25,25
295,339,25,25
296,338,25,25
298,338,25,25
300,337,25,25
302,337,25,25
304,337,25,25
305,336,25,25
307,336,25,25
309,336,25,25
311,335,25,25
314,335,25,25
316,335,25,25
319,335,25,25
321,335,25,25
323,335,25,25
326,335,25,25
328,335,25,25
330,335,25,25
333,335,25,25
334,335,25,25
335,335,25,25
336,334,25,25
338,334,25,25
339,334,25,25
340,334,25,25
341,334,25,25
342,333,25,25
343,333,25,25
344,333,25,25
346,333,25,25
347,333,25,25
348,333,25,25
350,333,25,25
351,333,25,25
352,333,25,25
353,333,25,25
355,333,25,25
356,333,25,25
357,333,25,25
359,333,25,25
360,333,25,25
361,333,25,25
362,333,25,25
363,333,25,25
365,333,25,25
366,333,25,25
367,333,25,25
368,333,25,25
370,333,25,25
370,333,25,25
371,332,25,25
372,332,25,25
373,331,25,25
373,331,25,25
374,331,25,25
375,330,25,25
376,330,25,25
376,330,25,25
377,329,25,25
378,329,25,25
379,330,25,25
380,330,25,25
380,330,25,25
381,331,25,25
382,331,25,25
383,331,25,25
383,332,25,25
384,332,25,25
385,332,25,25
386,333,25,25
386,333,25,25
387,333,25,25
388,334,25,25
389,334,25,25
389,335,25,25
390,335,25,25
391,335,25,25
391,336,25,25
392,336,25,25
393,336,25,25
393,335,25,25
394,334,25,25
395,334,25,25
395,333,25,25
396,333,25,25
397,332,25,25
397,332,25,25
398,331,25,25
399,330,25,25
399,330,25,25
400,329,25,25
401,328,25,25
401,328,25,25
402,327,25,25
403,327,25,25
403,326,25,25
404,325,25,25
405,325,25,25
406,324,25,25
406,324,25,25
407,323,25,25
407,323,25,25
408,323,25,25
408,322,25,25
409,322,25,25
410,322,25,25
410,321,25,25
411,321,25,25
411,321,25,25
412,321,25,25
413,320,25,25
414,320,25,25
415,320,25,25
416,320,25,25
417,320,25,25
418,320,25,25
419,320,25,25
420,320,25,25
421,319,25,25
422,319,25,25
423,319,25,25
424,319,25,25
424,319,25,25
425,319,25,25
426,319,25,25
427,319,25,25
428,319,25,25
429,319,25,25
429,319,25,25
430,319,25,25
430,319,25,25
431,319,25,25
431,319,25,25
432,319,25,25
432,319,25,25
433,319,25,25
434,319,25,25
434,319,25,25
435,319,25,25
435,319,25,25
435,319,25,25
436,319,25,25
436,319,25,25
437,319,25,25
437,319,25,25
438,319,25,25
438,319,25,25
439,319,25,25
439,319,25,25
440,319,25,25
440,319,25,25
441,319,25,25
441,319,25,25
442,319,25,25
443,319,25,25
443,319,25,25
444,319,25,25
444,319,25,25
445,319,25,25
445,320,25,24
445,320,25,24
446,320,24,24
446,320,24,24
446,320,24,24
446,320,23,24
447,320,23,24
447,320,23,24
447,320,22,23
447,320,22,23
448,320,22,23
448,320,22,23
448,320,22,23
448,320,22,23
448,320,22,23
449,320,22,23
449,320,22,23
449,320,22,23
449,320,22,23
449,319,22,23
450,319,22,23
450,319,22,23
451,319,22,23
451,319,22,23
452,319,22,23
452,318,22,23
452,318,22,23
453,318,22,23
453,318,22,23
454,318,22,23
454,317,22,23
453,317,22,23
453,317,22,23
453,317,22,23
453,317,22,23
453,317,22,23
452,317,22,23
452,317,22,23
452,316,22,23
452,316,22,23
452,316,22,23
453,316,22,23
453,315,22,23
453,315,22,23
454,315,22,23
454,314,22,23
454,314,22,23
454,314,22,23
455,313,22,23
455,313,22,23
456,313,22,23
456,313,22,23
456,313,22,23
457,313,22,23
457,313,22,23
458,313,22,23
458,313,22,23
459,313,22,23
459,312,22,23
460,312,22,23
460,312,22,23
460,312,22,23
460,312,22,23
460,312,22,23
460,311,22,23
460,311,22,23
460,311,22,23
460,311,22,23
460,311,22,23
460,310,22,23
459,310,22,23
459,310,22,23
459,310,22,23
459,310,22,23
459,310,22,23
458,310,22,23
458,310,22,23
458,310,22,23
458,310,22,23
458,310,22,23
458,311,22,23
458,311,22,23
458,312,22,23
458,312,22,23
458,312,22,23
458,313,22,23
458,313,22,23
458,314,22,23
458,314,22,23
459,314,22,23
459,315,22,23
459,315,22,23
459,315,22,23
459,316,22,23
459,316,22,23
