446,240,15,46
446,240,15,46
446,240,15,46
446,240,15,46
446,240,15,46
446,240,15,46
446,240,15,46
446,240,14,46
446,240,14,46
446,240,14,46
446,240,14,46
446,240,14,46
446,240,14,46
446,240,14,46
446,240,14,46
446,240,14,45
446,240,14,45
446,240,14,45
446,240,14,45
446,240,14,45
446,240,14,45
446,240,14,45
446,240,14,45
446,240,14,45
446,240,14,45
446,240,14,45
446,240,14,45
446,240,14,45
446,240,14,45
446,240,14,45
446,240,14,45
446,240,14,45
446,240,14,45
446,240,14,45
447,240,14,45
447,240,14,45
447,240,14,45
447,240,14,45
447,240,14,45
447,240,14,45
447,240,14,45
447,240,14,45
447,240,14,45
447,240,14,45
447,240,14,45
447,240,14,45
447,240,14,45
447,240,14,45
447,240,14,45
447,240,14,45
447,240,14,45
447,240,14,45
447,240,14,45
447,240,14,45
447,240,14,45
447,240,14,45
447,240,14,45
447,240,14,45
447,240,14,45
447,240,14,45
447,240,14,45
447,240,14,45
447,240,14,45
447,240,14,45
447,240,14,44
447,240,14,44
447,240,14,44
447,240,14,44
447,240,14,44
447,240,14,44
447,240,14,44
447,240,14,44
447,240,14,44
447,240,14,44
447,240,14,44
447,240,14,44
447,240,14,44
447,240,14,44
447,240,14,44
447,240,14,44
447,240,14,44
448,240,14,44
448,240,14,44
448,240,14,44
448,240,14,44
448,240,14,44
448,240,14,44
448,240,14,44
448,240,14,44
448,240,14,44
448,241,14,44
448,241,14,44
448,241,14,44
448,241,14,44
448,241,14,44
448,241,14,44
448,241,14,44
448,241,14,44
448,241,14,44
448,241,14,44
448,241,14,44
448,241,14,44
448,241,14,44
448,241,14,44
448,241,14,44
448,241,14,44
448,241,14,44
448,241,14,44
448,241,14,44
448,241,14,44
448,241,14,44
448,241,14,44
448,241,14,44
448,241,14,43
448,241,14,43
448,241,14,43
448,241,14,43
448,241,14,43
448,241,14,43
448,241,14,43
448,241,14,43
448,241,14,43
448,241,14,43
448,241,14,43
448,241,14,43
448,241,14,43
448,241,14,43
448,241,14,43
449,241,14,43
449,241,14,43
449,241,14,43
449,241,14,43
449,241,14,43
449,241,14,43
449,241,14,43
449,241,14,43
449,241,14,43
449,241,13,43
449,241,13,43
449,241,13,43
449,241,13,43
449,241,13,43
449,241,13,43
449,241,13,43
449,241,13,43
449,241,13,43
449,241,13,43
449,241,13,43
449,241,13,43
449,241,13,43
449,241,13,43
449,241,13,43
449,241,13,43
449,241,13,43
449,241,13,43
449,241,13,43
449,241,13,43
449,241,13,43
449,241,13,43
449,241,13,43
449,241,13,43
449,241,13,43
449,241,13,42
449,241,13,42
449,241,13,42
449,241,13,42
449,241,13,42
449,241,13,42
449,241,13,42
449,241,13,42
449,241,13,42
449,241,13,42
449,241,13,42
449,241,13,42
449,241,13,42
450,241,13,42
450,241,13,42
450,241,13,42
450,241,13,42
450,241,13,42
450,241,13,42
450,241,13,42
450,241,13,42
450,241,13,42
450,241,13,42
450,241,13,42
450,241,13,42
450,241,13,42
450,241,13,42
450,241,13,42
450,241,13,42
450,241,13,42
450,241,13,42
450,241,13,42
450,241,13,42
450,241,13,42
450,241,13,42
450,241,13,42
450,241,13,42
450,241,13,42
450,241,13,42
450,241,13,42
450,241,13,42
450,241,13,42
450,241,13,42
450,241,13,42
450,241,13,42
450,241,13,42
450,241,13,42
450,241,13,42
450,241,13,42
450,241,13,41
450,241,13,41
450,241,13,41
450,241,13,41
450,241,13,41
450,241,13,41
450,241,13,41
450,241,13,41
450,241,13,41
450,241,13,41
450,241,13,41
451,241,13,41
451,241,13,41
451,241,13,41
451,241,13,41
451,241,13,41
451,241,13,41
451,241,13,41
451,241,13,41
451,241,13,41
451,241,13,41
451,241,13,41
451,241,13,41
451,241,13,41
451,241,13,41
451,241,13,41
451,241,13,41
451,241,13,41
451,241,13,41
451,241,13,41
451,241,13,41
451,241,13,41
451,241,13,41
451,241,13,41
451,241,13,41
451,241,13,41
451,241,13,41
451,241,13,41
451,241,13,41
451,241,13,41
451,241,13,41
451,241,13,41
451,241,13,41
451,241,13,41
451,241,13,41
451,241,13,41
451,241,13,41
451,241,13,41
451,241,13,41
451,241,13,40
451,241,13,40
451,241,13,40
451,241,13,40
451,241,13,40
451,241,13,40
451,241,13,40
451,241,13,40
451,241,12,40
452,241,12,40
452,241,12,40
452,242,12,40
452,242,12,40
452,242,12,40
452,242,12,40
452,242,12,40
452,242,12,40
452,242,12,40
452,242,12,40
452,242,12,40
452,242,12,40
452,242,12,40
452,242,12,40
452,242,12,40
452,242,12,40
452,242,12,40
452,242,12,40
452,242,12,40
452,242,12,40
452,242,12,40
452,242,12,40
452,242,12,40
452,242,12,40
452,242,12,40
452,242,12,40
452,242,12,40
452,242,12,40
452,242,12,40
452,242,12,40
452,242,12,40
452,242,12,40
452,242,12,40
452,242,12,40
452,242,12,40
452,242,12,40
452,242,12,40
452,242,12,40
452,242,12,40
452,242,12,40
452,242,12,39
452,242,12,39
452,242,12,39
452,242,12,39
452,242,12,39
452,242,12,39
452,242,12,39
453,242,12,39
453,242,12,39
453,242,12,39
453,242,12,39
453,242,12,39
453,242,12,39
453,242,12,39
453,242,12,39
453,242,12,39
453,242,12,39
453,242,12,39
453,242,12,39
453,242,12,39
453,242,12,39
453,242,12,39
453,242,12,39
453,242,12,39
453,242,12,39
453,242,12,39
453,242,12,39
453,242,12,39
453,242,12,39
453,242,12,39
453,242,12,39
453,242,12,39
453,242,12,39
453,242,12,39
453,242,12,39
453,242,12,39
453,242,12,39
453,242,12,39
453,242,12,39
453,242,12,39
453,242,12,39
453,242,12,39
453,242,12,39
453,242,12,39
453,242,12,39
453,242,12,39
453,242,12,39
453,242,12,39
453,242,12,39
453,242,12,38
453,242,12,38
453,242,12,38
453,242,12,38
453,242,12,38
454,242,12,38
454,242,12,38
454,242,12,38
454,242,12,38
454,242,12,38
454,242,12,38
454,242,12,38
454,242,12,38
454,242,12,38
454,242,12,38
454,242,12,38
454,242,12,38
454,242,12,38
454,242,12,38
454,242,12,38
454,242,12,38
454,242,12,38
454,242,12,38
454,242,12,38
454,242,12,38
454,242,12,38
454,242,12,38
454,242,12,38
454,242,12,38
454,242,12,38
454,242,12,38
454,242,12,38
454,242,12,38
454,242,12,38
454,242,12,38
454,242,12,38
454,242,12,38
454,242,12,38
454,242,12,38
454,242,12,38
454,242,12,38
454,242,11,38
454,242,11,38
454,242,11,38
454,242,11,38
454,242,11,38
454,242,11,38
454,242,11,38
454,242,11,38
454,242,11,37
454,242,11,37
454,242,11,37
455,242,11,37
455,242,11,37
455,242,11,37
455,242,11,37
455,242,11,37
455,242,11,37
455,242,11,37
455,242,11,37
455,242,11,37
455,242,11,37
455,242,11,37
455,242,11,37
455,242,11,37
455,242,11,37
455,242,11,37
455,242,11,37
455,242,11,37
455,242,11,37
455,242,11,37
455,242,11,37
455,242,11,37
455,242,11,37
455,242,11,37
455,242,11,37
455,242,11,37
455,242,11,37
455,242,11,37
455,242,11,37
455,242,11,37
455,242,11,37
455,242,11,37
455,242,11,37
455,242,11,37
455,242,11,37
455,242,11,37
455,242,11,37
455,242,11,37
455,242,11,37
455,242,11,37
455,242,11,37
455,242,11,37
455,242,11,37
455,243,11,37
455,243,11,37
455,243,11,37
455,243,11,37
455,243,11,36
456,243,11,36
456,243,11,36
456,243,11,36
456,243,11,36
456,243,11,36
456,243,11,36
456,243,11,36
456,243,11,36
456,243,11,36
456,243,11,36
456,243,11,36
456,243,11,36
456,243,11,36
456,243,11,36
456,243,11,36
456,243,11,36
456,243,11,36
456,243,11,36
456,243,11,36
456,243,11,36
456,243,11,36
456,243,11,36
456,243,11,36
456,243,11,36
456,243,11,36
456,243,11,36
456,243,11,36
456,243,11,36
456,243,11,36
456,243,11,36
456,243,11,36
456,243,11,36
456,243,11,36
456,243,11,36
456,243,11,36
456,243,11,36
456,243,11,36
456,243,11,36
456,243,11,36
456,243,11,36
456,243,11,36
456,243,11,36
456,243,11,36
456,243,11,36
456,243,11,36
456,243,11,36
456,243,11,36
457,243,11,36
457,243,11,35
457,243,11,35
457,243,11,35
457,243,11,35
457,243,11,35
457,243,11,35
457,243,11,35
457,243,11,35
457,243,11,35
457,243,11,35
457,243,11,35
457,243,11,35
457,243,11,35
457,243,11,35
457,243,11,35
457,243,11,35
457,243,11,35
457,243,11,35
457,243,11,35
457,243,11,35
457,243,11,35
457,243,11,35
457,243,11,35
457,243,11,35
457,243,10,35
457,243,10,35
457,243,10,35
457,243,10,35
457,243,10,35
457,243,10,35
457,243,10,35
457,243,10,35
457,243,10,35
457,243,10,35
457,243,10,35
457,243,10,35
457,243,10,35
457,243,10,35
457,243,10,35
457,243,10,35
457,243,10,35
457,243,10,35
457,243,10,35
457,243,10,35
457,243,10,35
457,243,10,35
458,243,10,35
458,243,10,35
458,243,10,35
458,243,10,34
458,243,10,34
458,243,10,34
458,243,10,34
458,243,10,34
458,243,10,34
458,243,10,34
458,243,10,34
458,243,10,34
458,243,10,34
458,243,10,34
458,243,10,34
458,243,10,34
458,243,10,34
458,243,10,34
458,243,10,34
458,243,10,34
458,243,10,34
458,243,10,34
458,243,10,34
458,243,10,34
458,243,10,34
458,243,10,34
458,243,10,34
458,243,10,34
458,243,10,34
458,243,10,34
458,243,10,34
458,243,10,34
458,243,10,34
458,243,10,34
458,243,10,34
458,243,10,34
458,243,10,34
458,243,10,34
458,243,10,34
458,243,10,34
458,243,10,34
458,243,10,34
458,243,10,34
458,243,10,34
458,243,10,34
458,243,10,34
458,243,10,34
459,243,10,34
459,243,10,34
459,243,10,34
459,243,10,34
459,243,10,34
459,243,10,33
459,243,10,33
459,243,10,33
459,243,10,33
459,243,10,33
459,243,10,33
459,243,10,33
459,243,10,33
459,243,10,33
459,243,10,33
459,243,10,33
459,243,10,33
459,243,10,33
459,243,10,33
459,243,10,33
459,243,10,33
459,243,10,33
459,243,10,33
459,243,10,33
459,243,10,33
459,243,10,33
459,243,10,33
459,243,10,33
459,243,10,33
459,243,10,33
459,243,10,33
459,243,10,33
459,243,10,33
459,243,10,33
459,244,10,33
459,244,10,33
459,244,10,33
459,244,10,33
459,244,10,33
459,244,10,33
459,244,10,33
459,244,10,33
459,244,10,33
459,244,10,33
459,244,10,33
459,244,10,33
459,244,10,33
460,244,10,33
460,244,10,33
460,244,10,33
460,244,10,33
460,244,10,33
460,244,10,33
460,244,10,33
460,244,10,32
460,244,10,32
460,244,10,32
460,244,10,32
460,244,10,32
460,244,10,32
460,244,10,32
460,244,10,32
460,244,9,32
460,244,9,32
460,244,9,32
460,244,9,32
460,244,9,32
460,244,9,32
460,244,9,32
460,244,9,32
460,244,9,32
460,244,9,32
460,244,9,32
460,244,9,32
460,244,9,32
460,244,9,32
460,244,9,32
460,244,9,32
460,244,9,32
460,244,9,32
460,244,9,32
460,244,9,32
460,244,9,32
460,244,9,32
460,244,9,32
460,244,9,32
460,244,9,32
460,244,9,32
460,244,9,32
460,244,9,32
460,244,9,32
460,244,9,32
460,244,9,32
460,244,9,32
461,244,9,32
461,244,9,32
461,244,9,32
461,244,9,32
461,244,9,32
461,244,9,32
461,244,9,32
461,244,9,32
461,244,9,32
461,244,9,31
461,244,9,31
461,244,9,31
461,244,9,31
461,244,9,31
461,244,9,31
461,244,9,31
461,244,9,31
461,244,9,31
461,244,9,31
461,244,9,31
461,244,9,31
461,244,9,31
461,244,9,31
461,244,9,31
461,244,9,31
461,244,9,31
461,244,9,31
461,244,9,31
461,244,9,31
461,244,9,31
461,244,9,31
461,244,9,31
461,244,9,31
461,244,9,31
461,244,9,31
461,244,9,31
461,244,9,31
461,244,9,31
461,244,9,31
461,244,9,31
461,244,9,31
461,244,9,31
461,244,9,31
461,244,9,31
461,244,9,31
461,244,9,31
461,244,9,31
462,244,9,31
462,244,9,31
462,244,9,31
462,244,9,31
462,244,9,31
462,244,9,31
462,244,9,31
462,244,9,31
462,244,9,31
462,244,9,31
462,244,9,31
462,244,9,30
462,244,9,30
462,244,9,30
462,244,9,30
462,244,9,30
462,244,9,30
462,244,9,30
462,244,9,30
462,244,9,30
462,244,9,30
462,244,9,30
462,244,9,30
462,244,9,30
462,244,9,30
462,244,9,30
462,244,9,30
462,244,9,30
462,244,9,30
462,244,9,30
462,244,9,30
462,244,9,30
462,244,9,30
462,244,9,30
462,244,9,30
462,244,9,30
462,244,9,30
462,244,9,30
462,244,9,30
462,244,9,30
462,244,9,30
462,244,9,30
462,244,9,30
462,244,9,30
462,244,9,30
462,244,9,30
462,244,9,30
463,244,9,30
463,244,9,30
463,244,9,30
463,244,9,30
463,244,8,30
463,244,8,30
463,244,8,30
463,244,8,30
463,244,8,30
463,244,8,30
463,244,8,30
463,244,8,30
463,244,8,30
463,244,8,29
463,244,8,29
463,244,8,29
463,244,8,29
463,244,8,29
463,244,8,29
463,244,8,29
463,244,8,29
463,244,8,29
463,244,8,29
463,244,8,29
463,244,8,29
463,244,8,29
463,244,8,29
463,245,8,29
463,245,8,29
463,245,8,29
463,245,8,29
463,245,8,29
463,245,8,29
463,245,8,29
463,245,8,29
463,245,8,29
463,245,8,29
463,245,8,29
463,245,8,29
463,245,8,29
463,245,8,29
463,245,8,29
463,245,8,29
463,245,8,29
463,245,8,29
463,245,8,29
463,245,8,29
464,245,8,29
464,245,8,29
464,245,8,29
464,245,8,29
464,245,8,29
464,245,8,29
464,245,8,29
464,245,8,29
464,245,8,29
464,245,8,29
464,245,8,29
464,245,8,29
464,245,8,29
464,245,8,29
464,245,8,29
464,245,8,28
464,245,8,28
464,245,8,28
464,245,8,28
464,245,8,28
464,245,8,28
464,245,8,28
464,245,8,28
464,245,8,28
464,245,8,28
464,245,8,28
464,245,8,28
464,245,8,28
464,245,8,28
464,245,8,28
464,245,8,28
464,245,8,28
464,245,8,28
464,245,8,28
464,245,8,28
464,245,8,28
464,245,8,28
464,245,8,28
464,245,8,28
464,245,8,28
464,245,8,28
464,245,8,28
464,245,8,28
464,245,8,28
464,245,8,28
464,245,8,28
464,245,8,28
465,245,8,28
465,245,8,28
465,245,8,28
465,245,8,28
465,245,8,28
465,245,8,28
465,245,8,28
465,245,8,28
465,245,8,28
465,245,8,28
465,245,8,28
465,245,8,28
465,245,8,28
465,245,8,28
465,245,8,28
465,245,8,28
465,245,8,28
465,245,8,27
465,245,8,27
465,245,8,27
465,245,8,27
465,245,8,27
465,245,8,27
465,245,8,27
465,245,8,27
465,245,8,27
465,245,8,27
465,245,8,27
