197,390,14,25
197,391,14,25
197,391,14,25
197,392,14,26
197,392,14,26
196,393,14,26
196,393,14,27
196,394,13,27
196,394,14,28
195,394,14,28
195,394,14,28
194,394,14,29
193,394,14,29
193,393,14,30
192,393,14,30
192,393,14,31
192,393,14,31
192,393,14,31
192,393,14,31
192,393,14,31
192,393,13,31
192,393,13,31
191,393,13,31
191,393,13,31
191,393,13,31
191,393,13,30
191,392,13,30
191,392,13,30
191,392,13,30
191,392,13,30
191,392,12,30
191,392,12,30
191,392,12,30
191,392,12,30
191,392,12,30
191,392,12,30
191,392,12,30
190,391,12,30
189,391,12,29
188,391,12,28
187,391,11,28
186,391,11,27
184,390,11,27
183,390,11,26
182,390,11,25
181,390,11,25
180,389,11,24
179,389,10,24
178,389,10,23
177,389,10,23
176,389,10,22
175,389,10,22
174,390,10,22
173,391,10,22
172,391,10,22
171,392,10,22
170,393,10,22
169,393,10,22
169,394,10,22
168,395,10,22
167,395,10,22
166,396,10,22
165,397,10,22
163,397,10,22
162,398,10,22
160,398,10,22
159,399,10,22
157,399,9,22
155,400,9,22
154,400,9,22
152,401,9,22
151,401,9,22
149,402,9,22
147,402,9,22
145,401,9,22
143,401,9,22
142,401,9,22
140,401,9,22
138,401,10,22
136,400,10,23
134,400,10,23
133,400,10,23
131,400,10,23
129,400,10,23
127,399,10,23
125,399,10,23
124,399,11,24
123,400,11,24
121,400,11,24
120,401,11,24
119,402,11,24
118,402,11,24
117,403,11,24
116,404,11,24
115,404,11,24
114,405,11,24
113,406,11,24
111,406,11,23
110,406,11,23
108,407,11,23
107,407,11,23
105,407,10,23
104,407,10,23
103,407,10,23
101,408,10,23
100,408,10,22
98,408,10,22
97,408,10,22
96,409,10,22
94,409,10,22
92,410,10,22
90,410,10,22
88,411,10,22
85,412,11,23
84,412,11,23
83,412,11,23
82,412,11,23
81,413,11,23
80,413,11,23
79,413,11,24
78,413,11,24
77,413,11,24
76,413,11,24
75,414,11,24
74,414,11,24
73,414,11,24
71,414,11,23
69,413,11,23
67,413,11,22
66,413,11,22
64,413,11,21
62,413,11,21
61,413,11,20
59,413,11,20
57,413,11,19
55,413,11,19
54,412,11,18
52,412,11,18
50,412,11,17
48,412,11,17
46,412,11,17
44,412,11,17
42,412,11,17
40,412,11,16
38,412,11,16
36,412,11,16
33,412,11,16
31,411,11,16
29,411,11,16
27,411,11,16
26,411,11,16
25,411,11,16
23,411,11,16
22,412,11,17
21,412,11,17
20,412,11,17
18,412,11,17
17,412,11,18
16,412,11,18
15,412,11,18
13,412,11,19
12,412,11,19
11,411,11,19
10,411,11,19
9,410,11,19
8,410,11,19
7,410,11,19
6,409,11,19
5,409,11,19
4,409,11,19
3,408,11,19
2,408,11,19
1,407,11,19
0,405,11,19
0,402,11,19
0,400,11,19
-1,397,11,19
2,402,11,19
6,407,11,19
10,412,11,19
13,417,11,19
17,422,11,19
21,426,11,19
22,431,11,19
23,435,11,19
24,439,11,19
25,443,11,19
26,447,11,19
27,451,11,19
29,452,11,19
31,453,11,19
33,455,11,19
35,456,11,19
37,457,11,19
39,458,11,19
39,456,11,18
39,453,11,18
40,450,11,18
40,448,11,18
40,445,11,18
40,443,11,17
41,440,11,17
40,443,11,17
40,445,11,17
39,447,11,17
38,450,11,17
37,448,11,17
36,446,11,17
34,444,11,17
33,443,11,17
32,441,11,17
29,441,11,17
27,442,11,17
25,442,11,17
22,442,11,17
20,443,11,17
18,443,11,17
17,444,11,17
17,445,11,17
17,445,11,17
16,446,11,17
16,447,11,17
15,447,11,17
15,448,11,17
15,449,11,17
14,449,11,17
14,450,11,17
13,451,11,17
11,449,11,17
8,451,11,17
6,451,11,17
4,452,11,17
2,452,11,17
0,453,11,17
-1,453,11,17
-3,453,11,17
-5,454,11,17
-7,454,11,17
-8,455,11,17
-10,455,11,17
-12,456,11,17
-14,456,11,17
-16,457,11,17
-18,457,11,17
-20,458,11,17
-22,458,11,17
-24,458,11,17
-24,458,11,17
-24,458,11,17
-24,458,11,17
-24,457,11,17
-24,457,11,17
-24,457,11,17
-23,456,11,17
-23,456,11,17
-23,456,11,17
-23,455,11,17
-23,455,11,17
-23,455,11,17
-23,455,11,17
-23,454,11,17
-23,454,11,17
-23,454,11,17
-23,453,11,17
-23,453,11,17
-22,453,11,17
-22,452,11,17
-22,452,11,17
-22,452,11,17
-22,451,11,17
-22,451,11,17
-22,451,11,17
-22,451,11,17
-22,450,11,18
-22,450,11,18
-22,450,11,18
-22,449,11,18
-21,449,11,18
-21,449,11,18
-21,448,11,18
-21,448,11,18
-21,448,11,18
-21,448,11,18
-21,447,11,18
-21,447,11,18
-21,447,11,18
-21,446,11,18
-21,446,11,18
-20,446,11,18
-20,445,11,18
-20,445,11,18
-20,445,11,18
-20,444,11,18
-20,444,11,18
-20,444,11,18
-20,444,11,18
-20,443,11,18
-20,443,11,18
-20,443,11,18
-20,442,11,19
-19,442,11,19
-19,442,11,19
-19,441,11,19
-19,441,11,19
-19,441,11,19
-19,441,11,19
-19,440,11,19
-19,440,11,19
-19,440,11,19
-19,439,11,19
-19,439,11,19
-19,439,11,19
-18,438,11,19
-18,438,11,19
-18,438,11,19
-18,437,11,19
-18,437,11,19
-18,437,11,19
-18,437,11,19
-18,436,11,19
-18,436,11,19
-18,436,11,19
-18,435,11,19
-18,435,11,19
-17,435,11,19
-17,434,11,19
-17,434,11,20
-17,434,11,20
-17,434,11,20
-17,433,11,20
-17,433,11,20
-17,433,11,20
-17,432,11,20
-17,432,11,20
-17,432,11,20
-17,431,11,20
-16,431,11,20
-16,431,11,20
-16,430,11,20
-16,430,11,20
-16,430,11,20
-16,430,11,20
-16,429,11,20
-16,429,11,20
-16,429,11,20
-16,428,11,20
-16,428,11,20
-16,428,11,20
-15,427,11,20
-15,427,11,20
-15,427,11,20
-15,427,11,20
-15,426,11,20
-15,426,11,21
-15,426,11,21
-15,425,11,21
-15,425,11,21
-15,425,11,21
-15,424,11,21
-15,424,11,21
-14,424,11,21
-14,423,11,21
-14,423,11,21
-14,423,11,21
-14,423,11,21
-14,422,11,21
-14,422,11,21
-14,422,11,21
-14,421,11,21
-14,421,11,21
-14,421,11,21
-14,420,11,21
-13,420,11,21
-13,420,11,21
-13,420,11,21
-13,419,11,21
-13,419,11,21
-13,419,11,21
-13,418,11,21
-13,418,11,21
-13,418,11,22
-13,417,11,22
-13,417,11,22
-12,417,11,22
-12,417,11,22
-12,416,11,22
-12,416,11,22
-12,416,11,22
-12,415,11,22
-12,415,11,22
-12,415,11,22
-12,414,11,22
-12,414,11,22
-12,414,11,22
-12,413,11,22
-11,413,11,22
-11,413,11,22
-11,413,11,22
-11,412,11,22
-11,412,11,22
-11,412,11,22
-11,411,11,22
-11,411,11,22
-11,411,11,22
-11,410,11,22
-11,410,11,22
-11,410,11,22
-10,410,11,23
-10,409,11,23
-10,409,11,23
-10,409,11,23
-10,408,11,23
-10,408,11,23
-10,408,11,23
-10,407,11,23
-10,407,11,23
-10,407,11,23
-10,406,11,23
-10,406,11,23
-9,406,11,23
-9,406,11,23
-9,405,11,23
-9,405,11,23
-9,405,11,23
-9,404,11,23
-9,404,11,23
-9,404,11,23
-9,403,11,23
-9,403,11,23
-9,403,11,23
-9,403,11,23
-8,402,11,23
-8,402,11,23
-8,402,10,23
-8,401,10,24
-8,401,10,24
-8,401,10,24
-8,400,10,24
-8,400,10,24
-8,400,10,24
-8,399,10,24
-8,399,10,24
-8,399,10,24
-7,399,10,24
-7,398,10,24
-7,398,10,24
-7,398,10,24
-7,397,10,24
-7,397,10,24
-7,397,10,24
-7,396,10,24
-7,396,10,24
-7,396,10,24
-7,396,10,24
-7,395,10,24
-6,395,10,24
-6,395,10,24
-6,394,10,24
-6,394,10,24
-6,394,10,24
-6,393,10,24
-6,393,10,25
-6,393,10,25
-6,392,10,25
-6,392,10,25
-6,392,10,25
-6,392,10,25
-5,391,10,25
-5,391,10,25
-5,391,10,25
-5,390,10,25
-5,390,10,25
-5,390,10,25
-5,389,10,25
-5,389,10,25
-5,389,10,25
-5,389,10,25
-5,388,10,25
-4,388,10,25
-4,388,10,25
-4,387,10,25
-4,387,10,25
-4,387,10,25
-4,386,10,25
-4,385,10,25
-4,385,10,25
-4,384,10,25
-3,383,10,25
-3,383,10,25
-3,382,10,25
-3,381,10,25
-3,381,10,25
-3,380,10,25
-2,379,10,25
-2,379,10,25
-2,379,10,25
-3,378,10,25
-3,378,10,25
-3,377,10,25
-3,377,10,24
-3,377,10,24
-3,376,10,24
-3,376,10,24
-3,375,10,24
-3,375,10,24
-3,374,10,23
-3,374,10,23
-2,374,11,24
-2,374,11,25
-1,374,11,25
0,375,11,26
0,375,12,27
0,375,12,28
1,375,12,28
1,375,12,29
2,375,12,30
3,375,13,30
3,376,13,31
4,376,13,32
5,376,13,33
4,375,13,32
4,374,13,32
4,373,13,32
4,371,13,32
4,370,13,32
3,369,13,32
3,368,13,32
3,367,12,32
3,366,12,32
3,365,12,32
2,364,12,32
2,363,13,32
3,363,13,32
3,363,14,32
3,362,15,32
3,362,15,32
3,361,16,32
3,361,16,32
3,361,17,32
3,360,18,32
3,360,18,32
3,360,19,32
3,359,19,32
3,358,19,32
3,357,19,32
2,356,19,33
2,355,18,33
2,354,18,33
2,354,18,33
2,353,18,33
1,352,18,33
1,351,18,33
1,350,18,34
1,349,18,34
0,348,18,34
0,348,18,34
0,347,18,34
0,347,17,34
0,347,17,34
0,347,17,34
0,347,16,34
0,347,16,34
0,347,16,34
0,347,15,34
0,347,15,34
0,347,15,35
0,347,15,35
1,347,14,35
0,348,14,34
0,348,15,34
0,348,15,34
0,349,15,34
0,349,15,34
0,349,15,34
0,350,16,34
0,350,16,33
0,350,16,33
0,351,16,33
0,351,16,33
0,351,16,33
0,351,16,33
0,351,16,33
0,350,16,33
0,350,15,33
0,350,15,33
0,350,15,33
0,350,15,33
1,350,15,33
1,350,15,33
1,350,15,33
1,350,14,33
3,352,14,34
5,353,14,35
