515,223,12,33
515,223,12,34
515,222,12,35
515,222,12,35
515,221,12,36
515,221,12,37
515,220,12,37
515,220,12,38
515,220,12,39
514,219,12,39
514,219,12,40
514,218,12,41
514,218,12,41
514,217,12,42
514,217,12,43
514,217,12,43
514,216,12,44
514,216,12,45
514,215,12,45
513,215,12,46
513,214,12,47
514,215,12,47
514,216,12,47
514,216,12,47
515,217,12,47
515,217,12,47
515,218,12,47
516,218,12,47
516,219,12,47
517,220,12,47
517,220,12,47
517,221,12,47
518,221,12,47
518,222,12,47
518,222,12,47
519,223,12,47
519,223,12,47
519,224,12,47
519,224,12,47
519,224,12,47
519,224,12,47
520,224,12,47
520,225,12,47
520,225,12,47
520,225,12,47
520,225,12,47
520,225,12,47
520,225,12,47
520,225,12,47
520,225,12,47
520,225,12,47
520,226,12,47
520,226,12,47
520,226,12,47
520,226,12,47
520,226,12,47
520,226,12,47
520,226,12,47
519,226,12,47
519,226,12,47
519,226,12,47
519,226,12,47
518,226,12,47
518,226,12,47
518,226,12,47
518,226,12,47
517,226,12,47
517,226,12,47
517,226,12,47
517,226,12,47
517,226,12,47
516,226,12,47
516,226,12,47
516,226,12,47
516,226,12,47
515,226,12,47
515,226,12,47
514,226,12,47
514,226,12,47
513,226,12,47
512,226,12,47
512,226,12,47
511,226,12,47
510,226,12,47
510,226,12,47
509,226,12,47
508,226,12,47
508,226,12,47
507,226,12,47
506,226,12,47
506,226,12,47
505,226,12,47
504,226,12,47
503,226,12,47
503,226,12,47
502,226,12,47
501,226,12,47
501,226,12,47
500,226,12,47
499,226,12,47
499,226,12,47
498,226,12,47
497,226,12,47
497,226,12,47
496,226,12,47
495,226,12,47
496,226,12,47
496,226,12,47
497,226,12,47
498,226,12,47
498,227,12,47
499,227,12,47
499,227,12,47
500,227,12,47
500,227,12,47
501,227,12,47
502,227,12,47
502,227,12,47
503,227,12,47
503,227,12,47
504,227,12,47
504,228,12,47
505,228,12,47
506,228,12,47
506,228,12,47
507,228,12,47
507,228,12,47
508,228,12,47
508,228,12,47
509,228,12,47
509,228,12,47
510,228,12,47
510,227,12,47
510,227,12,47
511,227,12,47
511,226,12,47
511,226,12,47
512,226,12,47
512,225,12,47
512,225,12,47
512,225,12,47
513,224,12,47
513,224,12,47
513,223,12,47
514,223,12,47
514,223,12,47
514,222,12,47
515,222,12,47
515,222,12,47
515,221,12,47
516,221,12,47
516,221,12,47
516,220,12,47
517,222,12,47
518,223,12,47
518,225,12,47
519,226,12,47
520,227,12,47
520,229,12,47
521,230,12,47
522,232,12,47
522,233,12,47
523,235,12,47
524,236,12,47
524,237,12,47
525,239,12,47
526,240,12,47
527,242,12,47
527,243,12,47
528,244,12,47
529,246,12,47
529,247,12,47
530,249,12,47
531,250,12,47
531,252,12,47
532,253,12,47
533,254,12,47
533,256,12,47
534,257,12,47
531,257,12,46
528,256,12,46
525,256,12,46
522,255,12,46
519,254,12,45
516,254,12,45
513,253,12,45
510,253,12,45
507,252,12,44
504,252,12,44
501,251,12,44
498,251,12,44
495,250,12,43
492,250,12,43
489,249,12,43
486,248,12,43
483,248,12,43
480,247,12,42
477,247,12,42
478,247,12,42
479,248,12,41
481,248,12,41
482,249,12,40
483,249,12,40
484,250,12,39
485,251,12,39
486,251,12,38
487,252,12,38
488,252,12,37
489,253,12,37
490,253,12,36
491,254,12,36
492,254,12,35
494,255,12,35
495,255,12,34
496,256,12,34
497,256,12,33
498,257,12,33
499,257,12,32
500,258,12,32
501,258,12,31
502,259,12,31
501,259,12,31
499,259,12,31
498,260,12,31
496,260,12,31
494,260,12,31
493,260,12,31
491,260,12,31
490,261,12,31
488,261,12,31
487,261,12,31
485,261,12,31
484,261,12,31
482,262,12,31
481,262,12,31
479,262,12,31
477,262,12,31
476,262,12,31
475,262,12,31
474,263,13,31
473,263,13,31
472,263,13,31
471,263,14,31
470,263,14,31
469,263,14,31
468,263,14,31
467,264,15,31
466,264,15,31
465,264,15,31
464,264,16,31
463,264,16,31
462,264,16,31
461,264,16,31
460,265,17,31
459,265,17,31
458,265,17,31
458,265,17,31
458,265,17,31
458,265,17,31
458,265,17,31
457,265,17,31
457,265,17,31
457,265,17,31
457,265,17,31
456,265,17,31
456,265,17,31
456,265,17,31
456,265,17,31
456,265,17,31
455,265,17,31
455,265,17,31
455,265,17,31
455,265,17,31
455,266,17,31
455,266,17,31
455,266,17,31
454,267,17,31
454,267,17,31
454,267,17,31
454,267,17,31
454,268,17,31
454,268,17,31
454,268,17,31
454,269,17,31
454,269,17,31
454,269,17,31
454,270,17,31
454,270,17,31
454,270,17,31
454,270,17,31
454,270,17,31
454,270,17,31
454,270,17,31
454,270,17,31
454,270,17,31
454,270,17,31
454,270,17,31
454,270,17,31
455,270,17,31
455,270,17,31
455,270,17,31
455,270,17,31
455,270,17,31
455,270,17,31
455,270,17,31
455,269,17,31
455,269,17,31
455,269,17,31
455,269,17,31
455,269,17,31
455,269,17,31
456,269,17,31
456,269,17,31
457,270,17,31
457,270,17,31
458,270,17,31
458,270,17,31
459,271,17,31
460,271,17,31
460,271,17,31
461,271,17,31
461,271,17,31
462,272,17,31
463,272,17,31
463,272,17,31
464,272,17,31
464,273,17,31
465,273,17,31
465,273,17,31
466,273,17,31
467,273,17,31
467,274,17,31
468,274,17,31
468,274,17,31
469,274,17,31
469,274,17,30
469,274,17,30
469,275,17,30
470,275,17,30
470,275,17,30
470,275,17,30
470,275,17,30
470,275,17,30
471,275,17,30
471,276,17,30
471,276,17,29
471,276,17,29
472,276,17,29
472,276,17,29
472,276,17,29
472,276,17,29
472,276,17,29
473,277,17,29
473,277,17,29
473,277,17,29
473,277,17,28
474,277,17,28
474,277,17,28
474,277,17,28
473,276,17,28
473,275,17,28
472,274,17,28
472,273,17,28
471,272,17,28
470,271,17,28
470,270,17,27
469,269,17,27
468,267,17,27
468,266,17,27
467,265,17,27
467,264,17,27
466,263,17,27
465,262,17,27
465,261,17,27
464,260,17,27
463,259,17,26
463,258,17,26
462,256,17,26
461,255,17,26
461,254,17,26
460,253,17,26
461,252,17,26
461,251,17,26
462,250,17,26
463,249,18,26
463,248,18,26
464,246,18,25
465,245,18,25
465,244,18,25
466,243,18,25
466,242,18,25
467,241,19,25
468,240,19,25
468,239,19,25
469,238,19,25
469,236,19,25
470,235,19,25
471,234,20,25
471,233,20,24
472,232,20,24
472,231,20,24
473,230,20,24
474,229,20,24
474,229,20,24
474,229,20,24
474,229,20,24
474,229,20,24
474,228,20,24
474,228,20,24
473,228,20,24
473,228,20,24
473,228,20,24
473,228,20,24
473,228,20,24
473,228,20,24
473,228,20,24
473,228,20,24
473,228,20,24
473,228,20,24
473,228,20,24
473,228,20,24
473,228,20,24
473,228,20,24
473,228,20,24
473,228,20,24
473,228,20,24
474,228,20,24
474,228,20,24
475,228,20,24
475,228,20,24
476,228,20,24
476,228,20,24
477,229,20,24
477,229,20,24
478,229,20,24
478,229,20,24
479,229,20,24
479,229,20,24
480,229,20,24
480,229,20,24
481,229,20,24
482,230,20,24
482,230,20,24
483,230,20,24
483,230,20,24
484,230,20,24
484,230,20,24
485,230,20,24
485,230,20,24
486,230,20,24
486,231,20,24
487,231,20,24
487,231,20,24
488,231,20,24
488,231,20,24
488,232,20,24
489,233,20,24
489,233,20,24
489,234,20,24
490,234,20,24
490,235,20,24
490,235,20,24
491,236,20,24
491,236,20,24
491,237,20,24
491,237,20,24
492,238,20,24
492,238,20,24
492,239,20,24
493,239,20,24
493,240,20,24
493,240,20,24
494,241,20,24
494,241,20,24
494,242,20,24
494,242,20,24
495,242,20,24
495,243,19,24
495,243,19,24
496,243,19,24
496,244,19,24
496,244,19,24
497,244,19,24
497,245,18,24
497,245,18,23
498,246,18,23
498,246,18,23
498,246,18,23
499,247,17,23
499,247,17,23
499,247,17,23
499,248,17,23
499,251,17,22
499,255,17,22
