645,11,60,143
644,28,60,143
644,46,60,143
643,64,60,143
643,81,60,143
643,99,60,143
642,117,60,143
642,134,60,143
641,152,60,143
641,170,60,143
641,188,57,143
640,203,57,143
639,219,57,143
638,234,57,143
637,250,57,143
636,266,57,143
635,281,57,143
634,297,57,143
633,312,57,143
632,328,57,143
632,344,62,155
631,362,62,155
630,380,62,155
629,398,62,155
628,416,62,155
627,435,62,155
626,453,62,155
625,471,62,155
624,489,62,155
623,507,62,155
623,526,68,141
622,543,68,141
621,560,68,141
620,577,68,141
619,594,68,141
619,611,68,141
618,628,68,141
617,645,68,141
616,662,68,141
615,679,68,141
615,696,73,139
614,710,73,139
613,724,73,139
612,739,73,139
612,753,73,139
611,768,73,139
610,782,73,139
610,796,73,139
609,811,73,139
608,825,73,139
608,840,77,153
607,835,77,153
606,830,77,153
605,825,77,153
605,821,77,153
604,816,77,153
603,811,77,153
603,807,77,153
602,802,77,153
601,797,77,153
601,793,72,159
601,784,72,159
601,776,72,159
602,768,72,159
602,760,72,159
603,752,72,159
603,743,72,159
603,735,72,159
604,727,72,159
604,719,72,159
605,711,59,131
605,704,59,131
606,698,59,131
606,692,59,131
607,686,59,131
608,680,59,131
608,674,59,131
609,668,59,131
609,662,59,131
610,656,59,131
611,650,55,130
609,637,55,130
608,625,55,130
607,613,55,130
606,600,55,130
605,588,55,130
603,576,55,130
602,563,55,130
601,551,55,130
600,539,55,130
599,527,56,130
598,520,56,130
597,513,56,130
596,506,56,130
596,499,56,130
595,493,56,130
594,486,56,130
594,479,56,130
593,472,56,130
592,465,56,130
592,459,58,122
592,452,58,122
592,445,58,122
592,439,58,122
593,432,58,122
593,426,58,122
593,419,58,122
594,412,58,122
594,406,58,122
594,399,58,122
595,393,54,130
595,388,54,130
595,384,54,130
595,380,54,130
595,376,54,130
595,372,54,130
595,367,54,130
595,363,54,130
595,359,54,130
595,355,54,130
595,351,52,133
594,349,52,133
594,347,52,133
594,345,52,133
594,343,52,133
594,341,52,133
593,339,52,133
593,337,52,133
593,335,52,133
593,333,52,133
593,332,56,129
593,332,56,129
593,332,56,129
593,332,56,129
593,332,56,129
594,332,56,129
594,332,56,129
594,332,56,129
594,332,56,129
594,332,56,129
595,333,56,129
595,333,56,129
595,334,56,129
596,335,56,129
596,336,56,129
597,337,56,129
597,337,56,129
597,338,56,129
598,339,56,129
598,340,56,129
599,341,64,137
600,345,64,137
601,349,64,137
602,353,64,137
603,357,64,137
605,361,64,137
606,365,64,137
607,369,64,137
608,373,64,137
609,377,64,137
611,382,54,129
611,386,54,129
612,391,54,129
613,395,54,129
614,400,54,129
615,404,54,129
615,409,54,129
616,413,54,129
617,418,54,129
618,422,54,129
619,427,55,130
619,434,55,130
620,442,55,130
621,449,55,130
621,457,55,130
622,464,55,130
623,472,55,130
623,479,55,130
624,487,55,130
625,494,55,130
626,502,55,132
626,509,55,132
627,516,55,132
627,523,55,132
628,530,55,132
629,537,55,132
629,544,55,132
630,551,55,132
630,558,55,132
631,565,55,132
632,572,58,138
632,580,58,138
633,589,58,138
634,597,58,138
635,606,58,138
636,615,58,138
636,623,58,138
637,632,58,138
638,640,58,138
639,649,58,138
640,658,57,131
641,667,57,131
643,676,57,131
644,685,57,131
646,694,57,131
647,704,57,131
649,713,57,131
650,722,57,131
652,731,57,131
653,740,57,131
655,750,56,136
655,758,56,136
656,767,56,136
657,775,56,136
658,784,56,136
659,792,56,136
660,801,56,136
661,809,56,136
662,818,56,136
663,826,56,136
664,835,56,136
665,845,56,136
666,856,56,136
667,866,56,136
668,877,56,136
669,888,56,136
670,898,56,136
671,909,56,136
672,919,56,136
673,930,56,136
674,941,57,130
674,950,57,130
675,959,57,130
676,968,57,130
677,978,57,130
678,987,57,130
678,996,57,130
679,1006,57,130
680,1015,57,130
681,1024,57,130
682,1034,57,46
613,930,57,46
545,827,57,46
477,723,57,46
408,620,57,46
340,516,57,46
272,413,57,46
203,309,57,46
135,206,57,46
67,102,57,46
-1,-1,-1,-1
-1,-1,-1,-1
-1,-1,-1,-1
-1,-1,-1,-1
-1,-1,-1,-1
-1,-1,-1,-1
-1,-1,-1,-1
-1,-1,-1,-1
-1,-1,-1,-1
-1,-1,-1,-1
-1,-1,-1,-1
67,102,-1,-1
135,205,-1,-1
203,308,-1,-1
271,411,-1,-1
339,515,-1,-1
407,618,-1,-1
475,721,-1,-1
543,824,-1,-1
611,927,-1,-1
680,1031,61,49
679,1024,61,49
679,1017,61,49
678,1010,61,49
678,1003,61,49
678,997,61,49
677,990,61,49
677,983,61,49
676,976,61,49
676,969,61,49
676,963,57,100
675,956,57,100
674,950,57,100
673,943,57,100
672,937,57,100
672,930,57,100
671,924,57,100
670,917,57,100
669,911,57,100
668,904,57,100
668,898,56,136
667,888,56,136
667,878,56,136
666,868,56,136
666,858,56,136
665,849,56,136
665,839,56,136
664,829,56,136
664,819,56,136
663,809,56,136
663,800,63,136
662,792,63,136
662,784,63,136
662,776,63,136
662,768,63,136
662,760,63,136
661,752,63,136
661,744,63,136
661,736,63,136
661,728,63,136
661,721,57,132
661,713,57,132
661,705,57,132
661,697,57,132
661,689,57,132
661,681,57,132
661,673,57,132
661,665,57,132
661,657,57,132
661,649,57,132
662,642,54,131
661,631,54,131
660,621,54,131
659,611,54,131
659,601,54,131
658,591,54,131
657,581,54,131
657,571,54,131
656,561,54,131
655,551,54,131
655,541,54,129
654,533,54,129
654,525,54,129
653,517,54,129
653,509,54,129
653,501,54,129
652,493,54,129
652,485,54,129
651,477,54,129
651,469,54,129
651,462,56,128
651,454,56,128
651,446,56,128
651,438,56,128
651,431,56,128
651,423,56,128
651,415,56,128
651,408,56,128
651,400,56,128
651,392,56,128
651,385,56,127
650,377,56,127
650,369,56,127
650,361,56,127
650,353,56,127
650,345,56,127
649,337,56,127
649,329,56,127
649,321,56,127
649,313,56,127
649,306,55,127
648,298,55,127
648,291,55,127
648,284,55,127
647,277,55,127
647,270,55,127
647,262,55,127
646,255,55,127
646,248,55,127
646,241,55,127
646,234,53,127
645,227,53,127
645,220,53,127
644,214,53,127
644,207,53,127
644,201,53,127
643,194,53,127
643,187,53,127
642,181,53,127
642,174,53,127
642,168,56,129
642,163,56,129
642,158,56,129
642,153,56,129
642,148,56,129
642,144,56,129
642,139,56,129
642,134,56,129
642,129,56,129
642,124,56,129
642,120,57,127
642,114,57,127
642,109,57,127
642,104,57,127
642,98,57,127
643,93,57,127
643,88,57,127
643,82,57,127
643,77,57,127
643,72,57,127
644,67,54,128
644,63,54,128
644,60,54,128
644,57,54,128
644,54,54,128
644,51,54,128
644,47,54,128
644,44,54,128
644,41,54,128
644,38,54,128
645,35,54,128
645,32,54,128
645,30,54,128
646,28,54,128
646,25,54,128
647,23,54,128
647,21,54,128
647,18,54,128
648,16,54,128
648,14,54,128
649,12,54,128
649,11,54,128
650,10,54,128
651,9,54,128
651,8,54,128
652,7,54,128
653,6,54,128
653,5,54,128
654,4,54,128
655,3,54,128
656,2,54,128
656,1,54,128
656,1,54,128
656,1,54,128
656,1,54,128
657,1,54,128
657,1,54,128
657,1,54,128
657,1,54,128
657,1,54,128
658,1,52,128
658,1,52,128
659,1,52,128
659,1,52,128
660,1,52,128
660,1,52,128
661,1,52,128
661,1,52,128
662,1,52,128
662,1,52,128
663,1,54,127
663,1,54,127
663,1,54,127
663,1,54,127
663,1,54,127
664,1,54,127
664,1,54,127
664,1,54,127
664,1,54,127
664,1,54,127
665,1,52,128
665,1,52,128
665,1,52,128
665,1,52,128
665,1,52,128
665,1,52,128
665,1,52,128
665,1,52,128
665,1,52,128
665,1,52,128
665,1,54,128
665,2,54,128
665,3,54,128
665,5,54,128
666,6,54,128
666,8,54,128
666,9,54,128
667,10,54,128
667,12,54,128
667,13,54,128
668,15,54,129
668,18,54,129
669,22,54,129
669,25,54,129
670,29,54,129
670,33,54,129
671,36,54,129
671,40,54,129
672,43,54,129
672,47,54,129
673,51,54,129
673,53,54,129
673,56,54,129
673,59,54,129
673,62,54,129
674,65,54,129
674,67,54,129
674,70,54,129
674,73,54,129
674,76,54,129
675,79,54,129
675,82,54,129
676,86,54,129
676,89,54,129
677,93,54,129
678,96,54,129
678,100,54,129
679,103,54,129
679,107,54,129
680,110,54,129
681,114,54,129
681,118,54,129
681,122,54,129
682,126,54,129
682,130,54,129
683,134,54,129
683,138,54,129
683,142,54,129
684,146,54,129
684,150,54,129
685,154,55,129
686,157,55,129
687,161,55,129
688,165,55,129
689,169,55,129
690,173,55,129
691,177,55,129
692,181,55,129
693,185,55,129
694,189,55,129
695,193,54,129
695,198,54,129
696,204,54,129
696,209,54,129
697,215,54,129
698,221,54,129
698,226,54,129
699,232,54,129
699,237,54,129
700,243,54,129
701,249,54,129
701,252,54,129
701,256,54,129
701,260,54,129
701,264,54,129
702,268,54,129
702,272,54,129
702,276,54,129
702,280,54,129
702,284,54,129
703,288,57,129
704,294,57,129
705,300,57,129
706,306,57,129
707,312,57,129
708,318,57,129
709,324,57,129
710,330,57,129
711,336,57,129
712,342,57,129
714,348,56,133
714,353,56,133
714,359,56,133
715,364,56,133
715,370,56,133
716,375,56,133
716,381,56,133
716,386,56,133
717,392,56,133
717,397,56,133
718,403,55,131
718,409,55,131
718,416,55,131
718,422,55,131
718,429,55,131
718,435,55,131
718,442,55,131
718,448,55,131
718,455,55,131
718,461,55,131
718,468,65,131
719,473,65,131
720,479,65,131
721,484,65,131
723,490,65,131
724,495,65,131
725,501,65,131
727,506,65,131
728,512,65,131
729,517,65,131
731,523,62,138
731,527,62,138
732,532,62,138
732,536,62,138
733,541,62,138
734,545,62,138
734,550,62,138
735,554,62,138
735,559,62,138
736,563,62,138
737,568,63,133
737,575,63,133
737,583,63,133
738,591,63,133
738,599,63,133
739,607,63,133
739,614,63,133
739,622,63,133
740,630,63,133
740,638,63,133
741,646,68,125
741,651,68,125
741,657,68,125
741,662,68,125
741,668,68,125
742,674,68,125
742,679,68,125
742,685,68,125
742,690,68,125
742,696,68,125
743,702,62,135
743,708,62,135
743,715,62,135
743,722,62,135
744,728,62,135
744,735,62,135
744,742,62,135
745,748,62,135
745,755,62,135
745,762,62,135
746,769,64,130
747,773,64,130
748,777,64,130
749,782,64,130
750,786,64,130
751,791,64,130
752,795,64,130
753,799,64,130
754,804,64,130
755,808,64,130
757,813,57,131
757,818,57,131
757,824,57,131
758,830,57,131
758,835,57,131
759,841,57,131
759,847,57,131
759,852,57,131
760,858,57,131
760,864,57,131
761,870,57,139
761,874,57,139
761,878,57,139
761,882,57,139
761,886,57,139
761,890,57,139
761,894,57,139
761,898,57,139
761,902,57,139
761,906,57,139
762,910,65,131
762,914,65,131
763,919,65,131
764,924,65,131
765,929,65,131
766,934,65,131
767,938,65,131
768,943,65,131
769,948,65,131
770,953,65,131
771,958,60,109
771,960,60,109
771,963,60,109
771,965,60,109
771,968,60,109
772,971,60,109
772,973,60,109
772,976,60,109
772,978,60,109
772,981,60,109
773,984,69,94
773,987,69,94
773,990,69,94
773,993,69,94
774,996,69,94
774,999,69,94
774,1002,69,94
775,1005,69,94
775,1008,69,94
775,1011,69,94
776,1015,69,64
775,1015,69,64
774,1016,69,64
774,1017,69,64
773,1018,69,64
773,1019,69,64
772,1020,69,64
771,1021,69,64
771,1022,69,64
770,1023,69,64
770,1024,77,54
770,1026,77,54
771,1028,77,54
771,1030,77,54
772,1032,77,54
773,1034,77,54
773,1036,77,54
774,1038,77,54
774,1040,77,54
775,1042,77,54
776,1045,65,35
777,1044,65,35
778,1044,65,35
779,1044,65,35
780,1043,65,35
781,1043,65,35
782,1043,65,35
783,1042,65,35
784,1042,65,35
785,1042,65,35
786,1042,58,36
786,1041,58,36
786,1040,58,36
786,1039,58,36
786,1038,58,36
787,1037,58,36
787,1036,58,36
787,1035,58,36
787,1034,58,36
787,1033,58,36
788,1033,61,45
788,1031,61,45
788,1030,61,45
789,1029,61,45
789,1028,61,45
790,1027,61,45
790,1026,61,45
790,1025,61,45
791,1024,61,45
791,1023,61,45
792,1022,61,58
791,1018,61,58
791,1015,61,58
791,1011,61,58
791,1008,61,58
791,1005,61,58
791,1001,61,58
791,998,61,58
791,994,61,58
791,991,61,58
791,988,61,84
791,984,61,84
791,980,61,84
792,976,61,84
792,972,61,84
793,969,61,84
793,965,61,84
793,961,61,84
794,957,61,84
794,953,61,84
795,950,60,109
794,945,60,109
794,940,60,109
794,935,60,109
794,930,60,109
794,925,60,109
793,920,60,109
793,915,60,109
793,910,60,109
793,905,60,109
793,900,60,140
793,896,60,140
794,892,60,140
795,888,60,140
796,884,60,140
797,880,60,140
798,876,60,140
799,872,60,140
800,868,60,140
801,864,60,140
802,860,59,137
801,855,59,137
801,851,59,137
800,847,59,137
800,843,59,137
799,839,59,137
799,834,59,137
798,830,59,137
798,826,59,137
797,822,59,137
797,818,59,137
796,816,59,137
796,814,59,137
796,812,59,137
796,811,59,137
796,809,59,137
796,807,59,137
796,806,59,137
796,804,59,137
796,802,59,137
796,801,59,137
796,796,59,137
796,792,59,137
797,788,59,137
797,784,59,137
798,780,59,137
798,776,59,137
798,772,59,137
799,768,59,137
799,764,59,137
800,760,57,137
800,756,57,137
801,752,57,137
801,749,57,137
802,745,57,137
803,742,57,137
803,738,57,137
804,734,57,137
804,731,57,137
805,727,57,137
806,724,57,137
806,721,57,137
806,719,57,137
806,716,57,137
806,714,57,137
806,712,57,137
806,709,57,137
806,707,57,137
806,704,57,137
806,702,57,137
807,700,57,137
807,696,57,137
807,693,57,137
807,689,57,137
807,686,57,137
807,683,57,137
807,679,57,137
807,676,57,137
807,672,57,137
807,669,57,137
808,666,58,134
807,661,58,134
807,657,58,134
807,653,58,134
807,649,58,134
807,645,58,134
807,640,58,134
807,636,58,134
807,632,58,134
807,628,58,134
807,624,57,137
807,620,57,137
807,617,57,137
808,614,57,137
808,611,57,137
809,608,57,137
809,605,57,137
809,602,57,137
810,599,57,137
810,596,57,137
811,593,57,137
811,590,57,137
811,588,57,137
811,585,57,137
811,583,57,137
812,580,57,137
812,578,57,137
812,575,57,137
812,573,57,137
812,570,57,137
813,568,59,134
812,562,59,134
812,557,59,134
811,552,59,134
811,547,59,134
811,542,59,134
810,536,59,134
810,531,59,134
809,526,59,134
809,521,59,134
809,516,59,134
809,513,59,134
809,511,59,134
809,508,59,134
809,506,59,134
809,503,59,134
809,501,59,134
809,498,59,134
809,496,59,134
809,493,59,134
809,491,58,134
809,487,58,134
809,484,58,134
809,480,58,134
810,477,58,134
810,473,58,134
810,470,58,134
811,466,58,134
811,463,58,134
811,459,58,134
812,456,55,132
811,451,55,132
811,447,55,132
810,443,55,132
810,438,55,132
810,434,55,132
809,430,55,132
809,425,55,132
808,421,55,132
808,417,55,132
808,413,57,130
808,410,57,130
808,408,57,130
808,406,57,130
808,404,57,130
809,402,57,130
809,399,57,130
809,397,57,130
809,395,57,130
809,393,57,130
810,391,57,130
810,386,57,130
810,382,57,130
810,378,57,130
810,374,57,130
810,370,57,130
810,366,57,130
810,362,57,130
810,358,57,130
810,354,57,130
811,350,57,133
810,347,57,133
810,344,57,133
810,341,57,133
810,338,57,133
810,336,57,133
809,333,57,133
809,330,57,133
809,327,57,133
809,324,57,133
809,322,58,131
809,319,58,131
809,316,58,131
809,313,58,131
809,310,58,131
809,307,58,131
809,304,58,131
809,301,58,131
809,298,58,131
809,295,58,131
809,292,58,131
809,289,58,131
809,286,58,131
810,283,58,131
810,280,58,131
811,278,58,131
811,275,58,131
811,272,58,131
812,269,58,131
812,266,58,131
813,264,55,131
813,260,55,131
813,256,55,131
813,253,55,131
814,249,55,131
814,246,55,131
814,242,55,131
815,238,55,131
815,235,55,131
815,231,55,131
816,228,55,130
816,226,55,130
816,224,55,130
816,222,55,130
816,220,55,130
816,219,55,130
816,217,55,130
816,215,55,130
816,213,55,130
816,211,55,130
816,210,56,129
816,208,56,129
816,206,56,129
816,204,56,129
816,202,56,129
817,200,56,129
817,198,56,129
817,196,56,129
817,194,56,129
817,192,56,129
818,190,56,129
818,187,56,129
819,184,56,129
819,181,56,129
820,178,56,129
821,175,56,129
821,172,56,129
822,169,56,129
822,166,56,129
823,163,56,129
824,160,54,130
823,159,54,130
823,158,54,130
823,157,54,130
823,156,54,130
823,155,54,130
823,154,54,130
823,153,54,130
823,152,54,130
823,151,54,130
823,151,57,131
823,149,57,131
823,148,57,131
823,147,57,131
823,145,57,131
824,144,57,131
824,143,57,131
824,141,57,131
824,140,57,131
824,139,57,131
825,138,57,131
824,135,57,131
824,132,57,131
824,129,57,131
824,127,57,131
824,124,57,131
824,121,57,131
824,119,57,131
824,116,57,131
824,113,57,131
824,111,55,132
824,110,55,132
825,110,55,132
826,110,55,132
827,109,55,132
828,109,55,132
829,109,55,132
830,108,55,132
831,108,55,132
832,108,55,132
833,108,55,132
833,107,55,132
833,106,55,132
834,106,55,132
834,105,55,132
835,105,55,132
835,104,55,132
835,103,55,132
836,103,55,132
836,102,55,132
837,102,57,130
837,100,57,130
838,98,57,130
838,97,57,130
839,95,57,130
839,94,57,130
840,92,57,130
840,90,57,130
841,89,57,130
841,87,57,130
842,86,56,130
842,86,56,130
843,86,56,130
843,86,56,130
844,86,56,130
844,87,56,130
845,87,56,130
845,87,56,130
846,87,56,130
846,87,56,130
847,88,56,130
847,87,56,130
847,87,56,130
847,87,56,130
847,86,56,130
847,86,56,130
847,86,56,130
847,85,56,130
847,85,56,130
847,85,56,130
848,85,55,130
848,85,55,130
849,85,55,130
850,85,55,130
851,85,55,130
852,85,55,130
853,85,55,130
854,85,55,130
855,85,55,130
856,85,55,130
857,86,57,130
857,85,57,130
857,84,57,130
857,84,57,130
857,83,57,130
858,83,57,130
858,82,57,130
858,81,57,130
858,81,57,130
858,80,57,130
859,80,57,130
859,79,57,130
860,79,57,130
860,78,57,130
861,78,57,130
861,78,57,130
862,77,57,130
862,77,57,130
863,76,57,130
863,76,57,130
864,76,57,130
864,76,57,130
865,77,57,130
866,77,57,130
867,78,57,130
868,78,57,130
869,79,57,130
870,79,57,130
871,80,57,130
872,80,57,130
873,81,57,130
873,80,57,130
874,79,57,130
874,79,57,130
875,78,57,130
875,78,57,130
876,77,57,130
876,76,57,130
877,76,57,130
877,75,57,130
878,75,57,130
878,76,57,130
878,77,57,130
878,78,57,130
879,79,57,130
879,81,57,130
879,82,57,130
880,83,57,130
880,84,57,130
880,85,57,130
881,87,57,130
882,87,57,130
884,87,57,130
885,88,57,130
887,88,57,130
888,89,57,130
890,89,57,130
891,89,57,130
893,90,57,130
894,90,57,130
896,91,57,130
896,90,57,130
897,90,57,130
897,90,57,130
898,90,57,130
899,90,57,130
899,89,57,130
900,89,57,130
900,89,57,130
901,89,57,130
902,89,57,130
902,90,57,130
902,91,57,130
902,93,57,130
902,94,57,130
902,96,57,130
902,97,57,130
902,98,57,130
902,100,57,130
902,101,57,130
902,103,57,130
902,102,57,130
902,102,57,130
902,102,57,130
903,102,57,130
903,102,57,130
903,102,57,130
904,102,57,130
904,102,57,130
904,102,57,130
905,102,57,130
905,102,57,130
905,103,57,130
905,104,57,130
906,104,57,130
906,105,57,130
906,106,57,130
907,106,57,130
907,107,57,130
907,108,57,130
908,109,57,130
908,110,57,130
908,112,57,130
908,113,57,130
909,115,57,130
909,117,57,130
909,118,57,130
910,120,57,130
910,121,57,130
910,123,57,130
911,125,57,130
910,125,57,130
909,126,57,130
909,127,57,130
908,128,57,130
908,129,57,130
907,130,57,130
906,131,57,130
906,132,57,130
905,133,57,130
905,134,57,130
904,134,57,130
904,134,57,130
903,135,57,130
903,135,57,130
903,136,57,130
902,136,57,130
902,136,57,130
901,137,57,130
901,137,57,130
901,138,57,130
900,139,57,130
899,141,57,130
898,142,57,130
897,144,57,130
896,146,57,130
895,147,57,130
894,149,57,130
893,150,57,130
892,152,57,130
892,154,57,130
890,155,57,130
888,156,57,130
887,157,57,130
885,158,57,130
884,159,57,130
882,160,57,130
880,161,57,130
879,162,57,130
877,163,57,130
876,164,57,130
875,166,57,130
874,168,57,130
873,170,57,130
873,172,57,130
872,175,57,130
871,177,57,130
871,179,57,130
870,181,57,130
869,183,57,130
869,186,57,130
867,187,57,130
866,188,57,130
864,190,57,130
863,191,57,130
861,193,57,130
860,194,57,130
858,195,57,130
857,197,57,130
855,198,57,130
854,200,57,130
851,200,57,130
849,201,57,130
846,202,57,130
844,203,57,130
841,204,57,130
839,204,57,130
836,205,57,130
834,206,57,130
831,207,57,130
829,208,57,130
828,210,57,130
828,212,57,130
827,214,57,130
827,216,57,130
827,219,57,130
826,221,57,130
826,223,57,130
825,225,57,130
825,227,57,130
825,230,57,130
823,231,57,130
821,232,57,130
819,234,57,130
817,235,57,130
816,237,57,130
814,238,57,130
812,239,57,130
810,241,57,130
808,242,57,130
807,244,57,130
805,244,57,130
804,245,57,130
802,246,57,130
801,247,57,130
800,248,57,130
798,248,57,130
797,249,57,130
795,250,57,130
794,251,57,130
793,252,57,130
791,254,57,130
789,257,57,130
787,259,57,130
785,262,57,130
783,264,57,130
781,267,57,130
779,269,57,130
777,272,57,130
775,274,57,130
774,277,56,132
773,280,56,132
772,283,56,132
771,286,56,132
771,290,56,132
770,293,56,132
769,296,56,132
769,300,56,132
768,303,56,132
767,306,56,132
767,310,56,132
765,312,56,132
764,314,56,132
763,316,56,132
762,318,56,132
761,320,56,132
759,322,56,132
758,324,56,132
757,326,56,132
756,328,56,132
755,331,56,132
754,333,56,132
753,336,56,132
753,338,56,132
752,341,56,132
752,343,56,132
751,346,56,132
750,348,56,132
750,351,56,132
749,353,56,132
749,356,56,132
747,357,56,132
745,358,56,132
744,359,56,132
742,360,56,132
741,362,56,132
739,363,56,132
737,364,56,132
736,365,56,132
734,366,56,132
733,368,56,132
733,370,56,132
734,373,56,132
734,376,56,132
735,379,56,132
735,382,56,132
736,385,56,132
736,388,56,132
737,391,56,132
737,394,56,132
738,397,56,132
736,399,56,132
735,401,56,132
733,403,56,132
732,406,56,132
730,408,56,132
729,410,56,132
727,413,56,132
726,415,56,132
724,417,56,132
723,420,56,132
722,421,56,132
721,423,56,132
720,425,56,132
720,427,56,132
719,429,56,132
718,430,56,132
718,432,56,132
717,434,56,132
716,436,56,132
716,438,56,132
716,441,56,132
717,444,56,132
717,447,56,132
718,451,56,132
719,454,56,132
719,457,56,132
720,461,56,132
720,464,56,132
721,467,56,132
722,471,56,132
721,471,56,132
721,472,56,132
721,473,56,132
721,474,56,132
721,475,56,132
721,476,56,132
721,477,56,132
721,478,56,132
721,479,56,132
721,480,56,134
721,483,56,134
722,486,56,134
722,489,56,134
723,492,56,134
724,495,56,134
724,498,56,134
725,501,56,134
725,504,56,134
726,507,56,134
727,511,56,134
727,514,56,134
728,518,56,134
729,522,56,134
729,525,56,134
730,529,56,134
731,533,56,134
731,536,56,134
732,540,56,134
733,544,56,134
734,548,56,134
734,549,56,134
735,550,56,134
735,552,56,134
736,553,56,134
736,555,56,134
737,556,56,134
737,557,56,134
738,559,56,134
738,560,56,134
739,562,56,134
740,564,56,134
741,566,56,134
742,568,56,134
743,570,56,134
744,572,56,134
745,574,56,134
746,576,56,134
747,578,56,134
748,580,56,134
750,583,56,134
751,585,56,134
752,587,56,134
753,590,56,134
754,592,56,134
755,595,56,134
756,597,56,134
757,599,56,134
758,602,56,134
759,604,56,134
761,607,56,134
761,609,56,134
762,612,56,134
762,614,56,134
763,617,56,134
764,619,56,134
764,622,56,134
765,624,56,134
765,627,56,134
766,629,56,134
767,632,56,134
767,633,56,134
768,635,56,134
769,636,56,134
770,638,56,134
771,640,56,134
772,641,56,134
773,643,56,134
774,644,56,134
775,646,56,134
776,648,58,134
777,648,58,134
778,649,58,134
779,650,58,134
780,650,58,134
781,651,58,134
782,652,58,134
783,652,58,134
784,653,58,134
785,654,58,134
786,655,57,136
786,657,57,136
786,660,57,136
787,663,57,136
787,666,57,136
788,669,57,136
788,671,57,136
788,674,57,136
789,677,57,136
789,680,57,136
790,683,57,136
791,683,57,136
792,684,57,136
793,685,57,136
794,685,57,136
795,686,57,136
796,687,57,136
797,687,57,136
798,688,57,136
799,689,57,136
800,690,57,136
802,692,57,136
804,694,57,136
806,696,57,136
808,699,57,136
810,701,57,136
812,703,57,136
814,706,57,136
816,708,57,136
818,710,57,136
820,713,57,136
821,717,57,136
822,722,57,136
823,726,57,136
824,731,57,136
825,735,57,136
826,740,57,136
827,744,57,136
828,749,57,136
829,753,57,136
830,758,57,136
831,759,57,136
833,761,57,136
834,763,57,136
836,764,57,136
837,766,57,136
839,768,57,136
840,769,57,136
842,771,57,136
843,773,57,136
845,775,57,136
845,776,57,136
845,778,57,136
846,780,57,136
846,782,57,136
847,784,57,136
847,785,57,136
847,787,57,136
848,789,57,136
848,791,57,136
849,793,57,136
851,795,57,136
853,798,57,136
855,801,57,136
857,803,57,136
860,806,57,136
862,809,57,136
864,811,57,136
866,814,57,136
868,817,57,136
871,820,58,137
872,821,58,137
873,823,58,137
874,824,58,137
875,826,58,137
876,828,58,137
877,829,58,137
878,831,58,137
879,832,58,137
880,834,58,137
882,836,58,137
883,838,58,137
885,840,58,137
886,842,58,137
888,844,58,137
890,846,58,137
891,848,58,137
893,850,58,137
894,852,58,137
896,854,58,137
898,856,58,139
899,858,58,139
900,860,58,139
901,862,58,139
902,864,58,139
903,866,58,139
904,868,58,139
905,870,58,139
906,872,58,139
907,874,58,139
908,876,58,139
910,876,58,139
912,877,58,139
914,878,58,139
916,879,58,139
918,880,58,139
920,881,58,139
922,882,58,139
924,883,58,139
926,884,58,139
928,885,58,139
928,887,58,139
929,889,58,139
929,891,58,139
930,893,58,139
930,895,58,139
931,897,58,139
931,899,58,139
932,901,58,139
932,903,58,139
933,905,58,139
934,905,58,139
936,906,58,139
937,906,58,139
939,907,58,139
940,908,58,139
942,908,58,139
943,909,58,139
945,909,58,139
946,910,58,139
948,911,58,139
948,911,58,139
949,911,58,139
950,911,58,139
951,912,58,139
952,912,58,139
952,912,58,139
953,913,58,139
954,913,58,139
955,913,58,139
956,914,59,139
958,914,59,139
960,915,59,139
962,916,59,139
964,916,59,139
966,917,59,139
968,918,59,139
970,918,59,139
972,919,59,139
974,920,59,139
977,921,59,136
976,921,59,136
975,922,59,136
974,922,59,136
973,923,59,136
972,924,59,136
971,924,59,136
970,925,59,136
969,925,59,136
968,926,59,136
967,927,62,131
964,928,62,131
961,929,62,131
958,930,62,131
955,931,62,131
953,932,62,131
950,933,62,131
947,934,62,131
944,935,62,131
941,936,62,131
939,937,58,128
935,936,58,128
932,936,58,128
929,936,58,128
926,935,58,128
923,935,58,128
920,935,58,128
917,934,58,128
914,934,58,128
911,934,58,128
908,934,58,128
905,934,58,128
903,935,58,128
900,935,58,128
898,936,58,128
895,937,58,128
893,937,58,128
890,938,58,128
888,938,58,128
885,939,58,128
883,940,59,126
880,938,59,126
878,936,59,126
875,934,59,126
873,933,59,126
871,931,59,126
868,929,59,126
866,928,59,126
863,926,59,126
861,924,59,126
859,923,58,128
856,923,58,128
854,924,58,128
851,925,58,128
849,926,58,128
847,927,58,128
844,928,58,128
842,929,58,128
839,930,58,128
837,931,58,128
835,932,59,131
832,930,59,131
830,928,59,131
827,927,59,131
825,925,59,131
822,924,59,131
820,922,59,131
817,920,59,131
815,919,59,131
812,917,59,131
810,916,58,135
809,914,58,135
808,913,58,135
807,912,58,135
806,910,58,135
805,909,58,135
804,908,58,135
803,906,58,135
802,905,58,135
801,904,58,135
800,903,59,140
799,904,59,140
799,905,59,140
798,906,59,140
798,907,59,140
797,908,59,140
797,909,59,140
796,910,59,140
796,911,59,140
795,912,59,140
795,914,59,140
796,912,59,140
797,910,59,140
798,908,59,140
800,907,59,140
801,905,59,140
802,903,59,140
804,902,59,140
805,900,59,140
806,898,59,140
808,897,59,140
807,895,59,140
807,894,59,140
807,893,59,140
806,892,59,140
806,891,59,140
806,890,59,140
805,889,59,140
805,888,59,140
805,887,59,140
805,886,59,140
805,886,59,140
806,886,59,140
807,886,59,140
808,886,59,140
809,886,59,140
809,886,59,140
810,886,59,140
811,886,59,140
812,886,59,140
813,886,59,140
813,885,59,140
813,884,59,140
813,883,59,140
813,882,59,140
814,882,59,140
814,881,59,140
814,880,59,140
814,879,59,140
814,878,59,140
815,878,59,140
815,877,59,140
815,876,59,140
816,875,59,140
816,875,59,140
817,874,59,140
817,873,59,140
817,873,59,140
818,872,59,140
818,871,59,140
819,871,59,140
818,870,59,140
818,870,59,140
818,870,59,140
817,870,59,140
817,870,59,140
817,869,59,140
816,869,59,140
816,869,59,140
816,869,59,140
816,869,59,140
815,867,59,140
815,865,59,140
815,863,59,140
815,862,59,140
815,860,59,140
814,858,59,140
814,857,59,140
814,855,59,140
814,853,59,140
814,852,59,140
813,852,59,140
813,852,59,140
812,852,59,140
812,852,59,140
811,852,59,140
811,852,59,140
810,852,59,140
810,852,59,140
809,852,59,140
809,852,59,140
808,851,59,140
808,851,59,140
808,850,59,140
807,850,59,140
807,850,59,140
807,849,59,140
806,849,59,140
806,848,59,140
806,848,59,140
806,848,59,140
805,847,59,140
805,846,59,140
805,845,59,140
804,844,59,140
804,843,59,140
804,842,59,140
803,841,59,140
803,840,59,140
803,839,59,140
803,838,59,140
802,837,59,140
801,836,59,140
800,835,59,140
799,834,59,140
799,833,59,140
798,832,59,140
797,831,59,140
796,830,59,140
795,829,59,140
795,829,59,140
795,828,59,140
795,828,59,140
795,828,59,140
795,827,59,140
795,827,59,140
795,827,59,140
795,826,59,140
795,826,59,140
795,826,59,140
795,826,59,140
794,823,59,140
794,820,59,140
794,817,59,140
794,815,59,140
794,812,59,140
793,809,59,140
793,807,59,140
793,804,59,140
793,801,59,140
793,799,58,139
792,798,58,139
792,798,58,139
791,798,58,139
791,798,58,139
791,798,58,139
790,798,58,139
790,798,58,139
789,798,58,139
789,798,58,139
789,798,58,139
788,797,58,139
788,797,58,139
788,797,58,139
788,797,58,139
788,797,58,139
787,797,58,139
787,797,58,139
787,797,58,139
787,797,58,139
787,797,58,139
786,795,58,139
786,793,58,139
786,791,58,139
786,789,58,139
786,787,58,139
785,785,58,139
785,783,58,139
785,781,58,139
785,779,58,139
785,778,58,139
784,778,58,139
783,779,58,139
782,779,58,139
781,780,58,139
780,780,58,139
779,781,58,139
778,781,58,139
777,782,58,139
776,782,58,139
775,783,58,139
774,782,58,139
774,782,58,139
774,782,58,139
774,782,58,139
774,782,58,139
773,781,58,139
773,781,58,139
773,781,58,139
773,781,58,139
773,781,59,138
771,780,59,138
770,779,59,138
769,778,59,138
768,777,59,138
767,776,59,138
766,775,59,138
765,774,59,138
764,773,59,138
763,772,59,138
762,771,59,138
761,768,59,138
761,765,59,138
760,763,59,138
760,760,59,138
759,758,59,138
759,755,59,138
758,752,59,138
758,750,59,138
757,747,59,138
757,745,59,138
756,744,59,138
755,743,59,138
755,742,59,138
754,741,59,138
754,740,59,138
753,739,59,138
752,738,59,138
752,737,59,138
751,736,59,138
751,736,59,138
750,735,59,138
749,735,59,138
748,734,59,138
747,734,59,138
746,734,59,138
745,733,59,138
744,733,59,138
743,732,59,138
742,732,59,138
742,732,59,138
741,730,59,138
740,729,59,138
739,728,59,138
739,727,59,138
738,726,59,138
737,724,59,138
737,723,59,138
736,722,59,138
735,721,59,138
735,720,59,138
734,718,59,138
733,717,59,138
733,715,59,138
732,714,59,138
732,713,59,138
731,711,59,138
730,710,59,138
730,708,59,138
729,707,59,138
729,706,59,138
729,705,59,138
729,705,59,138
730,705,59,138
730,705,59,138
731,705,59,138
731,705,59,138
731,705,59,138
732,705,59,138
732,705,59,138
733,705,59,138
734,703,59,138
736,701,59,138
737,700,59,138
739,698,59,138
740,697,59,138
742,695,59,138
743,693,59,138
745,692,59,138
746,690,59,138
748,689,59,138
748,688,59,138
748,688,59,138
748,687,59,138
748,687,59,138
749,686,59,138
749,686,59,138
749,685,59,138
749,685,59,138
749,684,59,138
750,684,59,138
751,682,59,138
752,681,59,138
753,680,59,138
755,679,59,138
756,678,59,138
757,677,59,138
759,676,59,138
760,675,59,138
761,674,59,138
763,673,58,138
764,671,58,138
765,670,58,138
766,668,58,138
767,667,58,138
768,666,58,138
769,664,58,138
770,663,58,138
771,661,58,138
772,660,58,138
774,659,58,138
774,656,58,138
775,654,58,138
776,652,58,138
777,649,58,138
778,647,58,138
778,645,58,138
779,642,58,138
780,640,58,138
781,638,58,138
782,636,58,138
782,636,58,138
782,637,58,138
782,638,58,138
782,639,58,138
783,640,58,138
783,640,58,138
783,641,58,138
783,642,58,138
783,643,58,138
784,644,58,136
784,641,58,136
785,638,58,136
785,636,58,136
786,633,58,136
787,631,58,136
787,628,58,136
788,625,58,136
788,623,58,136
789,620,58,136
790,618,58,136
790,618,58,136
791,618,58,136
792,618,58,136
793,618,58,136
794,618,58,136
794,618,58,136
795,618,58,136
796,618,58,136
797,618,58,136
798,618,58,136
798,616,58,136
799,615,58,136
800,614,58,136
801,612,58,136
802,611,58,136
802,610,58,136
803,608,58,136
804,607,58,136
805,606,58,136
806,605,58,136
806,604,58,136
806,604,58,136
807,604,58,136
807,603,58,136
808,603,58,136
808,603,58,136
808,602,58,136
809,602,58,136
809,602,58,136
810,602,58,136
810,600,58,136
810,599,58,136
810,598,58,136
811,596,58,136
811,595,58,136
811,594,58,136
812,592,58,136
812,591,58,136
812,590,58,136
813,589,58,136
814,588,58,136
815,587,58,136
816,586,58,136
817,585,58,136
818,584,58,136
819,583,58,136
820,582,58,136
821,581,58,136
822,580,58,136
824,579,58,136
824,577,58,136
825,575,58,136
826,573,58,136
826,571,58,136
827,570,58,136
828,568,58,136
828,566,58,136
829,564,58,136
830,562,58,136
831,561,58,136
831,560,58,136
832,559,58,136
833,559,58,136
834,558,58,136
835,558,58,136
836,557,58,136
837,556,58,136
838,556,58,136
839,555,58,136
840,555,58,136
840,555,58,136
841,555,58,136
841,556,58,136
842,556,58,136
843,557,58,136
843,557,58,136
844,557,58,136
844,558,58,136
845,558,58,136
846,559,58,136
846,557,58,136
846,555,58,136
846,553,58,136
846,551,58,136
846,549,58,136
846,547,58,136
846,545,58,136
846,543,58,136
846,541,58,136
847,539,58,136
847,539,58,136
848,540,58,136
849,540,58,136
850,541,58,136
851,541,58,136
851,542,58,136
852,542,58,136
853,543,58,136
854,543,58,136
855,544,57,134
855,542,57,134
855,541,57,134
855,540,57,134
855,539,57,134
856,538,57,134
856,536,57,134
856,535,57,134
856,534,57,134
856,533,57,134
857,532,57,134
857,531,57,134
858,530,57,134
858,529,57,134
859,528,57,134
859,527,57,134
860,526,57,134
860,525,57,134
861,524,57,134
861,523,57,134
862,522,57,134
862,521,57,134
862,520,57,134
862,519,57,134
862,518,57,134
863,518,57,134
863,517,57,134
863,516,57,134
863,515,57,134
863,514,57,134
864,514,57,134
864,513,57,134
865,512,57,134
866,512,57,134
866,511,57,134
867,511,57,134
868,510,57,134
868,509,57,134
869,509,57,134
870,508,57,134
871,508,57,134
870,508,57,134
870,509,57,134
870,510,57,134
869,510,57,134
869,511,57,134
869,512,57,134
868,512,57,134
868,513,57,134
868,514,57,134
868,515,57,134
868,513,57,134
868,512,57,134
868,511,57,134
868,510,57,134
868,509,57,134
868,507,57,134
868,506,57,134
868,505,57,134
868,504,57,134
869,503,57,134
869,504,57,134
869,505,57,134
869,506,57,134
870,507,57,134
870,509,57,134
870,510,57,134
871,511,57,134
871,512,57,134
871,513,57,134
872,515,57,134
871,514,57,134
871,513,57,134
871,512,57,134
871,511,57,134
871,510,57,134
870,509,57,134
870,508,57,134
870,507,57,134
870,506,57,134
870,506,58,135
870,506,58,135
871,506,58,135
872,506,58,135
873,506,58,135
874,507,58,135
874,507,58,135
875,507,58,135
876,507,58,135
877,507,58,135
878,508,56,136
878,508,56,136
878,508,56,136
878,508,56,136
878,508,56,136
878,509,56,136
878,509,56,136
878,509,56,136
878,509,56,136
878,509,56,136
879,510,56,136
879,509,56,136
879,509,56,136
880,508,56,136
880,508,56,136
881,507,56,136
881,507,56,136
881,506,56,136
882,506,56,136
882,505,56,136
883,505,59,137
883,505,59,137
883,506,59,137
883,506,59,137
883,507,59,137
883,508,59,137
883,508,59,137
883,509,59,137
883,509,59,137
883,510,59,137
883,511,63,130
884,511,63,130
885,511,63,130
886,511,63,130
888,511,63,130
889,511,63,130
890,511,63,130
892,511,63,130
893,511,63,130
894,511,63,130
896,511,57,135
896,510,57,135
896,510,57,135
897,510,57,135
897,510,57,135
898,510,57,135
898,509,57,135
898,509,57,135
899,509,57,135
899,509,57,135
900,509,57,135
900,509,57,135
901,510,57,135
901,511,57,135
902,511,57,135
902,512,57,135
903,513,57,135
903,513,57,135
904,514,57,135
904,515,57,135
905,516,59,132
905,516,59,132
906,516,59,132
906,517,59,132
907,517,59,132
908,518,59,132
908,518,59,132
909,518,59,132
909,519,59,132
910,519,59,132
911,520,58,136
911,520,58,136
912,521,58,136
912,522,58,136
913,522,58,136
913,523,58,136
914,524,58,136
914,524,58,136
915,525,58,136
915,526,58,136
916,527,58,136
916,527,58,136
916,527,58,136
916,527,58,136
917,527,58,136
917,527,58,136
917,527,58,136
918,527,58,136
918,527,58,136
918,527,58,136
919,528,58,136
919,528,58,136
919,529,58,136
919,530,58,136
920,530,58,136
920,531,58,136
920,532,58,136
921,532,58,136
921,533,58,136
921,534,58,136
922,535,58,136
922,535,58,136
923,535,58,136
924,535,58,136
924,535,58,136
925,535,58,136
926,535,58,136
926,535,58,136
927,535,58,136
928,535,58,136
929,536,58,136
929,536,58,136
930,537,58,136
930,538,58,136
931,539,58,136
931,540,58,136
932,540,58,136
932,541,58,136
933,542,58,136
933,543,58,136
934,544,58,136
933,544,58,136
933,544,58,136
933,544,58,136
933,544,58,136
933,545,58,136
933,545,58,136
933,545,58,136
933,545,58,136
933,545,58,136
933,546,58,136
933,546,58,136
933,547,58,136
934,547,58,136
934,548,58,136
935,548,58,136
935,549,58,136
935,549,58,136
936,550,58,136
936,550,58,136
937,551,58,136
937,550,58,136
938,549,58,136
938,548,58,136
939,547,58,136
939,546,58,136
940,545,58,136
940,544,58,136
941,543,58,136
941,542,58,136
942,542,58,136
942,542,58,136
942,542,58,136
942,542,58,136
943,542,58,136
943,543,58,136
943,543,58,136
944,543,58,136
944,543,58,136
944,543,58,136
945,544,58,136
945,542,58,136
945,541,58,136
946,540,58,136
946,539,58,136
947,538,58,136
947,537,58,136
947,536,58,136
948,535,58,136
948,534,58,136
949,533,58,136
949,532,58,136
950,532,58,136
951,532,58,136
952,531,58,136
953,531,58,136
953,531,58,136
954,530,58,136
955,530,58,136
956,530,58,136
957,530,58,136
957,529,58,136
957,529,58,136
957,528,58,136
957,528,58,136
958,528,58,136
958,527,58,136
958,527,58,136
958,526,58,136
958,526,58,136
959,526,58,136
959,524,58,136
960,523,58,136
960,522,58,136
961,521,58,136
962,520,58,136
962,519,58,136
963,518,58,136
963,517,58,136
964,516,58,136
965,515,58,136
965,513,58,136
966,511,58,136
966,509,58,136
967,508,58,136
968,506,58,136
968,504,58,136
969,503,58,136
969,501,58,136
970,499,58,136
971,498,58,136
971,496,58,136
972,495,58,136
973,493,58,136
974,492,58,136
975,490,58,136
975,489,58,136
976,487,58,136
977,486,58,136
978,484,58,136
979,483,59,136
978,482,59,136
978,482,59,136
978,482,59,136
978,481,59,136
978,481,59,136
978,481,59,136
978,480,59,136
978,480,59,136
978,480,59,136
978,480,58,136
977,478,58,136
977,476,58,136
977,475,58,136
976,473,58,136
976,472,58,136
976,470,58,136
975,468,58,136
975,467,58,136
975,465,58,136
975,464,58,134
975,463,58,134
975,463,58,134
976,462,58,134
976,462,58,134
977,461,58,134
977,461,58,134
977,460,58,134
978,460,58,134
978,459,58,134
979,459,59,134
978,458,59,134
978,457,59,134
978,457,59,134
977,456,59,134
977,456,59,134
977,455,59,134
976,454,59,134
976,454,59,134
976,453,59,134
976,453,59,134
976,451,59,134
976,450,59,134
976,449,59,134
976,448,59,134
976,447,59,134
976,445,59,134
976,444,59,134
976,443,59,134
976,442,59,134
976,441,59,134
976,440,59,134
976,439,59,134
976,439,59,134
977,438,59,134
977,438,59,134
977,437,59,134
978,436,59,134
978,436,59,134
978,435,59,134
979,435,58,134
978,434,58,134
978,434,58,134
977,434,58,134
977,434,58,134
977,434,58,134
976,433,58,134
976,433,58,134
975,433,58,134
975,433,58,134
975,433,58,134
975,433,58,134
976,433,58,134
976,433,58,134
977,433,58,134
977,433,58,134
978,433,58,134
978,433,58,134
979,433,58,134
979,433,58,134
980,434,59,132
980,433,59,132
981,433,59,132
981,433,59,132
982,432,59,132
982,432,59,132
983,432,59,132
983,431,59,132
984,431,59,132
984,431,59,132
985,431,58,132
985,431,58,132
985,431,58,132
985,431,58,132
985,431,58,132
985,431,58,132
985,431,58,132
985,431,58,132
985,431,58,132
985,431,58,132
986,432,58,132
986,431,58,132
987,430,58,132
988,429,58,132
989,428,58,132
990,427,58,132
991,426,58,132
992,425,58,132
993,424,58,132
994,423,58,132
995,423,58,132
995,423,58,132
995,423,58,132
995,423,58,132
995,424,58,132
996,424,58,132
996,424,58,132
996,425,58,132
996,425,58,132
996,425,58,132
997,426,58,132
997,426,58,132
998,426,58,132
998,426,58,132
999,426,58,132
999,426,58,132
1000,426,58,132
1000,426,58,132
1001,426,58,132
1001,426,58,132
1002,427,56,134
1002,426,56,134
1003,426,56,134
1004,426,56,134
1005,426,56,134
1006,426,56,134
1007,425,56,134
1008,425,56,134
1009,425,56,134
1010,425,56,134
1011,425,58,132
1011,425,58,132
1012,426,58,132
1013,427,58,132
1014,428,58,132
1015,429,58,132
1016,429,58,132
1017,430,58,132
1018,431,58,132
1019,432,58,132
1020,433,58,132
1020,433,58,132
1020,434,58,132
1020,435,58,132
1020,436,58,132
1020,437,58,132
1020,437,58,132
1020,438,58,132
1020,439,58,132
1020,440,58,132
1020,441,58,132
1020,442,58,132
1020,444,58,132
1020,446,58,132
1021,448,58,132
1021,450,58,132
1021,451,58,132
1022,453,58,132
1022,455,58,132
1022,457,58,132
1023,459,57,133
1023,459,57,133
1023,460,57,133
1023,460,57,133
1024,461,57,133
1024,462,57,133
1024,462,57,133
1025,463,57,133
1025,463,57,133
1025,464,57,133
1026,465,57,133
1026,465,57,133
1026,465,57,133
1027,465,57,133
1027,466,57,133
1028,466,57,133
1028,466,57,133
1028,467,57,133
1029,467,57,133
1029,467,57,133
1030,468,57,133
1030,469,57,133
1030,470,57,133
1030,471,57,133
1030,472,57,133
1031,473,57,133
1031,474,57,133
1031,475,57,133
1031,476,57,133
1031,477,57,133
1032,478,57,133
1032,480,57,133
1033,482,57,133
1033,484,57,133
1034,487,57,133
1034,489,57,133
1035,491,57,133
1035,494,57,133
1036,496,57,133
1036,498,57,133
1037,501,57,133
1037,502,57,133
1037,503,57,133
1038,504,57,133
1038,505,57,133
1039,507,57,133
1039,508,57,133
1039,509,57,133
1040,510,57,133
1040,511,57,133
1041,513,55,131
1041,513,55,131
1041,514,55,131
1042,515,55,131
1042,515,55,131
1043,516,55,131
1043,517,55,131
1043,517,55,131
1044,518,55,131
1044,519,55,131
1045,520,55,131
1044,520,55,131
1044,520,55,131
1044,520,55,131
1044,520,55,131
1044,520,55,131
1044,520,55,131
1044,520,55,131
1044,520,55,131
1044,520,55,131
1044,521,60,130
1044,522,60,130
1045,524,60,130
1045,525,60,130
1046,527,60,130
1047,529,60,130
1047,530,60,130
1048,532,60,130
1048,533,60,130
1049,535,60,130
1050,537,56,131
1051,538,56,131
1052,540,56,131
1053,542,56,131
1055,543,56,131
1056,545,56,131
1057,547,56,131
1059,548,56,131
1060,550,56,131
1061,552,56,131
1063,554,56,131
1064,555,56,131
1065,557,56,131
1066,558,56,131
1067,560,56,131
1068,562,56,131
1069,563,56,131
1070,565,56,131
1071,566,56,131
1072,568,56,131
1073,570,56,131
1073,570,56,131
1073,570,56,131
1073,571,56,131
1073,571,56,131
1074,572,56,131
1074,572,56,131
1074,572,56,131
1074,573,56,131
1074,573,56,131
1075,574,56,131
1075,575,56,131
1076,576,56,131
1076,577,56,131
1077,578,56,131
1077,579,56,131
1078,580,56,131
1078,581,56,131
1079,582,56,131
1079,583,56,131
1080,585,56,131
1080,587,56,131
1080,589,56,131
1080,591,56,131
1080,593,56,131
1080,595,56,131
1080,597,56,131
1080,599,56,131
1080,601,56,131
1080,603,56,131
1081,606,56,131
1081,606,56,131
1081,607,56,131
1082,608,56,131
1082,609,56,131
1083,610,56,131
1083,611,56,131
1083,612,56,131
1084,613,56,131
1084,614,56,131
1085,615,56,131
1084,613,56,131
1083,611,56,131
1082,610,56,131
1081,608,56,131
1080,607,56,131
1079,605,56,131
1078,603,56,131
1077,602,56,131
1076,600,56,131
1076,599,58,130
1075,602,58,130
1075,605,58,130
1074,608,58,130
1074,611,58,130
1074,614,58,130
1073,617,58,130
1073,620,58,130
1072,623,58,130
1072,626,58,130
1072,630,58,130
1071,629,58,130
1070,629,58,130
1069,628,58,130
1068,628,58,130
1067,628,58,130
1066,627,58,130
1065,627,58,130
1064,626,58,130
1063,626,58,130
1063,626,58,130
1062,627,58,130
1062,629,58,130
1061,631,58,130
1061,632,58,130
1061,634,58,130
1060,636,58,130
1060,637,58,130
1059,639,58,130
1059,641,58,130
1059,643,58,130
1058,641,58,130
1058,639,58,130
1058,638,58,130
1058,636,58,130
1058,635,58,130
1058,633,58,130
1058,631,58,130
1058,630,58,130
1058,628,58,130
1058,627,59,131
1057,628,59,131
1056,629,59,131
1055,631,59,131
1054,632,59,131
1053,634,59,131
1052,635,59,131
1051,636,59,131
1050,638,59,131
1049,639,59,131
1049,641,57,131
1048,640,57,131
1048,640,57,131
1048,639,57,131
1047,639,57,131
1047,639,57,131
1047,638,57,131
1046,638,57,131
1046,637,57,131
1046,637,57,131
1046,637,57,131
1045,637,57,131
1045,637,57,131
1044,637,57,131
1044,637,57,131
1044,638,57,131
1043,638,57,131
1043,638,57,131
1042,638,57,131
1042,638,57,131
1042,639,57,131
1041,638,57,131
1041,637,57,131
1040,636,57,131
1040,635,57,131
1039,635,57,131
1039,634,57,131
1038,633,57,131
1038,632,57,131
1037,631,57,131
1037,631,58,130
1036,631,58,130
1036,631,58,130
1036,631,58,130
1036,631,58,130
1036,631,58,130
1036,631,58,130
1036,631,58,130
1036,631,58,130
1036,631,58,130
1036,632,55,130
1035,633,55,130
1035,634,55,130
1034,635,55,130
1034,636,55,130
1033,638,55,130
1033,639,55,130
1032,640,55,130
1032,641,55,130
1031,642,55,130
1031,644,54,128
1030,643,54,128
1030,642,54,128
1030,641,54,128
1030,640,54,128
1030,639,54,128
1030,638,54,128
1030,637,54,128
1030,636,54,128
1030,635,54,128
1030,634,55,126
1029,633,55,126
1029,632,55,126
1029,632,55,126
1029,631,55,126
1029,631,55,126
1029,630,55,126
1029,629,55,126
1029,629,55,126
1029,628,55,126
1029,628,55,126
1028,627,55,126
1028,627,55,126
1028,626,55,126
1027,626,55,126
1027,625,55,126
1027,625,55,126
1026,624,55,126
1026,624,55,126
1026,623,55,126
1026,623,56,128
1025,623,56,128
1025,623,56,128
1025,624,56,128
1025,624,56,128
1025,625,56,128
1025,625,56,128
1025,625,56,128
1025,626,56,128
1025,626,56,128
1025,627,54,128
1024,626,54,128
1024,625,54,128
1023,624,54,128
1023,624,54,128
1022,623,54,128
1022,622,54,128
1021,622,54,128
1021,621,54,128
1020,620,54,128
1020,620,56,127
1019,619,56,127
1018,618,56,127
1018,617,56,127
1017,617,56,127
1017,616,56,127
1016,615,56,127
1015,615,56,127
1015,614,56,127
1014,613,56,127
1014,613,56,127
1014,614,56,127
1014,615,56,127
1014,616,56,127
1014,617,56,127
1015,618,56,127
1015,619,56,127
1015,620,56,127
1015,621,56,127
1015,622,56,127
1016,623,54,126
1014,622,54,126
1013,621,54,126
1012,620,54,126
1011,619,54,126
1010,619,54,126
1008,618,54,126
1007,617,54,126
1006,616,54,126
1005,615,54,126
1004,615,54,126
1003,613,54,126
1003,612,54,126
1003,611,54,126
1002,609,54,126
1002,608,54,126
1002,607,54,126
1001,605,54,126
1001,604,54,126
1001,603,54,126
1001,602,56,126
1000,601,56,126
999,601,56,126
999,600,56,126
998,600,56,126
998,599,56,126
997,599,56,126
996,598,56,126
996,598,56,126
995,597,56,126
995,597,55,125
994,596,55,125
993,596,55,125
992,596,55,125
991,596,55,125
990,596,55,125
989,595,55,125
988,595,55,125
987,595,55,125
986,595,55,125
985,595,54,123
984,596,54,123
983,597,54,123
982,598,54,123
981,600,54,123
980,601,54,123
979,602,54,123
978,604,54,123
977,605,54,123
976,606,54,123
975,608,56,125
973,606,56,125
972,605,56,125
971,604,56,125
969,602,56,125
968,601,56,125
967,600,56,125
965,598,56,125
964,597,56,125
963,596,56,125
962,595,56,123
961,595,56,123
960,595,56,123
959,595,56,123
958,596,56,123
957,596,56,123
956,596,56,123
955,597,56,123
954,597,56,123
953,597,56,123
953,598,55,124
952,598,55,124
952,599,55,124
951,600,55,124
951,601,55,124
950,602,55,124
950,602,55,124
949,603,55,124
949,604,55,124
948,605,55,124
948,606,53,122
948,604,53,122
948,603,53,122
948,601,53,122
949,600,53,122
949,599,53,122
949,597,53,122
950,596,53,122
950,594,53,122
950,593,53,122
951,592,54,122
949,593,54,122
948,594,54,122
946,595,54,122
945,597,54,122
943,598,54,122
942,599,54,122
940,601,54,122
939,602,54,122
937,603,54,122
936,605,54,122
936,604,54,122
937,603,54,122
938,602,54,122
939,601,54,122
940,600,54,122
940,599,54,122
941,598,54,122
942,597,54,122
943,596,54,122
944,595,54,122
943,596,54,122
942,598,54,122
942,599,54,122
941,601,54,122
941,602,54,122
940,604,54,122
939,605,54,122
939,607,54,122
938,608,54,122
938,610,52,123
937,608,52,123
937,607,52,123
936,605,52,123
936,604,52,123
936,602,52,123
935,601,52,123
935,599,52,123
934,598,52,123
934,596,52,123
934,595,54,122
934,596,54,122
934,598,54,122
934,600,54,122
934,602,54,122
934,604,54,122
934,605,54,122
934,607,54,122
934,609,54,122
934,611,54,122
934,613,52,122
934,613,52,122
935,613,52,122
935,614,52,122
936,614,52,122
937,615,52,122
937,615,52,122
938,615,52,122
938,616,52,122
939,616,52,122
940,617,54,117
940,616,54,117
941,616,54,117
941,616,54,117
942,616,54,117
942,616,54,117
943,615,54,117
943,615,54,117
944,615,54,117
944,615,54,117
945,615,51,119
945,615,51,119
946,615,51,119
946,615,51,119
947,615,51,119
947,615,51,119
948,615,51,119
948,615,51,119
949,615,51,119
949,615,51,119
950,615,54,121
949,616,54,121
949,617,54,121
948,618,54,121
948,619,54,121
948,620,54,121
947,621,54,121
947,622,54,121
946,623,54,121
946,624,54,121
946,625,49,115
946,625,49,115
946,626,49,115
947,626,49,115
947,627,49,115
948,628,49,115
948,628,49,115
948,629,49,115
949,629,49,115
949,630,49,115
950,631,50,118
950,628,50,118
950,626,50,118
950,623,50,118
950,621,50,118
950,618,50,118
950,616,50,118
950,613,50,118
950,611,50,118
950,608,50,118
951,606,52,118
950,603,52,118
950,601,52,118
950,598,52,118
950,596,52,118
950,593,52,118
950,591,52,118
950,588,52,118
950,586,52,118
950,583,52,118
950,581,54,115
949,578,54,115
949,576,54,115
949,574,54,115
949,571,54,115
949,569,54,115
948,567,54,115
948,564,54,115
948,562,54,115
948,560,54,115
948,558,51,118
948,555,51,118
948,553,51,118
948,550,51,118
948,548,51,118
949,545,51,118
949,543,51,118
949,540,51,118
949,538,51,118
949,535,51,118
950,533,50,118
950,531,50,118
951,530,50,118
951,528,50,118
952,527,50,118
952,525,50,118
953,524,50,118
953,522,50,118
954,521,50,118
954,519,50,118
955,518,51,116
954,515,51,116
954,513,51,116
954,510,51,116
953,508,51,116
953,506,51,116
953,503,51,116
952,501,51,116
952,498,51,116
952,496,51,116
952,494,51,116
952,491,51,116
953,489,51,116
953,487,51,116
954,485,51,116
954,483,51,116
955,480,51,116
955,478,51,116
956,476,51,116
956,474,51,116
957,472,49,116
957,468,49,116
957,465,49,116
957,461,49,116
957,458,49,116
957,455,49,116
957,451,49,116
957,448,49,116
957,444,49,116
957,441,49,116
957,438,49,116
957,436,49,116
957,434,49,116
958,432,49,116
958,431,49,116
959,429,49,116
959,427,49,116
959,426,49,116
960,424,49,116
960,422,49,116
961,421,49,116
960,419,49,116
960,417,49,116
960,416,49,116
959,414,49,116
959,413,49,116
959,411,49,116
958,409,49,116
958,408,49,116
958,406,49,116
958,405,49,116
958,401,49,116
959,397,49,116
960,393,49,116
961,390,49,116
962,386,49,116
963,382,49,116
964,379,49,116
965,375,49,116
966,371,49,116
967,368,49,116
967,367,49,116
967,367,49,116
967,366,49,116
967,366,49,116
967,366,49,116
967,365,49,116
967,365,49,116
967,364,49,116
967,364,49,116
967,364,49,116
966,362,49,116
965,361,49,116
965,359,49,116
964,358,49,116
964,356,49,116
963,355,49,116
962,353,49,116
962,352,49,116
961,350,49,116
961,349,50,115
961,347,50,115
962,345,50,115
962,343,50,115
963,341,50,115
963,339,50,115
964,337,50,115
964,335,50,115
965,333,50,115
965,331,50,115
966,330,50,115
965,328,50,115
965,327,50,115
965,326,50,115
964,325,50,115
964,324,50,115
964,323,50,115
963,322,50,115
963,321,50,115
963,320,50,115
963,319,50,115
962,318,50,115
962,317,50,115
962,316,50,115
962,316,50,115
962,315,50,115
962,314,50,115
962,314,50,115
962,313,50,115
962,312,50,115
962,312,50,115
962,310,50,115
962,308,50,115
963,307,50,115
963,305,50,115
964,304,50,115
964,302,50,115
964,300,50,115
965,299,50,115
965,297,50,115
966,296,51,115
966,295,51,115
966,294,51,115
966,294,51,115
966,293,51,115
966,293,51,115
966,292,51,115
966,291,51,115
966,291,51,115
966,290,51,115
966,290,51,115
966,288,51,115
967,287,51,115
967,286,51,115
968,284,51,115
968,283,51,115
969,282,51,115
969,280,51,115
970,279,51,115
970,278,51,115
971,277,51,115
971,275,51,115
972,274,51,115
972,272,51,115
973,271,51,115
974,270,51,115
974,268,51,115
975,267,51,115
975,265,51,115
976,264,51,115
977,263,51,115
976,264,51,115
976,265,51,115
976,266,51,115
976,267,51,115
976,269,51,115
975,270,51,115
975,271,51,115
975,272,51,115
975,273,51,115
975,275,51,115
975,274,51,115
976,274,51,115
977,274,51,115
977,273,51,115
978,273,51,115
979,273,51,115
979,272,51,115
980,272,51,115
981,272,51,115
982,272,49,116
982,272,49,116
983,272,49,116
983,273,49,116
984,273,49,116
984,274,49,116
985,274,49,116
985,274,49,116
986,275,49,116
986,275,49,116
987,276,49,116
987,274,49,116
988,272,49,116
988,270,49,116
989,268,49,116
990,266,49,116
990,264,49,116
991,262,49,116
991,260,49,116
992,258,49,116
993,256,49,114
993,256,49,114
993,257,49,114
993,258,49,114
993,259,49,114
993,260,49,114
993,260,49,114
993,261,49,114
993,262,49,114
993,263,49,114
993,264,50,112
993,263,50,112
994,263,50,112
994,263,50,112
995,263,50,112
996,263,50,112
996,263,50,112
997,263,50,112
997,263,50,112
998,263,50,112
999,263,50,115
998,262,50,115
998,262,50,115
998,261,50,115
998,261,50,115
998,261,50,115
998,260,50,115
998,260,50,115
998,259,50,115
998,259,50,115
998,259,50,116
998,259,50,116
998,259,50,116
999,259,50,116
999,259,50,116
1000,260,50,116
1000,260,50,116
1000,260,50,116
1001,260,50,116
1001,260,50,116
1002,261,50,115
1002,261,50,115
1003,261,50,115
1004,262,50,115
1004,262,50,115
1005,263,50,115
1006,263,50,115
1006,263,50,115
1007,264,50,115
1008,264,50,115
1009,265,50,115
1010,264,50,115
1011,263,50,115
1012,262,50,115
1013,261,50,115
1014,260,50,115
1015,259,50,115
1016,258,50,115
1017,257,50,115
1018,256,50,115
1019,255,50,115
1019,255,50,115
1019,256,50,115
1019,257,50,115
1020,258,50,115
1020,259,50,115
1020,260,50,115
1021,261,50,115
1021,262,50,115
1021,263,50,115
1022,264,50,115
1022,263,50,115
1022,262,50,115
1022,262,50,115
1022,261,50,115
1022,261,50,115
1022,260,50,115
1022,259,50,115
1022,259,50,115
1022,258,50,115
1023,258,50,115
1023,258,50,115
1024,258,50,115
1025,258,50,115
1026,258,50,115
1027,259,50,115
1028,259,50,115
1029,259,50,115
1030,259,50,115
1031,259,50,115
1032,260,50,115
1032,260,50,115
1033,261,50,115
1033,262,50,115
1034,263,50,115
1034,264,50,115
1035,265,50,115
1035,266,50,115
1036,267,50,115
1036,268,50,115
1037,269,50,115
1038,268,50,115
1039,268,50,115
1041,268,50,115
1042,267,50,115
1044,267,50,115
1045,267,50,115
1046,266,50,115
1048,266,50,115
1049,266,50,115
1051,266,50,115
1051,266,50,115
1052,266,50,115
1053,267,50,115
1053,267,50,115
1054,268,50,115
1055,268,50,115
1055,268,50,115
1056,269,50,115
1057,269,50,115
1058,270,50,115
1058,270,50,115
1058,270,50,115
1058,271,50,115
1059,271,50,115
1059,272,50,115
1059,272,50,115
1060,272,50,115
1060,273,50,115
1060,273,50,115
1061,274,50,115
1062,275,50,115
1063,277,50,115
1064,278,50,115
1065,280,50,115
1066,282,50,115
1067,283,50,115
1068,285,50,115
1069,286,50,115
1070,288,50,115
1071,290,50,115
1071,289,50,115
1071,288,50,115
1071,287,50,115
1071,287,50,115
1071,286,50,115
1071,285,50,115
1071,285,50,115
1071,284,50,115
1071,283,50,115
1071,283,50,115
1071,283,50,115
1071,284,50,115
1071,285,50,115
1072,285,50,115
1072,286,50,115
1072,287,50,115
1073,287,50,115
1073,288,50,115
1073,289,50,115
1074,290,50,115
1074,288,50,115
1074,287,50,115
1075,286,50,115
1075,284,50,115
1076,283,50,115
1076,282,50,115
1076,280,50,115
1077,279,50,115
1077,278,50,115
1078,277,50,115
1079,278,50,115
1080,279,50,115
1081,280,50,115
1082,282,50,115
1083,283,50,115
1084,284,50,115
1085,286,50,115
1086,287,50,115
1087,288,50,115
1088,290,50,115
1088,289,50,115
1088,289,50,115
1088,289,50,115
1089,289,50,115
1089,289,50,115
1089,289,50,115
1090,289,50,115
1090,289,50,115
1090,289,50,115
1091,289,50,115
1091,290,50,115
1091,291,50,115
1092,292,50,115
1092,293,50,115
1093,294,50,115
1093,295,50,115
1093,296,50,115
1094,297,50,115
1094,298,50,115
1095,299,50,114
1095,299,50,114
1095,300,50,114
1095,301,50,114
1096,302,50,114
1096,303,50,114
1096,303,50,114
1097,304,50,114
1097,305,50,114
1097,306,50,114
1098,307,50,114
1098,306,50,114
1099,306,50,114
1100,306,50,114
1101,306,50,114
1102,306,50,114
1102,306,50,114
1103,306,50,114
1104,306,50,114
1105,306,50,114
1106,306,50,114
1106,306,50,114
1106,307,50,114
1106,307,50,114
1107,308,50,114
1107,308,50,114
1107,309,50,114
1108,309,50,114
1108,310,50,114
1108,310,50,114
1109,311,52,115
1109,311,52,115
1109,312,52,115
1109,312,52,115
1110,313,52,115
1110,313,52,115
1110,314,52,115
1111,314,52,115
1111,315,52,115
1111,315,52,115
1112,316,52,115
1112,316,52,115
1113,316,52,115
1114,317,52,115
1114,317,52,115
1115,318,52,115
1116,318,52,115
1116,318,52,115
1117,319,52,115
1118,319,52,115
1119,320,52,115
1118,319,52,115
1118,319,52,115
1118,319,52,115
1117,319,52,115
1117,319,52,115
1117,318,52,115
1116,318,52,115
1116,318,52,115
1116,318,52,115
1116,318,52,115
1116,318,52,115
1117,318,52,115
1117,318,52,115
1118,319,52,115
1118,319,52,115
1119,319,52,115
1119,320,52,115
1120,320,52,115
1120,320,52,115
1121,321,52,116
1121,322,52,116
1121,323,52,116
1122,324,52,116
1122,325,52,116
1123,327,52,116
1123,328,52,116
1123,329,52,116
1124,330,52,116
1124,331,52,116
1125,333,52,116
1125,332,52,116
1126,331,52,116
1126,330,52,116
1127,329,52,116
1127,328,52,116
1128,327,52,116
1128,326,52,116
1129,325,52,116
1129,324,52,116
1130,324,51,115
1130,324,51,115
1131,325,51,115
1131,326,51,115
1132,327,51,115
1132,328,51,115
1133,329,51,115
1133,330,51,115
1134,331,51,115
1134,332,51,115
1135,333,51,115
1135,332,51,115
1135,332,51,115
1135,331,51,115
1135,331,51,115
1136,331,51,115
1136,330,51,115
1136,330,51,115
1136,329,51,115
1136,329,51,115
1137,329,51,115
1137,329,51,115
1137,329,51,115
1138,329,51,115
1138,330,51,115
1139,330,51,115
1139,330,51,115
1139,331,51,115
1140,331,51,115
1140,331,51,115
1141,332,51,115
1140,332,51,115
1140,333,51,115
1140,333,51,115
1139,334,51,115
1139,334,51,115
1139,335,51,115
1138,335,51,115
1138,336,51,115
1138,336,51,115
1138,337,50,117
1138,338,50,117
1138,339,50,117
1138,340,50,117
1138,341,50,117
1138,342,50,117
1138,343,50,117
1138,344,50,117
1138,345,50,117
1138,346,50,117
1138,347,51,115
1137,348,51,115
1137,349,51,115
1137,350,51,115
1137,351,51,115
1137,353,51,115
1137,354,51,115
1137,355,51,115
1137,356,51,115
1137,357,51,115
1137,359,51,115
1135,358,51,115
1133,358,51,115
1132,358,51,115
1130,358,51,115
1129,358,51,115
1127,358,51,115
1125,358,51,115
1124,358,51,115
1122,358,51,115
1121,358,51,115
1119,357,51,115
1117,357,51,115
1115,357,51,115
1113,357,51,115
1111,357,51,115
1109,357,51,115
1107,357,51,115
1105,357,51,115
1103,357,51,115
1102,357,51,115
1099,358,51,115
1096,360,51,115
1093,361,51,115
1090,363,51,115
1088,364,51,115
1085,366,51,115
1082,367,51,115
1079,369,51,115
1076,370,51,115
1074,372,51,115
1071,372,51,115
1069,372,51,115
1066,373,51,115
1064,373,51,115
1061,374,51,115
1059,374,51,115
1056,374,51,115
1054,375,51,115
1051,375,51,115
1049,376,51,116
1045,376,51,116
1042,377,51,116
1038,378,51,116
1035,379,51,116
1032,380,51,116
1028,380,51,116
1025,381,51,116
1021,382,51,116
1018,383,51,116
1015,384,51,116
1010,385,51,116
1006,386,51,116
1001,387,51,116
997,388,51,116
992,390,51,116
988,391,51,116
983,392,51,116
979,393,51,116
974,394,51,116
970,396,51,116
965,396,51,116
960,397,51,116
956,397,51,116
951,398,51,116
947,398,51,116
942,399,51,116
937,399,51,116
933,400,51,116
928,400,51,116
924,401,51,116
919,401,51,116
914,402,51,116
910,402,51,116
905,403,51,116
901,404,51,116
896,404,51,116
891,405,51,116
887,405,51,116
882,406,51,116
878,407,51,116
871,407,51,116
865,408,51,116
859,409,51,116
853,410,51,116
847,411,51,116
841,411,51,116
835,412,51,116
829,413,51,116
823,414,51,116
817,415,51,116
811,415,51,116
805,416,51,116
800,417,51,116
794,418,51,116
789,419,51,116
783,420,51,116
777,421,51,116
772,422,51,116
766,423,51,116
761,424,51,116
756,425,51,116
752,427,51,116
747,429,51,116
743,431,51,116
738,433,51,116
734,434,51,116
729,436,51,116
725,438,51,116
720,440,51,116
716,442,48,115
710,443,48,115
705,445,48,115
700,446,48,115
695,448,48,115
690,449,48,115
684,451,48,115
679,452,48,115
674,454,48,115
669,455,48,115
664,457,51,115
659,458,51,115
655,459,51,115
650,460,51,115
646,461,51,115
641,462,51,115
637,463,51,115
632,464,51,115
628,465,51,115
623,466,51,115
619,467,52,116
615,467,52,116
611,468,52,116
608,469,52,116
604,470,52,116
601,471,52,116
597,471,52,116
593,472,52,116
590,473,52,116
586,474,52,116
583,475,51,113
578,477,51,113
574,479,51,113
570,481,51,113
566,483,51,113
562,485,51,113
558,487,51,113
554,489,51,113
550,491,51,113
546,493,51,113
542,495,53,115
539,496,53,115
536,497,53,115
533,498,53,115
530,499,53,115
527,500,53,115
524,501,53,115
521,502,53,115
518,503,53,115
515,504,53,115
513,506,53,116
509,506,53,116
506,506,53,116
503,506,53,116
500,506,53,116
497,507,53,116
494,507,53,116
491,507,53,116
488,507,53,116
485,507,53,116
482,508,50,116
480,509,50,116
478,510,50,116
476,511,50,116
474,512,50,116
472,513,50,116
470,514,50,116
468,515,50,116
466,516,50,116
464,517,50,116
462,519,50,116
459,519,50,116
457,519,50,116
455,519,50,116
452,519,50,116
450,519,50,116
448,519,50,116
445,519,50,116
443,519,50,116
441,519,50,116
439,519,50,117
436,519,50,117
434,519,50,117
431,519,50,117
429,519,50,117
427,519,50,117
424,519,50,117
422,519,50,117
419,519,50,117
417,519,50,117
415,520,51,119
413,521,51,119
412,522,51,119
411,523,51,119
409,525,51,119
408,526,51,119
407,527,51,119
405,529,51,119
404,530,51,119
403,531,51,119
402,533,51,117
400,534,51,117
398,535,51,117
396,536,51,117
394,537,51,117
393,539,51,117
391,540,51,117
389,541,51,117
387,542,51,117
385,543,51,117
384,545,50,117
382,544,50,117
381,544,50,117
380,544,50,117
379,543,50,117
378,543,50,117
376,543,50,117
375,542,50,117
374,542,50,117
373,542,50,117
372,542,51,119
370,542,51,119
369,543,51,119
368,543,51,119
367,544,51,119
366,544,51,119
364,545,51,119
363,545,51,119
362,546,51,119
361,546,51,119
360,547,51,119
358,546,51,119
357,546,51,119
355,546,51,119
354,545,51,119
352,545,51,119
351,545,51,119
349,544,51,119
348,544,51,119
346,544,51,119
345,544,51,119
344,544,51,119
343,544,51,119
343,544,51,119
342,544,51,119
342,544,51,119
341,544,51,119
340,544,51,119
340,544,51,119
339,544,51,119
339,545,51,119
338,546,51,119
337,547,51,119
336,548,51,119
336,549,51,119
335,550,51,119
334,551,51,119
334,552,51,119
333,553,51,119
332,554,51,119
332,555,51,119
330,555,51,119
329,556,51,119
328,557,51,119
326,558,51,119
325,559,51,119
324,560,51,119
322,561,51,119
321,562,51,119
320,563,51,119
319,564,52,119
319,563,52,119
319,563,52,119
320,562,52,119
320,562,52,119
321,562,52,119
321,561,52,119
321,561,52,119
322,560,52,119
322,560,52,119
323,560,52,119
324,560,52,119
325,561,52,119
326,561,52,119
327,562,52,119
328,563,52,119
329,563,52,119
330,564,52,119
331,564,52,119
332,565,52,119
333,566,52,119
336,565,52,119
339,565,52,119
342,565,52,119
345,565,52,119
349,565,52,119
352,564,52,119
355,564,52,119
358,564,52,119
361,564,52,119
365,564,52,119
367,562,52,119
370,561,52,119
373,559,52,119
375,558,52,119
378,557,52,119
381,555,52,119
383,554,52,119
386,552,52,119
389,551,52,119
392,550,52,119
394,549,52,119
397,549,52,119
400,548,52,119
403,548,52,119
406,548,52,119
408,547,52,119
411,547,52,119
414,546,52,119
417,546,52,119
420,546,52,119
420,545,52,119
421,545,52,119
422,545,52,119
423,545,52,119
424,545,52,119
425,545,52,119
426,545,52,119
427,545,52,119
428,545,52,119
429,545,52,119
429,545,52,119
430,546,52,119
431,547,52,119
432,548,52,119
433,549,52,119
433,550,52,119
434,551,52,119
435,552,52,119
436,553,52,119
437,554,50,119
436,553,50,119
436,552,50,119
435,551,50,119
435,551,50,119
435,550,50,119
434,549,50,119
434,549,50,119
433,548,50,119
433,547,50,119
433,547,50,118
433,547,50,118
433,548,50,118
434,549,50,118
434,550,50,118
435,551,50,118
435,552,50,118
435,553,50,118
436,554,50,118
436,555,50,118
437,556,51,121
437,555,51,121
437,555,51,121
437,554,51,121
437,554,51,121
437,554,51,121
437,553,51,121
437,553,51,121
437,552,51,121
437,552,51,121
437,552,49,119
436,552,49,119
436,553,49,119
436,554,49,119
436,555,49,119
436,556,49,119
435,556,49,119
435,557,49,119
435,558,49,119
435,559,49,119
435,560,52,119
435,560,52,119
435,560,52,119
435,561,52,119
436,561,52,119
436,562,52,119
436,562,52,119
437,562,52,119
437,563,52,119
437,563,52,119
438,564,52,119
438,565,52,119
438,566,52,119
438,567,52,119
438,568,52,119
438,569,52,119
438,570,52,119
438,571,52,119
438,572,52,119
438,573,52,119
439,574,51,119
439,574,51,119
440,575,51,119
440,576,51,119
441,577,51,119
441,578,51,119
442,579,51,119
442,580,51,119
443,581,51,119
443,582,51,119
444,583,53,118
444,582,53,118
445,581,53,118
446,580,53,118
447,580,53,118
448,579,53,118
449,578,53,118
450,578,53,118
451,577,53,118
452,576,53,118
453,576,51,118
453,577,51,118
454,579,51,118
454,580,51,118
455,582,51,118
455,583,51,118
456,585,51,118
456,586,51,118
457,588,51,118
457,589,51,118
458,591,51,118
458,590,51,118
459,590,51,118
460,590,51,118
461,589,51,118
462,589,51,118
463,589,51,118
464,588,51,118
465,588,51,118
466,588,51,118
467,588,53,119
466,590,53,119
465,592,53,119
464,594,53,119
464,596,53,119
463,598,53,119
462,600,53,119
462,602,53,119
461,604,53,119
460,606,53,119
460,608,53,119
461,607,53,119
462,607,53,119
463,607,53,119
464,607,53,119
465,607,53,119
466,607,53,119
467,607,53,119
468,607,53,119
469,607,53,119
470,607,53,119
470,606,53,119
470,606,53,119
471,606,53,119
471,605,53,119
472,605,53,119
472,605,53,119
472,604,53,119
473,604,53,119
473,604,53,119
474,604,53,119
474,604,53,119
475,605,53,119
476,606,53,119
476,607,53,119
477,608,53,119
478,609,53,119
478,610,53,119
479,611,53,119
480,612,53,119
481,613,51,119
481,614,51,119
482,615,51,119
482,616,51,119
483,617,51,119
483,618,51,119
484,619,51,119
484,620,51,119
485,621,51,119
485,622,51,119
486,624,51,119
487,622,51,119
488,621,51,119
489,619,51,119
490,618,51,119
491,616,51,119
492,615,51,119
493,613,51,119
494,612,51,119
495,610,51,119
497,609,51,119
496,610,51,119
496,612,51,119
495,614,51,119
495,615,51,119
495,617,51,119
494,619,51,119
494,620,51,119
493,622,51,119
493,624,51,119
493,626,51,119
494,626,51,119
495,627,51,119
496,628,51,119
497,628,51,119
499,629,51,119
500,630,51,119
501,630,51,119
502,631,51,119
503,632,51,119
505,633,51,118
505,633,51,118
505,634,51,118
505,634,51,118
505,635,51,118
505,636,51,118
505,636,51,118
505,637,51,118
505,637,51,118
505,638,51,118
505,639,51,118
505,638,51,118
506,638,51,118
507,638,51,118
508,638,51,118
509,638,51,118
509,638,51,118
510,638,51,118
511,638,51,118
512,638,51,118
513,638,52,120
513,637,52,120
514,636,52,120
514,635,52,120
515,634,52,120
516,633,52,120
516,632,52,120
517,631,52,120
517,630,52,120
518,629,52,120
519,629,52,120
519,629,52,120
520,630,52,120
521,631,52,120
521,632,52,120
522,633,52,120
523,634,52,120
523,635,52,120
524,636,52,120
525,637,52,120
526,638,53,119
526,637,53,119
527,637,53,119
527,636,53,119
528,636,53,119
529,635,53,119
529,635,53,119
530,634,53,119
530,634,53,119
531,633,53,119
532,633,53,119
532,632,53,119
533,632,53,119
533,631,53,119
534,631,53,119
535,630,53,119
535,630,53,119
536,629,53,119
536,629,53,119
537,628,53,119
538,628,51,120
538,627,51,120
539,627,51,120
540,626,51,120
540,626,51,120
541,626,51,120
542,625,51,120
542,625,51,120
543,624,51,120
544,624,51,120
545,624,51,120
545,623,51,120
545,623,51,120
545,623,51,120
546,623,51,120
546,623,51,120
546,623,51,120
547,623,51,120
547,623,51,120
547,623,51,120
548,623,50,119
548,620,50,119
549,617,50,119
549,614,50,119
550,611,50,119
550,609,50,119
551,606,50,119
551,603,50,119
552,600,50,119
552,597,50,119
553,595,50,119
554,595,50,119
555,596,50,119
556,597,50,119
558,598,50,119
559,599,50,119
560,599,50,119
562,600,50,119
563,601,50,119
564,602,50,119
566,603,50,119
566,602,50,119
567,601,50,119
568,601,50,119
568,600,50,119
569,600,50,119
570,599,50,119
570,598,50,119
571,598,50,119
572,597,50,119
573,597,50,119
573,595,50,119
573,594,50,119
573,593,50,119
573,592,50,119
574,591,50,119
574,589,50,119
574,588,50,119
574,587,50,119
574,586,50,119
575,585,50,119
575,584,50,119
575,583,50,119
575,582,50,119
576,582,50,119
576,581,50,119
576,580,50,119
577,580,50,119
577,579,50,119
577,578,50,119
578,578,50,119
578,576,50,119
579,575,50,119
579,574,50,119
580,573,50,119
580,572,50,119
581,571,50,119
581,570,50,119
582,569,50,119
582,568,50,119
583,567,50,119
583,565,50,119
584,564,50,119
584,563,50,119
585,562,50,119
586,561,50,119
586,560,50,119
587,559,50,119
587,558,50,119
588,557,50,119
589,556,50,119
589,555,50,119
589,554,50,119
589,553,50,119
590,552,50,119
590,551,50,119
590,550,50,119
591,549,50,119
591,548,50,119
591,547,50,119
592,546,50,119
592,545,50,119
593,545,50,119
593,544,50,119
594,544,50,119
594,543,50,119
595,543,50,119
595,542,50,119
596,542,50,119
596,541,50,119
597,541,50,118
597,539,50,118
598,538,50,118
599,536,50,118
600,535,50,118
601,534,50,118
601,532,50,118
602,531,50,118
603,529,50,118
604,528,50,118
605,527,50,118
605,527,50,118
606,527,50,118
607,527,50,118
608,527,50,118
609,527,50,118
610,527,50,118
611,527,50,118
612,527,50,118
613,527,50,118
614,527,50,118
614,525,50,118
614,523,50,118
614,521,50,118
615,519,50,118
615,517,50,118
615,515,50,118
616,513,50,118
616,511,50,118
616,509,50,118
617,508,50,118
617,507,50,118
618,507,50,118
619,506,50,118
620,506,50,118
621,505,50,118
622,505,50,118
623,504,50,118
624,504,50,118
625,503,50,118
626,503,51,115
627,503,51,115
628,503,51,115
629,503,51,115
630,503,51,115
631,503,51,115
632,503,51,115
633,503,51,115
634,503,51,115
635,503,51,115
636,503,50,117
636,501,50,117
636,500,50,117
636,499,50,117
637,497,50,117
637,496,50,117
637,495,50,117
638,493,50,117
638,492,50,117
638,491,50,117
639,490,50,117
639,487,50,117
640,485,50,117
641,483,50,117
642,481,50,117
643,479,50,117
643,476,50,117
644,474,50,117
645,472,50,117
646,470,50,117
647,468,50,117
647,467,50,117
647,467,50,117
647,466,50,117
647,466,50,117
648,466,50,117
648,465,50,117
648,465,50,117
648,464,50,117
648,464,50,117
649,464,50,117
649,463,50,117
650,462,50,117
651,461,50,117
652,460,50,117
653,459,50,117
654,458,50,117
655,457,50,117
656,456,50,117
657,455,50,117
658,454,50,117
658,453,50,117
659,452,50,117
659,451,50,117
660,450,50,117
660,449,50,117
661,448,50,117
661,447,50,117
662,446,50,117
662,445,50,117
663,445,50,117
663,443,50,117
663,441,50,117
663,439,50,117
663,438,50,117
663,436,50,117
663,434,50,117
663,433,50,117
663,431,50,117
663,429,50,117
664,428,50,117
665,427,50,117
667,426,50,117
669,425,50,117
670,424,50,117
672,424,50,117
674,423,50,117
675,422,50,117
677,421,50,117
679,420,50,117
681,420,50,117
680,419,50,117
680,419,50,117
680,418,50,117
679,418,50,117
679,417,50,117
679,417,50,117
678,416,50,117
678,416,50,117
678,415,50,117
678,415,50,117
678,414,50,117
679,414,50,117
680,413,50,117
681,413,50,117
682,413,50,117
682,412,50,117
683,412,50,117
684,411,50,117
685,411,50,117
686,411,49,116
686,410,49,116
687,409,49,116
687,408,49,116
688,407,49,116
688,406,49,116
689,405,49,116
689,404,49,116
690,403,49,116
690,402,49,116
691,402,49,116
691,401,49,116
692,400,49,116
692,400,49,116
693,399,49,116
694,399,49,116
694,398,49,116
695,397,49,116
695,397,49,116
696,396,49,116
697,396,49,116
696,394,49,116
696,392,49,116
696,390,49,116
696,389,49,116
696,387,49,116
696,385,49,116
696,384,49,116
696,382,49,116
696,380,49,116
696,379,50,117
696,378,50,117
697,378,50,117
698,377,50,117
699,377,50,117
700,377,50,117
700,376,50,117
701,376,50,117
702,375,50,117
703,375,50,117
704,375,49,116
704,374,49,116
704,374,49,116
704,374,49,116
704,374,49,116
704,374,49,116
704,373,49,116
704,373,49,116
704,373,49,116
704,373,49,116
704,373,49,116
704,372,49,116
704,371,49,116
704,370,49,116
705,370,49,116
705,369,49,116
705,368,49,116
706,368,49,116
706,367,49,116
706,366,49,116
707,366,49,116
708,367,49,116
709,368,49,116
710,370,49,116
712,371,49,116
713,373,49,116
714,374,49,116
716,375,49,116
717,377,49,116
718,378,49,116
720,380,49,116
719,380,49,116
719,380,49,116
719,381,49,116
718,381,49,116
718,382,49,116
718,382,49,116
717,382,49,116
717,383,49,116
717,383,49,116
717,384,49,116
718,381,49,116
719,378,49,116
720,375,49,116
721,373,49,116
723,370,49,116
724,367,49,116
725,365,49,116
726,362,49,116
727,359,49,116
729,357,49,116
729,358,49,116
730,359,49,116
731,360,49,116
731,361,49,116
732,362,49,116
733,363,49,116
733,364,49,116
734,365,49,116
735,366,49,116
736,368,49,116
736,368,49,116
737,368,49,116
737,368,49,116
738,368,49,116
738,368,49,116
739,368,49,116
739,368,49,116
740,368,49,116
740,368,49,116
741,368,49,116
742,368,49,116
743,369,49,116
744,369,49,116
745,370,49,116
747,370,49,116
748,371,49,116
749,371,49,116
750,372,49,116
751,372,49,116
753,373,49,116
753,373,49,116
753,373,49,116
754,374,49,116
754,374,49,116
755,375,49,116
755,375,49,116
755,375,49,116
756,376,49,116
756,376,49,116
757,377,49,115
758,376,49,115
759,376,49,115
760,375,49,115
761,375,49,115
762,375,49,115
763,374,49,115
764,374,49,115
765,373,49,115
766,373,49,115
767,373,49,115
767,374,49,115
768,375,49,115
768,376,49,115
769,378,49,115
769,379,49,115
770,380,49,115
770,382,49,115
771,383,49,115
771,384,49,115
772,386,49,115
773,386,49,115
774,386,49,115
775,386,49,115
776,387,49,115
777,387,49,115
778,387,49,115
779,388,49,115
780,388,49,115
781,388,49,115
782,389,49,115
782,388,49,115
783,387,49,115
783,387,49,115
784,386,49,115
784,386,49,115
785,385,49,115
785,384,49,115
786,384,49,115
786,383,49,115
787,383,49,115
788,384,49,115
789,386,49,115
790,388,49,115
792,389,49,115
793,391,49,115
794,393,49,115
796,394,49,115
797,396,49,115
798,398,49,115
800,400,49,115
800,400,49,115
801,401,49,115
802,402,49,115
803,403,49,115
804,404,49,115
804,405,49,115
805,406,49,115
806,407,49,115
807,408,49,115
808,409,49,115
809,409,49,115
810,410,49,115
811,410,49,115
812,411,49,115
813,412,49,115
814,412,49,115
815,413,49,115
816,413,49,115
817,414,49,115
819,415,49,115
819,415,49,115
820,416,49,115
820,417,49,115
821,418,49,115
821,419,49,115
822,420,49,115
822,421,49,115
823,422,49,115
823,423,49,115
824,424,49,115
824,424,49,115
825,424,49,115
825,424,49,115
826,424,49,115
826,424,49,115
827,424,49,115
827,424,49,115
828,424,49,115
828,424,49,115
829,424,50,117
829,425,50,117
830,426,50,117
830,427,50,117
831,428,50,117
831,429,50,117
832,430,50,117
832,431,50,117
833,432,50,117
833,433,50,117
834,435,50,117
835,436,50,117
836,438,50,117
837,439,50,117
838,441,50,117
839,443,50,117
840,444,50,117
841,446,50,117
842,447,50,117
843,449,50,117
844,451,50,117
844,451,50,117
845,451,50,117
846,451,50,117
847,451,50,117
848,451,50,117
848,451,50,117
849,451,50,117
850,451,50,117
851,451,50,117
852,452,50,117
853,452,50,117
854,453,50,117
855,454,50,117
856,454,50,117
858,455,50,117
859,456,50,117
860,456,50,117
861,457,50,117
862,458,50,117
864,459,50,117
864,460,50,117
865,461,50,117
866,462,50,117
867,463,50,117
868,464,50,117
868,465,50,117
869,466,50,117
870,467,50,117
871,468,50,117
872,469,50,117
872,470,50,117
872,472,50,117
873,473,50,117
873,475,50,117
874,477,50,117
874,478,50,117
874,480,50,117
875,481,50,117
875,483,50,117
876,485,50,117
877,485,50,117
878,485,50,117
879,485,50,117
880,485,50,117
882,485,50,117
883,485,50,117
884,485,50,117
885,485,50,117
886,485,50,117
888,485,50,117
888,486,50,117
889,488,50,117
890,490,50,117
890,492,50,117
891,494,50,117
892,496,50,117
892,498,50,117
893,500,50,117
894,502,50,117
895,504,50,117
896,505,50,117
897,506,50,117
898,507,50,117
899,508,50,117
900,509,50,117
901,510,50,117
902,511,50,117
903,512,50,117
904,513,50,117
906,515,50,117
906,515,50,117
907,516,50,117
908,517,50,117
909,517,50,117
910,518,50,117
911,519,50,117
912,519,50,117
913,520,50,117
914,521,50,117
915,522,50,117
916,522,50,117
917,523,50,117
918,524,50,117
919,525,50,117
920,526,50,117
921,526,50,117
922,527,50,117
923,528,50,117
924,529,50,117
926,530,50,117
927,531,50,117
928,533,50,117
929,534,50,117
930,536,50,117
932,538,50,117
933,539,50,117
934,541,50,117
935,542,50,117
936,544,50,117
938,546,49,119
938,548,49,119
938,551,49,119
938,553,49,119
939,556,49,119
939,558,49,119
939,561,49,119
940,563,49,119
940,566,49,119
940,568,49,119
941,571,48,116
942,571,48,116
943,572,48,116
944,572,48,116
945,573,48,116
946,573,48,116
947,574,48,116
948,574,48,116
949,575,48,116
950,575,48,116
951,576,49,117
951,578,49,117
952,580,49,117
952,583,49,117
953,585,49,117
953,588,49,117
954,590,49,117
954,592,49,117
955,595,49,117
955,597,49,117
956,600,50,119
956,600,50,119
957,601,50,119
958,601,50,119
959,602,50,119
960,602,50,119
961,603,50,119
962,603,50,119
963,604,50,119
964,604,50,119
965,605,52,120
965,607,52,120
965,610,52,120
965,612,52,120
965,615,52,120
965,618,52,120
965,620,52,120
965,623,52,120
965,625,52,120
965,628,52,120
966,631,50,119
965,632,50,119
965,633,50,119
964,634,50,119
964,635,50,119
963,636,50,119
963,637,50,119
962,638,50,119
962,639,50,119
961,640,50,119
961,641,50,119
960,642,50,119
960,644,50,119
959,645,50,119
959,647,50,119
959,649,50,119
958,650,50,119
958,652,50,119
957,653,50,119
957,655,50,119
957,657,50,119
955,658,50,119
954,660,50,119
953,662,50,119
952,664,50,119
951,666,50,119
950,668,50,119
949,670,50,119
948,672,50,119
947,674,50,119
946,676,50,119
946,676,50,119
946,676,50,119
946,676,50,119
946,676,50,119
946,676,50,119
946,676,50,119
946,676,50,119
946,676,50,119
946,676,50,119
