176,205,50,27
179,204,50,27
181,204,50,27
184,204,50,27
186,203,50,27
189,203,50,27
191,203,50,27
192,202,50,27
194,202,50,27
196,202,50,27
198,201,50,27
199,202,50,27
201,203,50,27
203,203,50,27
204,204,50,27
206,205,50,27
208,205,50,27
209,205,50,27
211,205,50,27
213,205,50,27
215,205,50,27
217,205,50,27
219,205,50,27
221,205,50,27
224,205,50,27
226,205,50,27
229,205,50,27
231,206,50,27
234,206,50,27
237,207,50,27
240,208,50,27
241,208,50,27
243,208,50,27
245,209,50,27
247,209,50,27
249,209,50,27
250,209,50,27
252,209,50,27
254,208,50,27
255,208,50,27
257,208,50,27
259,208,50,27
262,208,50,27
265,208,50,27
268,208,50,27
270,208,50,27
273,208,50,27
275,209,50,27
277,210,50,27
279,211,50,27
281,211,50,27
283,212,50,27
284,213,50,27
285,213,50,27
286,213,50,27
287,213,50,27
287,214,50,27
291,214,50,27
295,214,50,27
299,214,50,27
302,214,50,27
306,214,50,27
307,214,50,27
308,214,50,27
310,214,50,27
311,214,50,27
312,214,50,27
313,214,50,27
315,215,50,27
316,215,50,27
317,216,50,27
318,216,50,27
319,217,50,27
321,217,50,27
322,218,50,27
323,218,50,27
325,218,50,27
327,218,50,27
329,218,50,27
332,218,50,27
334,218,50,27
336,218,50,27
339,218,50,27
341,218,50,27
344,218,50,27
346,218,50,27
349,219,50,27
351,219,50,27
354,219,50,27
356,220,50,27
358,220,50,27
360,219,50,27
361,219,50,27
362,218,50,27
363,217,50,27
365,217,50,27
367,217,50,27
370,217,50,27
373,218,50,27
376,218,50,27
379,218,50,27
380,218,50,27
382,218,50,27
383,218,50,27
385,218,50,27
386,218,50,27
389,219,50,27
392,219,50,27
395,219,50,27
397,220,50,27
400,220,50,27
402,220,50,27
404,219,50,27
406,219,50,27
408,219,50,27
409,218,50,27
411,219,50,27
412,220,50,27
414,220,50,27
416,221,50,27
417,221,50,27
419,222,50,27
420,222,50,27
422,222,50,27
423,223,50,27
425,223,50,27
427,223,50,27
430,223,50,27
433,223,50,27
435,223,50,27
438,223,50,27
440,223,50,27
442,223,50,27
444,224,50,27
446,224,50,27
448,224,50,27
451,224,50,27
453,225,50,27
455,225,50,27
458,225,50,27
460,225,50,27
462,225,50,27
465,225,50,27
467,225,50,27
469,225,50,27
471,225,50,27
473,225,50,27
475,225,50,27
477,225,50,27
480,225,50,27
482,225,50,27
485,225,50,27
488,225,50,27
490,225,50,27
493,225,50,27
496,225,50,27
498,225,50,27
501,225,50,27
504,225,50,27
507,225,50,27
508,225,50,27
509,225,50,27
510,225,50,27
512,225,50,27
513,225,50,27
515,225,50,27
517,225,50,27
520,225,50,27
522,226,50,27
524,226,50,27
527,226,50,27
529,226,50,27
531,226,50,27
534,226,50,27
536,226,50,27
538,226,50,27
541,226,50,27
543,226,50,27
546,227,50,27
548,227,50,27
551,227,50,27
553,227,50,27
556,228,50,27
558,228,50,27
560,228,50,27
562,228,50,27
564,228,50,27
566,228,50,27
568,228,50,27
570,228,50,27
572,228,50,27
574,228,50,27
576,228,50,27
577,228,50,27
579,228,50,27
581,228,50,27
584,229,50,27
586,229,50,27
588,230,50,27
591,230,50,27
593,231,50,27
596,231,50,27
600,231,50,27
603,231,50,27
606,231,50,27
610,231,50,27
613,231,50,27
615,231,50,27
618,231,50,27
620,231,50,27
622,231,50,27
625,231,50,27
627,231,50,27
629,231,50,27
632,231,50,27
634,231,50,27
637,231,50,27
639,231,50,27
642,231,50,27
644,231,50,27
646,231,50,27
648,231,50,27
650,231,50,27
653,231,50,27
655,231,50,27
658,231,50,27
660,231,50,27
663,231,50,27
666,231,50,27
668,231,48,27
671,231,45,27
673,231,43,27
675,231,41,27
678,231,38,27
683,228,33,27
689,226,29,27
695,226,23,27
702,225,17,27
705,228,13,27
706,231,13,27
7,362,58,27
9,361,58,27
12,361,58,27
15,360,58,27
18,359,58,27
20,359,58,27
21,360,58,27
22,361,58,27
23,362,58,27
24,363,58,27
25,363,58,27
28,363,58,27
30,363,58,27
33,363,58,27
35,363,58,27
38,363,58,27
41,363,58,27
45,364,58,27
49,364,58,27
53,364,58,27
58,365,58,27
62,365,58,27
65,366,58,27
69,366,58,27
72,367,58,27
75,367,58,27
79,368,58,27
82,368,58,27
86,368,58,27
89,369,58,27
93,369,58,27
97,369,58,27
100,369,58,27
104,370,58,27
107,370,58,27
109,370,58,27
112,370,58,27
115,370,58,27
118,370,58,27
121,370,58,27
124,370,58,27
128,370,58,27
131,371,58,27
134,371,58,27
138,371,58,27
140,371,58,27
143,371,58,27
145,371,58,27
148,371,58,27
151,371,58,27
153,371,58,27
156,371,58,27
159,370,58,27
162,370,58,27
165,369,58,27
167,369,58,27
170,368,58,27
172,368,58,27
174,368,58,27
176,367,58,27
178,367,58,27
180,367,58,27
183,367,58,27
184,367,58,27
186,367,58,27
188,367,58,27
190,368,58,27
192,368,58,27
193,368,58,27
197,368,58,27
201,368,58,27
204,368,58,27
208,368,58,27
211,368,58,27
215,368,58,27
218,368,58,27
222,368,58,27
225,367,58,27
228,367,58,27
232,367,58,27
235,367,58,27
238,367,58,27
241,367,58,27
244,367,58,27
246,367,58,27
249,368,58,27
252,368,58,27
255,368,58,27
259,368,58,27
262,368,58,27
266,368,58,27
269,368,58,27
273,368,58,27
277,368,58,27
280,368,58,27
283,368,58,27
286,368,58,27
289,368,58,27
292,368,58,27
295,368,58,27
298,368,58,27
302,369,58,27
306,369,58,27
310,370,58,27
314,370,58,27
318,371,58,27
321,371,58,27
325,371,58,27
328,371,58,27
331,371,58,27
334,371,58,27
337,371,58,27
340,371,58,27
343,371,58,27
346,371,58,27
349,371,58,27
352,371,58,27
355,371,58,27
358,371,58,27
362,371,58,27
365,371,58,27
368,371,58,27
371,371,58,27
374,371,58,27
377,371,58,27
379,371,58,27
381,371,58,27
383,370,58,27
384,370,58,27
386,370,58,27
389,370,58,27
391,370,58,27
394,370,58,27
396,370,58,27
399,370,58,27
402,370,58,27
405,370,58,27
408,370,58,27
411,371,58,27
414,371,58,27
417,371,58,27
421,371,58,27
424,371,58,27
428,370,58,27
432,370,58,27
435,370,58,27
439,370,58,27
441,369,58,27
444,369,58,27
446,369,58,27
449,369,58,27
452,368,58,27
454,368,58,27
458,368,58,27
461,369,58,27
465,369,58,27
469,369,58,27
472,369,58,27
476,370,58,27
480,369,58,27
484,369,58,27
488,369,58,27
492,369,58,27
496,368,58,27
500,368,58,27
502,368,58,27
504,368,58,27
505,368,58,27
507,368,58,27
508,368,58,27
510,368,58,27
513,368,58,27
516,368,58,27
519,367,58,27
522,367,58,27
525,367,58,27
528,367,58,27
531,367,58,27
533,367,58,27
536,367,58,27
539,367,58,27
541,367,58,27
544,367,58,27
547,367,58,27
550,367,58,27
553,367,58,27
556,367,58,27
559,367,58,27
562,367,58,27
565,367,58,27
569,367,58,27
572,367,58,27
576,367,58,27
580,367,58,27
583,367,58,27
587,367,58,27
590,367,58,28
594,367,58,28
598,367,58,28
601,368,58,28
605,368,58,29
608,368,58,29
611,368,58,29
614,368,58,29
617,368,58,29
620,368,58,29
623,368,58,29
625,368,58,29
630,369,58,29
634,370,58,29
638,370,58,29
642,371,58,29
646,372,58,29
650,373,58,29
653,372,57,29
656,372,56,29
659,372,55,29
661,372,54,29
664,371,54,29
667,371,50,29
670,371,47,29
673,371,44,29
676,371,41,29
679,371,38,29
684,371,34,29
688,371,29,29
692,371,25,29
697,371,21,29
701,371,16,29
