439,265,74,30
440,265,74,31
441,265,74,31
442,265,75,31
444,265,75,32
445,265,75,32
448,265,75,32
451,265,74,31
454,266,73,31
457,266,73,31
460,266,72,30
462,266,72,31
465,266,72,32
467,266,72,32
469,266,72,33
471,266,72,33
473,266,71,34
475,265,70,34
477,264,69,34
479,264,68,35
480,263,67,35
482,263,68,35
484,263,69,36
486,263,70,36
488,263,71,36
490,263,72,37
491,263,74,36
492,263,75,35
493,263,77,35
495,263,78,34
496,263,80,33
498,263,79,33
501,263,79,33
503,263,79,33
506,263,79,33
508,263,78,33
510,264,78,33
512,264,78,32
514,265,78,32
516,266,78,31
517,266,78,30
521,266,77,31
524,266,75,32
527,265,74,33
530,265,72,34
533,265,70,35
535,265,70,35
538,265,69,34
540,265,69,34
543,265,68,34
545,265,67,33
546,265,69,34
548,265,71,34
549,265,73,34
550,265,75,35
551,265,77,35
554,265,76,35
556,265,75,36
558,266,74,36
560,266,73,36
562,266,72,37
565,267,72,37
568,267,72,37
571,267,72,37
575,267,72,37
578,268,72,37
579,268,73,37
581,268,73,37
582,268,74,37
584,268,75,37
585,268,75,37
588,268,75,36
591,268,74,36
594,268,73,36
596,268,73,35
599,268,72,35
601,268,72,36
602,268,73,37
604,268,73,38
605,268,73,39
607,268,74,40
610,268,74,40
613,268,74,40
615,269,75,40
618,269,75,40
621,269,75,40
623,269,75,40
625,269,74,40
626,269,73,40
628,269,73,40
630,269,72,40
633,270,72,40
636,270,72,40
638,270,72,40
641,271,72,40
644,271,72,40
646,271,71,40
648,271,70,40
650,271,68,40
651,271,67,40
653,271,66,40
656,270,66,40
658,268,65,41
661,267,65,41
663,266,65,42
666,265,64,43
667,267,63,42
669,269,62,41
670,271,61,40
672,273,59,39
673,276,58,38
677,276,58,38
681,276,58,38
685,276,58,38
689,277,58,38
693,277,58,38
695,277,58,38
696,276,58,38
698,276,58,38
700,276,58,38
701,276,58,38
706,275,34,38
-1,-1,-1,-1
-1,-1,-1,-1
-1,-1,-1,-1
-1,-1,-1,-1
-1,-1,-1,-1
-1,-1,-1,-1
-1,-1,-1,-1
-1,-1,-1,-1
-1,-1,-1,-1
-1,-1,-1,-1
-1,-1,-1,-1
-1,-1,-1,-1
-1,-1,-1,-1
-1,-1,-1,-1
-1,-1,-1,-1
-1,-1,-1,-1
-1,-1,-1,-1
-1,-1,-1,-1
-1,-1,-1,-1
-1,-1,-1,-1
-1,-1,-1,-1
-1,-1,-1,-1
-1,-1,-1,-1
-1,-1,-1,-1
-1,-1,-1,-1
-1,-1,-1,-1
-1,-1,-1,-1
-1,-1,-1,-1
2,191,51,38
-9,191,52,38
-21,192,54,38
-5,183,55,38
-9,186,57,38
-13,185,58,38
-18,183,58,38
-11,185,58,38
-3,187,58,38
3,189,58,38
11,191,58,38
15,190,58,38
19,189,58,38
23,188,58,38
25,188,58,38
26,187,58,38
28,187,58,38
30,186,58,38
32,186,58,38
34,186,58,38
37,187,58,38
41,189,58,38
45,190,58,38
48,192,58,38
52,193,58,38
55,194,58,38
60,195,58,38
66,195,58,38
71,195,58,38
76,195,58,38
81,195,58,38
87,195,58,38
92,196,58,38
97,196,58,38
94,196,58,38
91,196,58,37
88,197,58,37
84,197,58,37
87,197,58,37
90,197,58,36
92,197,58,36
95,197,58,36
97,197,58,35
100,197,58,35
103,197,58,35
105,197,58,34
108,197,58,34
110,197,58,34
113,197,58,34
115,197,58,33
118,197,58,33
121,197,58,33
124,196,58,32
126,196,58,32
129,196,58,32
132,196,58,32
135,195,58,31
138,195,58,31
141,195,58,31
144,194,58,30
146,194,58,30
149,194,58,30
152,194,58,29
155,193,58,29
158,193,58,29
160,194,58,29
163,194,58,28
166,194,58,28
169,194,58,28
171,194,58,27
174,194,58,27
177,194,58,27
179,194,58,26
182,194,58,26
185,194,58,26
187,194,58,26
190,194,58,26
192,194,58,26
195,194,58,26
197,193,58,26
199,193,58,26
202,193,58,26
204,193,58,26
207,193,58,26
209,192,58,26
212,192,58,26
214,192,58,26
216,192,58,26
219,192,58,26
221,192,58,26
224,191,58,26
226,191,58,26
228,191,58,26
231,191,58,26
233,191,58,26
236,190,58,26
238,190,58,26
240,190,58,26
243,190,58,26
245,190,58,26
248,190,58,26
250,189,58,26
252,189,58,26
255,189,58,26
257,189,58,26
260,189,58,26
262,188,58,26
264,188,58,26
267,188,58,26
269,188,58,26
272,188,58,26
274,188,58,26
276,187,58,26
279,187,58,26
281,187,58,26
284,187,58,26
286,187,58,26
288,186,58,26
291,186,58,26
293,186,58,26
296,186,58,26
298,186,58,27
301,186,58,27
303,185,58,27
305,185,58,27
308,185,58,27
310,185,58,27
313,185,58,27
315,185,58,27
317,184,58,27
320,184,58,27
322,184,58,27
325,184,58,27
327,184,58,27
329,183,58,27
332,183,58,27
334,183,58,27
337,183,58,27
339,183,58,27
341,183,58,27
344,182,58,27
346,182,58,27
349,182,58,27
351,182,58,27
353,182,58,27
356,181,58,27
358,181,58,27
361,181,58,27
363,181,58,27
365,181,58,27
368,181,58,27
370,180,58,27
373,180,58,27
375,180,58,27
377,180,58,27
380,180,58,27
382,179,58,27
385,179,58,27
387,179,58,27
389,179,58,27
392,179,58,27
394,179,58,27
397,178,58,27
399,178,58,27
402,178,58,27
404,178,58,27
406,178,58,27
409,177,58,28
411,177,58,28
414,177,58,28
416,177,58,28
418,177,58,28
421,177,58,28
423,176,58,28
426,176,58,28
428,176,58,28
430,176,58,28
433,176,58,28
435,175,58,28
438,175,58,28
440,175,58,28
442,175,58,28
445,175,58,28
447,175,58,28
450,174,58,28
452,174,58,28
454,174,58,28
457,174,58,28
459,174,58,28
462,173,58,28
464,173,58,28
466,173,58,28
469,173,58,28
471,173,58,28
474,173,58,28
476,172,58,28
478,173,58,28
480,173,58,28
482,174,58,28
483,174,58,28
485,174,58,28
487,175,58,28
489,175,58,28
491,175,58,28
493,176,58,28
495,176,58,28
497,175,58,28
499,175,58,28
501,175,58,28
504,175,58,28
506,174,58,28
508,174,58,28
510,174,58,28
512,174,58,28
515,173,58,28
517,173,58,28
519,173,58,28
521,173,58,28
523,173,58,28
525,172,58,28
528,172,58,28
530,172,58,28
532,172,58,28
534,171,58,28
536,171,58,28
539,171,58,28
541,171,58,28
543,170,58,28
545,170,58,28
547,170,58,28
549,170,58,28
552,170,58,28
554,169,58,28
556,169,58,28
558,169,58,28
560,169,58,28
563,168,58,28
565,168,58,28
567,168,58,28
569,168,58,28
571,167,58,28
573,167,58,28
576,167,58,28
578,167,58,28
580,167,58,28
582,166,58,28
584,166,58,28
587,166,58,28
589,166,58,28
591,165,58,28
593,165,58,28
595,165,58,28
597,165,58,28
600,165,58,28
602,164,58,28
604,164,58,28
606,164,58,28
608,164,58,28
611,163,58,28
613,163,58,28
615,163,58,28
617,163,58,28
619,162,58,28
621,162,58,28
624,162,58,28
626,162,58,28
628,162,58,28
630,161,58,28
633,161,58,28
635,161,58,28
637,161,58,28
640,161,58,28
642,161,58,28
645,161,58,28
647,161,58,28
649,161,58,28
652,160,58,28
654,160,58,28
657,160,58,28
659,160,58,28
661,160,56,28
663,160,55,28
664,160,53,28
666,160,51,28
668,160,49,28
670,160,47,28
672,160,45,28
673,160,44,28
675,160,42,28
677,160,40,28
679,160,38,28
679,160,38,28