-1,-1,-1,-1
-1,-1,-1,-1
-1,-1,-1,-1
-1,-1,-1,-1
-1,-1,-1,-1
-1,-1,-1,-1
-1,-1,-1,-1
-1,-1,-1,-1
-1,-1,-1,-1
-1,-1,-1,-1
6,233,27,40
7,233,27,40
8,233,28,40
8,234,28,40
9,234,29,40
10,235,30,40
10,235,30,40
11,235,31,40
12,236,31,40
12,236,32,40
13,236,32,40
14,237,33,40
14,237,33,40
16,237,33,40
17,238,33,40
18,238,33,40
19,238,33,40
21,239,33,40
22,239,33,40
23,240,33,40
25,240,33,40
26,240,32,40
27,241,32,40
29,241,32,40
31,241,32,40
33,241,33,40
34,242,33,40
36,242,33,40
38,242,33,40
40,242,33,40
42,243,33,40
43,243,33,40
45,243,33,40
47,243,33,40
49,243,33,40
51,244,33,40
52,244,33,40
54,244,34,40
56,244,34,40
58,245,34,40
60,245,34,40
61,245,34,40
63,245,34,40
65,246,34,40
67,246,34,40
69,246,34,40
70,246,34,40
72,247,34,40
74,247,34,40
76,247,35,40
78,247,35,40
79,248,35,40
81,248,35,40
83,248,35,40
85,248,35,40
87,249,35,40
88,249,35,40
90,249,35,40
92,249,35,40
94,250,35,40
96,250,35,40
97,250,35,40
99,250,36,40
101,251,36,40
103,251,36,40
105,251,36,40
106,251,36,40
108,251,36,40
110,252,36,40
112,252,36,40
114,252,36,40
115,252,36,40
117,253,36,40
119,253,36,40
121,253,37,40
123,253,37,40
124,254,37,40
126,254,37,40
128,254,37,40
130,254,37,40
132,255,37,40
134,255,37,40
137,255,37,40
139,255,37,40
141,255,37,40
143,255,37,40
145,256,37,40
147,256,37,40
149,256,37,40
152,256,37,40
154,256,37,40
156,256,37,40
158,257,37,40
160,257,37,40
162,257,37,40
164,257,37,40
167,257,37,40
169,258,37,40
171,258,37,40
173,258,37,40
175,258,37,40
177,258,37,40
179,258,37,40
182,259,37,40
184,259,37,40
186,259,37,40
188,259,37,40
190,259,37,40
192,260,37,40
194,260,37,40
197,260,37,40
199,260,37,40
201,260,37,40
203,260,37,40
205,261,37,40
207,261,37,40
209,261,37,40
212,261,37,40
214,261,37,40
217,262,37,40
220,262,37,40
222,262,37,40
225,262,37,40
227,262,37,40
230,262,37,40
232,263,37,40
235,263,37,40
237,263,37,40
240,263,37,40
242,263,37,40
245,264,37,40
247,264,37,40
250,264,37,40
252,264,37,40
255,264,37,40
257,265,37,40
260,265,37,40
263,265,37,40
265,265,37,40
268,265,37,40
270,265,37,40
273,266,37,40
275,266,37,40
278,266,37,40
280,266,37,40
283,266,37,40
285,267,37,40
287,267,37,40
290,267,37,40
292,267,37,40
294,267,37,40
296,267,37,40
298,267,37,40
300,267,37,40
302,267,37,40
304,268,37,40
307,268,37,40
309,268,37,40
311,268,37,40
313,268,37,40
315,268,37,40
317,268,37,40
319,268,37,40
322,268,37,40
324,268,37,40
326,269,37,40
328,269,37,40
330,269,37,40
332,269,37,40
334,269,37,40
336,269,37,40
339,269,37,40
341,269,37,40
343,269,37,40
345,269,37,40
347,270,37,40
349,270,37,40
351,270,37,40
353,270,37,40
356,270,37,40
358,270,37,40
360,270,37,40
362,270,37,40
365,270,37,40
367,271,37,40
369,271,37,40
372,271,37,40
374,271,37,40
377,271,37,40
379,271,37,40
381,271,37,40
384,272,37,40
386,272,37,40
388,272,37,40
391,272,37,40
393,272,37,40
395,272,37,40
398,272,37,40
400,273,37,40
402,273,37,40
405,273,37,40
407,273,37,40
409,273,37,40
412,273,37,40
414,273,37,40
417,274,37,40
419,274,37,40
421,274,37,40
424,274,37,40
426,274,37,40
428,274,37,40
431,275,37,40
433,275,37,40
435,275,37,40
438,275,37,40
440,275,37,40
442,275,37,40
445,275,37,40
447,276,37,40
449,276,37,40
452,276,37,40
454,276,37,40
457,276,37,40
459,276,37,40
461,276,37,40
464,276,37,40
466,277,37,40
469,277,37,40
471,277,37,40
473,277,37,40
476,277,37,40
478,277,37,40
480,277,37,40
483,277,37,40
485,278,37,40
488,278,37,40
490,278,37,40
492,278,37,40
495,278,37,40
497,278,37,40
500,278,37,40
502,278,37,40
504,278,37,40
507,279,37,40
509,279,37,40
512,279,37,40
514,279,37,40
516,279,37,40
519,279,37,40
521,279,37,40
523,279,37,40
526,280,37,40
528,280,37,40
531,280,37,40
533,280,37,40
535,280,37,40
538,280,37,40
540,280,37,40
543,280,37,40
545,281,37,40
547,281,37,40
550,281,37,40
552,281,37,40
554,281,37,40
557,281,37,40
559,281,37,40
562,282,37,40
564,282,37,40
567,282,37,40
569,283,37,40
572,283,37,40
575,283,37,40
577,284,37,40
580,284,37,40
582,284,37,40
585,285,37,40
587,285,37,40
590,285,37,40
592,286,37,40
595,286,37,40
598,286,37,40
600,287,37,40
603,287,37,40
605,287,37,40
608,288,37,40
610,288,37,40
613,288,37,40
616,289,37,40
618,289,37,40
621,289,37,40
623,290,37,40
626,290,37,40
628,290,37,40
631,291,37,40
634,291,37,40
637,291,37,40
639,291,37,40
642,291,37,40
645,292,37,40
648,292,37,40
651,292,37,40
653,292,37,40
656,292,37,40
659,293,37,40
662,293,37,40
665,293,37,40
667,293,37,40
670,293,37,40
673,294,37,40
676,294,37,40
678,294,37,40
680,294,37,40
683,295,37,40
685,295,37,40
687,295,37,40
689,296,37,40
692,296,37,40
693,296,37,40
695,296,37,40
696,296,37,40
697,296,37,40
696,297,37,40
703,305,37,40
-2,345,37,40
-2,345,37,40
-2,345,37,40
-2,346,37,40
-2,346,37,40
-3,346,37,40
-3,346,37,40
-3,347,37,40
-3,347,37,40
-2,347,37,40
-1,346,37,40
0,346,37,40
0,345,37,40
1,345,37,40
1,345,37,40
2,344,37,40
3,344,37,40
4,343,37,40
5,343,37,40
6,342,37,40
9,343,37,40
12,343,37,40
15,343,37,40
18,343,37,40
21,344,37,40
24,344,37,40
27,344,37,40
30,344,37,40
33,344,37,40
36,345,37,40
39,345,37,40
42,345,37,40
45,345,37,40
48,345,37,40
51,346,37,40
54,346,37,40
57,346,37,40
59,345,37,40
61,345,37,40
64,345,37,40
66,345,37,40
68,345,37,40
71,344,37,40
73,344,37,40
75,344,37,40
77,344,37,40
80,344,37,40
82,343,37,40
84,343,37,40
87,343,37,40
89,343,37,40
91,343,37,40
94,342,37,40
96,342,37,40
98,342,37,40
101,342,37,40
103,342,37,40
105,341,37,40
107,341,37,40
109,341,37,40
111,342,37,40
113,342,37,40
115,342,37,40
117,342,37,40
119,342,37,40
121,342,37,40
123,342,37,40
124,342,37,40
126,342,37,40
128,342,37,40
130,342,37,40
132,342,37,40
134,342,37,40
137,342,37,40
139,342,37,40
141,341,37,40
143,341,37,40
145,341,37,40
147,341,37,40
149,340,37,40
152,340,37,40
154,340,37,40
156,340,37,40
158,339,37,40
160,339,37,40
162,339,37,40
165,339,37,40
167,338,37,40
169,338,37,40
171,338,37,40
173,338,37,40
175,337,37,40
177,337,37,40
180,337,37,40
182,337,37,40
184,336,37,40
186,336,37,40
188,336,37,40
190,336,37,40
192,336,37,40
195,335,37,40
197,335,37,40
199,335,37,40
201,335,37,40
203,334,37,40
205,334,37,40
207,334,37,40
210,334,37,40
212,333,37,40
214,333,37,40
216,333,37,40
218,333,37,40
220,333,37,40
223,332,37,40
225,332,37,40
227,332,37,40
229,332,37,40
231,332,37,40
234,331,38,40
236,331,38,40
238,331,38,40
240,331,38,40
242,331,38,40
244,330,38,40
247,330,38,40
249,330,38,40
251,330,38,40
253,330,38,40
255,329,38,40
258,329,38,40
260,329,38,40
262,329,38,40
264,329,38,40
266,329,38,40
268,328,39,40
271,328,39,40
273,328,39,40
275,328,39,40
277,328,39,40
279,327,39,40
282,327,39,40
284,327,39,40
286,327,39,40
288,327,39,40
290,326,39,40
292,326,39,40
295,326,39,40
297,326,39,40
299,326,39,40
301,325,40,40
303,325,40,40
305,325,40,40
307,325,40,40
309,325,40,40
311,324,40,40
314,324,40,40
316,324,40,40
318,324,40,40
320,324,40,40
322,323,40,40
324,323,40,40
326,323,40,40
328,323,40,40
330,323,40,40
332,322,40,40
334,322,40,40
336,322,40,40
338,322,40,40
340,321,40,40
342,321,40,40
344,321,40,40
346,321,40,40
348,320,40,40
350,320,40,40
352,320,40,40
354,320,40,40
356,319,40,40
358,319,40,40
360,319,40,40
362,319,40,40
364,318,40,40
366,318,40,40
368,318,40,40
370,318,40,40
372,318,40,40
374,317,40,40
376,317,40,40
378,317,40,40
380,317,40,40
382,316,40,40
384,316,40,40
386,316,40,40
388,316,40,40
390,315,40,40
392,315,40,40
394,315,40,40
396,315,40,40
398,314,40,40
400,314,40,40
402,314,40,40
404,314,40,40
406,313,40,40
408,313,40,40
410,313,40,40
412,313,40,40
414,313,40,40
416,313,40,40
418,312,40,40
419,312,40,40
421,312,40,40
423,312,40,40
425,312,40,40
427,312,40,40
429,312,40,40
431,312,40,40
433,311,40,40
435,311,40,40
437,311,40,40
439,311,40,40
441,311,40,40
443,311,40,40
445,311,40,40
447,310,40,40
448,310,40,40
450,310,40,40
452,310,40,40
454,310,40,40
456,310,40,40
458,310,40,40
460,310,40,40
462,309,40,40
464,309,40,40
466,309,40,40
468,309,40,40
470,309,40,40
472,309,40,40
474,309,40,40
475,308,40,40
477,308,40,40
479,308,40,40
481,308,40,40
483,308,40,40
485,308,40,40
487,308,40,40
489,308,40,40
491,307,40,40
493,307,40,40
495,307,40,40
497,307,40,40
499,307,40,40
501,307,40,40
503,307,40,40
504,306,40,40
506,306,40,40
508,306,40,40
510,306,40,40
512,306,40,40
514,306,40,40
516,306,40,40
518,306,40,40
520,305,40,40
522,305,40,40
524,305,40,40
526,305,40,40
528,305,40,40
530,305,40,40
532,305,40,40
533,305,40,40
535,305,40,40
537,304,40,40
539,304,40,40
541,304,40,40
543,304,40,40
545,304,40,40
547,304,40,40
549,304,40,40
551,304,40,40
553,303,40,40
555,303,40,40
557,303,40,40
559,303,40,40
561,303,40,40
563,303,40,40
564,303,40,40
566,303,40,40
568,302,40,40
570,302,40,40
572,302,40,40
574,302,40,40
576,302,40,40
578,302,40,40
580,302,40,40
581,302,40,40
583,301,40,40
584,301,40,40
586,301,40,40
587,301,40,40
589,301,40,40
590,301,40,40
592,301,40,40
593,301,40,40
595,300,40,40
598,300,40,40
600,300,40,40
602,300,40,40
604,300,40,40
607,300,40,40
609,300,40,40
611,300,40,40
613,300,40,40
616,299,40,40
618,299,40,40
620,299,40,40
622,299,40,40
625,299,40,40
626,299,40,40
628,299,40,40
629,299,40,40
631,299,40,40
632,299,40,40
634,298,40,40
635,298,40,40
636,298,40,40
638,299,40,40
639,299,40,40
640,299,40,40
641,299,40,40
643,299,40,40
644,299,40,40
645,299,40,40
646,299,40,40
