-1,-1,-1,-1
-1,-1,-1,-1
-1,-1,-1,-1
-1,-1,-1,-1
-1,-1,-1,-1
-1,-1,-1,-1
-1,-1,-1,-1
-1,-1,-1,-1
-1,-1,-1,-1
-1,-1,-1,-1
-1,-1,-1,-1
-1,-1,-1,-1
-1,-1,-1,-1
61,291,46,64
62,291,46,64
64,291,46,64
65,291,46,64
67,292,46,64
68,292,46,64
70,292,46,64
71,292,46,64
73,292,46,64
74,292,46,64
76,292,46,64
78,292,46,64
80,292,46,64
82,292,46,64
84,292,46,64
86,292,46,64
88,292,46,64
90,292,46,64
93,294,46,64
95,296,46,64
98,297,46,64
100,299,46,64
103,300,46,64
106,302,46,64
108,303,46,64
110,303,46,64
112,303,46,64
114,303,46,64
115,303,46,64
117,303,46,64
119,303,46,64
121,303,46,64
122,303,46,64
125,303,46,64
128,303,46,64
131,303,46,64
134,302,46,64
137,302,46,64
140,302,46,64
142,302,46,64
144,302,46,64
146,302,46,64
148,302,46,64
150,302,46,64
152,302,46,64
154,302,46,64
156,302,46,64
158,302,46,64
161,302,46,64
163,302,46,64
166,302,46,64
169,302,46,64
172,302,46,64
175,302,46,64
177,303,46,64
180,304,46,64
183,304,46,64
185,305,46,64
188,306,46,64
191,307,46,64
193,308,46,64
195,308,46,64
196,308,46,64
198,309,46,64
199,309,46,64
201,309,46,64
203,309,46,64
206,309,46,64
209,309,46,64
213,309,46,64
216,309,46,64
219,309,46,64
223,309,46,64
224,309,46,64
226,309,46,64
228,309,46,64
230,309,46,64
232,309,46,64
234,309,46,64
236,309,46,64
237,309,46,64
239,309,46,64
241,309,46,64
244,310,46,64
246,310,46,64
249,311,46,64
251,312,46,64
254,312,46,64
257,313,46,64
259,313,46,64
261,313,46,64
264,313,46,64
266,313,46,64
268,313,46,64
270,313,46,64
273,313,46,64
276,314,46,64
279,315,46,64
282,316,46,64
284,317,46,64
288,317,46,64
292,317,46,64
295,317,46,64
299,317,46,64
303,317,46,64
305,317,46,64
307,317,46,64
309,317,46,64
311,317,46,64
313,317,46,64
315,317,46,64
317,317,46,64
318,318,46,64
319,319,46,64
320,320,46,64
321,321,46,64
322,322,46,64
323,322,46,64
325,323,46,64
329,323,46,64
333,323,46,64
337,322,46,64
341,322,46,64
345,322,46,64
346,322,46,64
348,323,46,64
350,323,46,64
352,323,46,64
353,324,46,64
355,324,46,64
357,325,46,64
358,325,46,64
361,325,46,64
364,325,46,64
366,325,46,64
369,325,46,64
371,325,46,64
374,325,46,64
377,326,46,64
380,326,46,64
383,327,46,64
386,328,46,64
389,329,46,64
392,330,46,64
396,330,46,64
400,330,46,64
404,330,46,64
408,331,46,64
412,331,46,64
416,331,46,64
418,331,46,64
420,331,46,64
423,331,46,64
425,331,46,64
427,331,46,64
429,331,46,64
432,331,46,64
434,331,46,64
436,332,46,64
438,332,46,64
440,333,46,64
443,333,46,64
445,334,46,64
447,335,46,64
449,335,46,64
451,336,46,64
454,336,46,64
457,337,46,64
460,337,46,64
462,338,46,64
465,338,46,64
468,339,46,64
470,339,46,64
472,339,46,64
475,339,46,64
477,339,46,64
479,339,46,64
481,339,46,64
483,339,46,64
487,340,46,64
490,341,46,64
493,342,46,64
496,344,46,64
499,345,46,64
502,345,46,64
505,345,46,64
508,346,46,64
511,346,46,64
514,346,46,64
517,346,46,64
521,346,46,64
524,347,46,64
526,347,46,64
529,347,46,64
531,347,46,64
534,347,46,64
536,347,46,64
539,347,46,64
542,347,46,64
544,347,46,64
547,347,46,64
549,348,46,64
552,349,46,64
554,350,46,64
556,351,46,64
559,352,46,64
561,353,46,64
564,354,46,64
568,355,46,64
572,355,46,64
577,355,46,64
581,355,46,64
585,356,46,64
588,356,46,64
590,356,46,64
593,356,46,64
595,357,46,64
598,357,46,64
600,357,46,64
603,357,46,64
605,357,46,64
608,358,46,64
611,358,46,64
613,358,46,64
616,358,46,64
618,359,46,64
621,359,46,64
625,359,46,64
628,358,46,64
632,358,46,64
636,358,46,64
639,357,46,64
642,358,46,64
645,359,46,64
648,359,46,64
651,360,46,64
654,361,46,64
657,361,46,64
659,362,46,64
662,363,46,64
664,364,46,64
666,366,46,64
668,367,46,64
670,368,46,64
672,367,46,64
672,358,46,64
668,356,46,64
671,364,46,64
673,363,46,64
669,363,46,64
671,362,46,64
5,311,46,64
7,311,46,64
9,311,46,64
11,311,46,64
13,312,46,64
15,312,46,64
17,312,46,64
19,312,46,64
21,312,46,64
23,312,46,64
25,312,46,64
27,313,46,64
30,312,46,64
34,311,46,64
37,310,46,64
41,309,46,64
45,309,46,64
48,308,46,64
50,308,46,64
53,307,46,64
-1,-1,-1,-1
-1,-1,-1,-1
-1,-1,-1,-1
-1,-1,-1,-1
-1,-1,-1,-1
66,307,46,64
68,307,46,64
71,307,46,64
73,307,46,64
75,308,46,64
78,308,46,64
81,308,46,64
84,308,46,64
88,308,46,64
91,308,46,64
94,308,46,64
98,308,46,64
101,308,46,64
104,307,46,64
108,307,46,64
111,307,46,64
114,307,46,64
118,306,46,64
120,306,46,64
123,305,46,64
125,304,46,64
127,304,46,64
130,303,46,64
132,302,46,64
135,302,46,64
137,301,44,64
140,301,42,64
142,301,41,64
145,301,39,64
147,300,37,64
149,300,35,64
152,300,34,64
154,299,32,64
157,299,39,64
159,299,46,64
162,298,43,64
164,298,41,64
167,298,38,64
169,298,37,64
171,298,37,64
174,298,36,64
176,297,35,64
179,297,34,64
181,297,33,64
183,297,34,64
186,297,35,64
188,297,36,64
191,297,37,64
193,297,37,64
195,297,38,64
198,297,39,64
200,297,40,64
203,297,46,64
204,297,46,64
206,297,46,64
207,296,46,64
209,296,46,64
210,296,46,64
212,296,46,64
216,296,46,64
220,296,46,64
223,296,46,64
227,296,46,64
229,296,46,64
230,296,46,64
232,296,46,64
233,296,46,64
235,296,46,64
237,296,46,64
240,295,46,64
244,295,46,64
248,294,46,64
252,294,46,64
254,294,46,64
257,294,46,64
259,293,46,64
262,293,46,64
265,293,46,64
267,293,46,64
270,293,46,64
272,292,46,64
274,292,46,64
276,292,46,64
278,292,46,64
280,292,46,64
282,292,46,64
284,292,46,64
286,292,46,64
290,292,46,64
293,292,46,64
297,292,46,64
300,291,46,64
304,291,46,64
308,291,46,64
309,291,46,64
311,291,46,64
313,291,46,64
315,291,46,64
317,291,46,64
319,291,46,64
321,291,46,64
323,291,46,64
326,291,46,64
328,290,46,64
331,290,46,64
334,289,46,64
336,289,46,64
339,289,46,64
342,288,46,64
345,288,46,64
346,288,46,64
348,288,46,64
350,288,46,64
352,288,46,64
353,288,46,64
355,288,46,64
357,288,46,64
359,288,46,64
362,288,46,64
364,288,46,64
367,288,46,64
369,288,46,64
373,288,46,64
377,288,46,64
381,288,46,64
385,288,46,64
389,288,46,64
392,288,46,64
394,288,46,64
397,288,46,64
400,288,46,64
402,288,46,64
405,288,46,64
407,287,46,64
408,287,46,64
410,286,46,64
412,286,46,64
414,285,46,64
416,285,46,64
418,286,46,64
420,286,46,64
422,287,46,64
424,288,46,64
426,289,46,64
428,289,46,64
431,289,46,64
435,289,46,64
438,289,46,64
441,289,46,64
445,289,46,64
448,289,46,64
451,289,46,64
453,288,46,64
456,288,46,64
458,287,46,64
461,287,46,64
463,286,46,64
465,287,45,64
467,287,45,64
469,287,44,64
470,287,44,63
472,287,44,63
474,288,43,63
476,288,43,63
479,288,43,63
482,288,43,63
485,288,43,63
488,288,43,63
491,288,43,63
493,288,43,63
494,288,43,63
496,288,43,63
497,288,43,63
499,288,43,63
500,288,43,63
502,288,43,63
504,288,43,63
505,288,43,63
509,286,43,63
512,285,43,63
516,283,43,63
519,282,43,63
521,282,43,63
523,282,43,63
525,283,43,63
528,283,43,63
530,283,43,63
532,284,43,63
534,284,43,63
537,285,43,63
539,285,43,63
541,286,43,63
544,286,43,63
547,287,43,63
550,288,43,63
553,289,43,63
556,289,43,63
559,290,43,63
562,291,43,63
563,290,43,63
565,290,43,63
566,289,43,63
567,289,43,63
569,288,43,63
570,288,43,63
573,288,43,63
575,288,43,63
578,289,43,63
581,289,43,63
584,289,43,63
587,289,43,63
590,289,43,63
593,289,43,63
596,289,43,63
599,289,43,63
602,289,43,63
604,289,43,63
606,289,43,63
608,289,43,63
611,289,43,63
613,289,43,63
615,289,43,63
618,290,43,63
622,291,43,63
626,292,43,63
629,293,43,63
633,294,43,63
635,295,43,63
636,295,43,63
638,296,43,63
639,296,43,63
641,297,43,63
642,297,43,63
644,298,43,63
646,300,43,63
647,301,43,63
649,302,43,63
650,304,43,63
652,305,43,63
658,300,43,63
660,301,43,63
661,302,43,63
662,303,43,63
663,304,43,63
664,305,43,63
667,305,40,63
670,305,38,63
673,305,35,63
