21,304,27,32
22,304,27,32
24,304,27,32
25,304,27,32
26,304,27,32
28,304,27,32
29,304,27,32
31,304,27,33
32,304,27,33
33,304,27,33
35,303,27,33
36,303,27,33
38,303,27,33
39,303,27,33
41,303,27,33
42,303,27,33
44,304,27,33
46,304,27,33
48,304,27,33
49,304,27,33
51,304,27,33
53,305,27,33
55,305,27,33
56,305,27,33
58,305,27,33
60,305,27,33
62,306,27,33
63,306,27,33
65,306,27,33
67,306,27,33
69,306,27,33
70,307,27,33
72,307,27,33
74,307,27,33
76,307,27,33
77,307,27,33
79,307,27,33
81,308,27,33
83,308,27,33
85,308,27,33
86,308,27,33
88,308,27,33
90,309,27,33
92,309,27,33
93,309,27,33
95,309,27,33
97,309,27,33
99,310,27,33
100,310,27,33
102,310,27,33
104,310,27,33
106,310,27,33
107,310,27,33
109,311,27,33
111,311,27,33
113,311,27,33
114,311,27,33
116,311,27,33
118,312,27,33
120,312,27,33
121,312,27,33
123,312,27,33
125,312,27,33
127,313,27,33
129,313,27,33
130,313,27,33
132,313,27,33
134,313,27,33
136,314,27,33
137,314,27,33
139,314,27,33
141,314,27,33
143,314,27,33
144,314,27,33
146,315,27,33
148,315,27,33
150,315,27,33
151,315,27,33
153,315,27,33
155,316,27,33
157,316,27,33
158,316,27,33
160,316,27,33
162,316,27,33
164,317,27,33
165,317,27,33
167,317,27,33
169,317,27,33
171,317,27,33
173,318,27,33
174,318,27,33
176,318,27,33
178,318,27,33
180,318,27,33
181,318,27,33
183,319,27,33
185,319,27,33
187,319,27,33
188,319,27,33
190,319,27,33
192,320,27,33
194,320,27,33
195,320,27,33
197,320,27,33
199,320,27,33
201,321,27,33
202,321,27,33
204,321,27,33
206,321,27,33
208,321,27,33
209,321,27,33
211,322,27,33
213,322,27,33
215,322,27,33
217,322,27,33
218,322,27,33
220,323,27,33
222,323,27,33
224,323,27,33
225,323,27,33
227,323,27,33
229,324,27,33
231,324,27,33
232,324,27,33
234,324,27,33
236,324,27,33
238,325,27,33
239,325,27,33
241,325,27,33
243,325,27,33
245,325,27,33
247,326,27,33
248,326,27,33
250,326,27,33
252,326,27,33
254,327,27,33
256,327,27,33
258,327,27,33
259,327,27,33
261,328,27,33
263,328,27,33
265,328,27,33
267,328,27,33
268,329,27,33
270,329,27,33
272,329,27,33
274,329,27,33
276,330,27,33
278,330,27,33
279,330,27,33
281,330,27,33
283,331,27,33
285,331,27,33
287,331,27,33
289,331,27,33
290,332,27,33
292,332,27,33
294,332,27,33
296,332,27,33
298,333,27,33
299,333,27,33
301,333,27,33
303,333,27,33
305,334,27,33
307,334,27,33
309,334,27,33
310,335,27,33
312,335,27,33
314,335,27,33
316,335,27,33
318,336,27,33
319,336,27,33
321,336,27,33
323,336,27,33
325,337,27,33
327,337,27,33
329,337,27,33
330,337,27,33
332,338,27,33
334,338,27,33
336,338,27,33
338,338,27,33
340,339,27,33
341,339,27,33
343,339,27,33
345,339,27,33
347,340,27,33
349,340,27,33
350,340,27,33
352,340,27,33
354,341,27,33
356,341,27,33
358,341,27,33
360,341,27,33
362,341,27,33
363,342,27,33
365,342,27,33
367,342,27,33
369,342,27,33
371,342,27,33
373,343,27,33
375,343,27,33
376,343,27,33
378,343,27,33
380,343,27,33
382,344,27,33
384,344,27,33
386,344,27,33
388,344,27,33
389,345,27,33
391,345,27,33
393,345,27,33
395,345,27,33
397,345,27,33
399,346,27,33
401,346,27,33
402,346,27,33
404,346,27,33
406,346,27,33
408,347,27,33
410,347,27,33
412,347,27,33
414,347,27,33
415,347,27,33
417,348,27,33
419,348,27,33
421,348,27,33
423,348,27,33
425,349,27,33
427,349,27,33
429,349,27,33
430,349,27,33
432,349,27,33
434,350,27,33
436,350,27,33
439,350,27,33
441,350,27,33
443,350,27,33
445,351,27,33
448,351,27,33
450,351,27,33
452,351,27,33
454,351,27,33
457,352,27,33
459,352,27,33
461,352,27,33
463,352,27,33
466,352,27,33
468,353,27,33
470,353,27,33
472,353,27,33
475,353,27,33
477,353,27,33
479,354,27,33
481,354,27,33
484,354,27,33
486,354,27,33
488,354,27,33
490,355,27,33
493,355,27,33
495,355,27,33
497,355,27,33
500,355,27,33
502,356,27,33
504,356,27,33
506,356,27,33
509,356,27,33
511,356,27,33
513,357,27,33
515,357,27,33
518,357,27,33
520,357,27,33
522,357,27,33
524,358,27,33
526,358,27,33
528,358,27,33
531,358,27,33
533,359,27,33
535,359,27,33
537,359,27,33
539,359,27,33
541,360,27,33
543,360,27,33
546,360,27,33
548,360,27,33
550,361,27,33
552,361,27,33
554,361,27,33
556,362,27,33
558,362,27,33
560,362,27,33
563,362,27,33
565,363,27,33
567,363,27,33
569,363,27,33
571,363,27,33
573,364,27,33
575,364,27,33
578,364,27,33
580,364,27,33
582,365,27,33
584,365,27,33
586,365,27,33
588,365,27,33
590,366,27,33
593,366,27,33
595,366,27,33
597,366,27,33
599,367,27,33
601,367,27,33
603,367,27,33
605,368,27,33
607,368,27,33
610,368,27,33
612,368,27,33
614,369,27,33
616,369,27,33
618,369,27,33
620,369,27,33
622,370,27,33
625,370,27,33
627,370,27,33
629,370,27,33
631,371,27,33
633,371,27,33
635,371,27,33
637,372,27,33
640,372,27,33
642,372,27,33
644,372,27,33
646,373,27,33
648,373,27,33
650,373,27,33
652,374,27,33
655,374,27,33
657,374,27,33
659,374,27,33
661,375,27,33
663,375,27,33
665,375,27,33
668,375,27,33
670,376,27,33
672,376,27,33
674,376,27,33
676,377,27,33
678,377,27,33
680,377,27,33
683,377,27,33
685,377,27,33
687,377,27,33
688,376,27,33
690,376,27,33
692,375,27,33
694,375,27,33
696,374,27,33
21,332,27,33
23,332,27,33
26,332,27,33
28,332,27,33
31,332,27,33
33,332,27,33
36,332,27,33
38,332,27,33
40,332,27,33
42,332,27,33
43,332,27,33
45,331,27,33
47,331,27,33
49,331,27,33
50,331,27,33
52,330,27,33
54,330,27,33
56,330,27,33
57,330,27,33
59,330,27,33
61,330,27,33
63,330,27,33
66,330,27,33
68,330,27,33
70,330,27,33
72,330,27,33
74,330,27,33
76,330,27,33
79,330,27,33
81,330,27,33
83,330,27,33
85,330,27,33
87,330,27,33
89,330,27,33
92,330,27,33
94,330,27,33
96,330,27,33
98,330,27,33
100,330,27,33
102,330,27,33
105,330,27,33
107,330,27,33
109,330,27,33
111,330,27,33
113,330,27,33
115,330,27,33
118,330,27,33
120,330,27,33
122,330,27,33
124,330,27,33
126,330,27,33
128,330,27,33
130,329,27,33
132,329,27,33
134,329,27,33
136,329,27,33
138,329,27,33
140,329,27,33
142,329,27,33
144,329,27,33
146,329,27,33
148,329,27,33
150,329,27,33
152,329,27,33
154,329,27,33
156,329,27,33
158,329,27,33
160,329,27,33
162,329,27,33
164,329,27,33
166,329,27,33
168,329,27,33
170,329,27,33
172,329,27,33
174,329,27,33
176,328,27,33
178,328,27,33
180,328,27,33
182,328,27,33
184,328,27,33
186,328,27,33
188,328,27,33
190,328,27,33
192,328,27,33
194,328,27,33
196,328,27,33
198,328,27,33
200,328,27,33
202,328,27,33
204,328,27,33
206,328,27,33
207,327,27,33
209,327,27,33
211,327,27,33
213,327,27,33
215,327,27,33
217,327,27,33
219,327,27,33
221,327,27,33
223,327,27,33
225,327,27,33
227,326,27,33
228,326,27,33
230,326,27,33
232,326,27,33
234,326,27,33
236,326,27,33
238,326,27,33
240,326,27,33
242,326,27,33
244,326,27,33
246,325,27,33
247,325,27,33
249,325,27,33
251,325,27,33
253,325,27,33
255,325,27,33
257,325,27,33
259,324,27,33
260,324,27,33
262,324,27,33
264,324,27,33
266,323,27,33
268,323,27,33
269,323,27,33
271,323,27,33
273,322,27,33
275,322,27,33
277,322,27,33
278,322,27,33
280,321,27,33
282,321,27,33
284,321,27,33
286,321,27,33
287,320,27,33
289,320,27,33
291,320,27,33
293,320,27,33
295,319,27,33
296,319,27,33
298,319,27,33
300,319,27,33
302,318,27,33
304,318,27,33
305,318,27,33
307,318,27,33
309,317,27,33
311,317,27,33
313,317,27,33
314,317,27,33
316,316,27,33
318,316,27,33
320,316,27,33
322,316,27,33
323,315,27,33
325,315,27,33
327,315,27,33
329,315,27,33
331,314,27,33
332,314,27,33
334,314,27,33
336,314,27,33
338,313,27,33
339,313,27,33
341,313,27,33
343,312,27,33
345,312,27,33
347,312,27,33
348,312,27,33
350,311,27,33
352,311,27,33
354,311,27,33
356,311,27,33
357,310,27,33
359,310,27,33
361,310,27,33
363,310,27,33
365,309,27,33
366,309,27,33
368,309,27,33
369,309,27,33
371,309,27,33
373,309,27,33
374,309,27,33
376,308,27,33
377,308,27,33
379,308,27,33
381,308,27,33
382,308,27,33
384,308,27,33
386,307,27,33
387,307,27,33
389,307,27,33
390,307,27,33
392,307,27,33
394,307,27,33
395,306,27,33
397,306,27,33
398,306,27,33
400,306,27,33
402,306,27,33
403,306,27,33
405,306,27,33
406,305,27,33
408,305,27,33
410,305,27,33
411,305,27,33
413,305,27,33
414,305,27,33
416,304,27,33
418,304,27,33
419,304,27,33
421,304,27,33
422,304,27,33
424,304,27,33
426,303,27,33
427,303,27,33
429,303,27,33
430,303,27,33
432,303,27,33
434,303,27,33
435,303,27,33
437,302,27,33
439,302,27,33
440,302,27,33
442,302,27,33
443,302,27,33
445,301,27,33
446,301,27,33
448,301,27,33
450,301,27,33
451,300,27,33
453,300,27,33
454,300,27,33
456,299,27,33
457,299,27,33
459,299,27,33
460,298,27,33
462,298,27,33
463,298,27,33
465,297,27,33
467,297,27,33
468,297,27,33
470,296,27,33
471,296,27,33
473,296,27,33
474,296,27,33
476,295,27,33
477,295,27,33
479,295,27,33
480,294,27,33
482,294,27,33
483,294,27,33
485,293,27,33
487,293,27,33
488,293,27,33
490,292,27,33
491,292,27,33
493,292,27,33
494,292,27,33
496,291,27,33
497,291,27,33
499,291,27,33
500,290,27,33
502,290,27,33
504,290,27,33
505,289,27,33
507,289,27,33
508,289,27,33
510,288,27,33
511,288,27,33
513,288,27,33
514,288,27,33
516,287,27,33
517,287,27,33
519,287,27,33
521,286,27,33
522,286,27,33
524,286,27,33
525,285,27,33
527,285,27,33
528,285,27,33
530,284,27,33
531,284,27,33
533,284,27,33
534,284,27,33
536,283,27,33
537,283,27,33
538,283,27,33
539,282,27,33
540,282,27,33
542,282,27,33
543,281,27,33
544,281,27,33
545,281,27,33
546,280,27,33
547,280,27,33
548,280,27,33
549,279,27,33
550,279,27,33
552,279,27,33
553,279,27,33
554,278,27,33
555,278,27,33
556,278,27,33
557,277,27,33
558,277,27,33
559,277,27,33
561,276,27,33
562,276,27,33
563,276,27,33
564,275,27,33
565,275,27,33
566,275,27,33
567,274,27,33
568,274,27,33
570,274,27,33
571,274,27,33
572,273,27,33
573,273,27,33
574,273,27,33
575,272,27,33
576,272,27,33
577,272,27,33
578,271,27,33
580,271,27,33
581,271,27,33
582,270,27,33
583,270,27,33
584,270,27,33
585,269,27,33
586,269,27,33
587,269,27,33
589,269,27,33
590,268,27,33
591,268,27,33
592,268,27,33
593,267,27,33
594,267,27,33
595,267,27,33
596,266,27,33
597,266,27,33
599,266,27,33
600,265,27,33
601,265,27,33
602,265,27,33
603,264,27,33
604,264,27,33
605,264,27,33
606,263,27,33
608,263,27,33
609,263,27,33
610,263,27,33
611,262,27,33
612,262,27,33
613,262,27,33
614,261,27,33
614,261,27,33
615,261,27,33
615,260,27,33
616,260,27,33
616,260,27,33
617,259,27,33
617,259,27,33
618,259,27,33
618,258,27,33
619,258,27,33
619,258,27,33
620,258,27,33
620,257,27,33
621,257,27,33
621,257,27,33
622,256,27,33
622,256,27,33
623,256,27,33
623,255,27,32
624,255,27,32
624,255,27,32
625,254,27,32
625,254,27,32
626,254,27,32
626,253,27,32
627,253,27,32
627,253,27,32
628,252,27,32
628,252,27,32
629,252,27,32
629,252,27,32
630,251,27,32
630,251,27,32
631,251,27,32
631,250,27,32
632,250,27,32
632,250,27,32
633,249,27,32
633,249,27,31
634,249,27,31
634,248,27,31
635,248,27,31
635,248,27,31
636,247,27,31
636,247,27,31
637,247,27,31
637,246,27,31
638,246,27,31
638,246,27,31
639,246,27,31
639,245,27,31
640,245,27,31
640,245,27,31
641,244,27,31
641,244,27,31
642,244,27,31
642,243,27,31
642,243,27,31
643,243,27,30
643,242,27,30
644,242,27,30
644,242,27,30
645,241,27,30
645,241,27,30
646,241,27,30
646,240,27,30
647,240,27,30
647,240,27,30
648,240,27,30
648,239,27,30
649,239,27,30
649,239,27,30
650,238,27,30
650,238,27,30
651,238,27,30
651,237,27,30
652,237,27,30
652,237,27,30
653,236,27,29
653,236,27,29
654,236,27,29
654,235,27,29
655,235,27,29
655,235,27,29
656,234,27,29
656,234,27,29
657,234,27,29
657,234,27,29
658,233,27,29
658,233,27,29
659,233,27,29
659,232,27,29
660,232,27,29
660,232,27,29
660,231,27,29
660,231,27,29
661,231,27,29
661,231,27,29
661,230,27,29
661,230,27,29
662,230,27,29
662,230,27,29
662,229,27,29
662,229,27,29
663,229,27,29
663,228,27,29
663,228,27,29
663,228,27,29
664,228,27,29
664,227,27,29
664,227,27,29
664,227,27,29
665,226,27,29
665,226,27,29
665,226,27,29
665,226,27,29
666,225,27,29
666,225,27,29
666,225,27,29
666,225,27,29
667,224,27,29
667,224,27,29
667,224,27,29
667,223,27,29
668,223,27,29
668,223,27,29
668,223,27,29
668,222,27,29
669,222,27,29
669,222,27,29
669,221,27,29
669,221,27,29
670,221,27,29
670,221,27,29
670,220,27,29
670,220,27,29
671,220,27,29
671,220,27,29
671,219,27,29
671,219,27,29
672,219,27,29
672,218,27,29
