684,355,39,41
679,356,45,41
675,357,50,41
670,359,56,41
666,360,62,41
660,361,63,41
655,361,65,41
649,362,66,41
644,362,68,41
638,363,69,41
633,363,69,41
628,364,69,41
623,365,69,41
618,366,69,41
613,366,69,41
608,366,69,41
603,366,69,41
597,366,69,41
592,366,69,41
587,366,69,41
582,366,69,41
577,367,69,41
572,367,69,41
568,368,69,41
563,368,69,41
558,368,69,41
553,369,69,41
548,370,69,41
542,371,69,41
537,371,69,41
532,372,69,41
527,373,69,41
521,374,69,41
516,374,69,41
512,374,69,41
507,374,69,41
502,374,69,41
497,374,69,41
492,374,69,41
488,374,69,41
483,374,69,41
478,374,69,41
473,374,69,41
467,375,69,41
462,375,69,41
456,375,69,41
451,375,69,41
445,376,69,41
440,376,69,41
434,376,69,41
429,377,69,41
423,377,69,41
418,377,69,41
413,378,69,41
407,378,69,41
402,379,69,41
397,379,69,41
391,380,69,41
386,380,69,41
381,381,69,41
375,381,69,41
370,382,69,41
365,382,69,41
360,382,69,41
355,382,69,41
351,382,69,41
346,382,69,41
341,382,69,41
336,382,69,41
331,382,69,41
326,382,69,41
321,382,69,41
316,382,69,41
312,383,69,41
307,383,69,41
301,382,69,41
295,382,69,41
290,382,69,41
284,381,69,41
278,381,69,41
272,380,69,41
267,380,69,41
262,381,69,41
256,381,69,41
251,381,69,41
246,381,69,41
240,381,69,41
235,381,69,41
230,381,69,41
224,381,69,41
219,382,69,41
214,381,69,41
210,381,69,41
205,381,69,41
201,380,69,41
196,380,69,41
191,380,69,41
187,379,69,41
182,379,69,41
177,380,69,41
171,381,69,41
165,381,69,41
160,382,69,41
154,383,69,41
148,383,69,41
143,384,69,41
137,384,71,41
131,384,73,41
124,383,75,41
118,383,77,41
112,383,79,41
106,383,81,41
101,383,81,41
96,383,81,41
92,384,81,41
87,384,81,41
82,384,81,41
77,385,81,41
71,385,81,41
66,386,81,41
61,387,81,41
55,387,81,41
50,388,81,41
44,387,81,41
38,387,81,41
32,386,81,41
26,386,81,41
20,385,81,41
16,387,81,41
12,388,81,41
8,389,81,41
4,390,81,41
4,390,74,41
4,390,67,41
4,390,60,41
4,390,54,41
4,390,48,41
4,390,42,41
4,390,36,41
4,390,32,41
4,390,28,41
4,390,24,41
4,390,20,41
4,390,16,41
74,370,16,41
144,350,16,41
-1,-1,-1,-1
-1,-1,-1,-1
-1,-1,-1,-1
-1,-1,-1,-1
-1,-1,-1,-1
-1,-1,-1,-1
-1,-1,-1,-1
-1,-1,-1,-1
-1,-1,-1,-1
-1,-1,-1,-1
-1,-1,-1,-1
-1,-1,-1,-1
-1,-1,-1,-1
-1,-1,-1,-1
-1,-1,-1,-1
-1,-1,-1,-1
-1,-1,-1,-1
-1,-1,-1,-1
-1,-1,-1,-1
-1,-1,-1,-1
-1,-1,-1,-1
-1,-1,-1,-1
-1,-1,-1,-1
-1,-1,-1,-1
-1,-1,-1,-1
686,187,31,41
683,187,34,41
680,187,38,41
677,187,41,41
674,187,44,41
670,187,47,41
667,187,50,41
664,187,53,41
661,187,57,41
658,187,60,41
655,187,63,41
651,187,63,41
647,187,63,41
644,187,63,41
640,186,63,41
637,186,63,41
634,186,63,41
631,187,63,41
628,187,63,41
625,188,63,41
622,188,63,41
619,189,63,41
615,189,63,41
611,190,63,41
608,191,63,41
604,192,63,41
600,192,63,41
597,193,63,41
593,193,63,41
590,193,63,41
587,193,63,41
583,194,63,41
580,194,63,41
577,194,63,41
574,194,63,41
571,194,63,41
568,194,63,41
565,194,63,41
561,194,63,41
557,194,63,41
554,194,63,41
550,194,63,41
547,194,63,41
543,194,63,41
539,195,63,41
535,195,63,41
531,195,63,41
528,196,63,41
524,196,63,41
521,197,63,41
518,198,63,41
515,198,63,41
512,199,63,41
509,200,63,41
505,200,63,41
502,200,63,41
499,200,63,41
496,200,63,41
493,200,63,41
490,200,63,41
487,200,63,41
484,199,63,41
482,199,63,41
479,198,63,41
477,198,63,41
474,197,63,41
472,197,63,41
470,197,63,41
467,197,63,41
465,197,63,41
463,197,63,41
460,197,63,41
458,198,63,41
455,198,63,41
453,198,63,41
450,198,63,41
448,199,63,41
445,199,63,41
442,199,63,41
439,200,63,41
436,200,63,41
432,200,63,41
429,201,63,41
426,201,63,41
425,201,63,41
423,201,63,41
422,201,63,41
421,201,63,41
420,201,63,41
418,201,63,41
417,201,63,41
416,201,63,41
415,201,63,41
413,201,63,41
412,202,63,41
410,202,63,41
409,202,63,41
408,202,63,41
406,202,63,41
405,202,63,41
403,202,63,41
402,203,63,41
401,203,63,41
399,204,63,41
398,204,63,41
397,205,63,41
396,205,63,41
394,206,63,41
393,206,63,41
392,206,63,41
391,207,63,41
390,207,63,41
389,207,63,41
388,207,63,41
387,207,63,41
386,207,63,41
385,207,63,41
384,207,63,41
383,207,63,41
383,207,63,41
382,207,63,41
381,207,63,41
380,207,63,41
379,208,63,41
378,208,63,41
377,208,63,41
377,208,63,41
377,209,63,41
376,209,63,41
376,210,63,41
375,210,63,41
375,211,63,41
374,211,63,41
374,211,63,41
373,212,63,41
372,213,63,41
371,213,63,41
370,214,63,41
369,214,63,41
368,215,63,41
367,215,63,41
366,216,63,41
365,217,63,41
365,217,63,41
364,218,63,41
363,218,63,41
363,219,63,41
362,219,63,41
362,220,63,41
361,220,63,41
361,221,63,41
360,222,63,41
358,222,63,41
357,222,63,41
355,223,63,41
353,223,63,41
351,223,63,41
350,223,63,41
348,224,63,41
346,224,63,41
345,224,63,41
345,225,63,41
344,225,63,41
343,225,63,41
343,226,63,41
342,226,63,41
341,226,63,41
340,226,63,41
340,227,63,41
339,227,63,41
337,227,63,41
336,227,63,41
335,228,63,41
334,228,63,41
333,228,63,41
332,228,63,41
331,228,63,41
330,229,63,41
328,229,63,41
327,229,63,41
326,229,63,41
325,230,63,41
324,230,63,41
323,230,63,41
322,230,63,41
321,230,63,41
320,231,63,41
319,231,63,41
318,231,63,41
316,231,63,41
315,232,63,41
314,232,63,41
313,232,63,41
312,232,63,41
311,233,63,41
310,233,63,41
309,233,63,41
308,233,63,41
306,234,63,41
305,234,63,41
304,235,63,41
302,235,63,41
301,236,63,41
299,236,63,41
298,236,63,41
297,237,63,41
294,237,63,41
292,237,63,41
290,237,63,41
288,237,63,41
285,238,63,41
283,238,63,41
281,238,63,41
279,238,63,41
276,238,64,41
274,238,65,41
271,238,65,41
269,238,66,41
267,237,67,41
264,237,68,41
262,237,68,41
259,237,69,41
257,237,70,41
255,237,71,41
252,237,71,41
250,238,71,41
248,239,71,41
245,239,71,41
243,240,71,41
241,241,71,41
238,240,71,41
236,240,71,41
234,239,71,41
231,239,71,41
229,239,71,41
227,238,71,41
224,238,71,41
221,238,71,41
219,239,71,41
216,239,71,41
213,239,71,41
210,239,71,41
208,239,71,41
205,240,71,41
202,240,71,41
199,240,71,41
197,240,71,41
194,240,71,41
191,240,71,41
189,241,71,41
186,240,71,41
183,240,71,41
180,240,71,41
177,240,71,41
173,240,71,41
170,240,71,41
167,240,71,41
164,239,71,41
162,240,71,41
159,240,71,41
156,240,71,41
153,240,71,41
150,241,71,41
148,241,71,41
145,241,71,41
142,242,71,41
139,242,71,41
136,242,71,41
133,243,71,41
130,243,71,41
126,244,71,41
123,244,71,41
120,245,71,41
117,245,71,41
114,246,71,41
110,246,71,41
107,245,71,41
104,245,71,41
101,245,71,41
98,245,71,41
95,244,71,41
91,245,72,41
87,245,73,41
84,246,74,41
80,246,75,41
76,246,76,41
73,247,77,41
69,247,78,41
65,247,78,41
62,247,78,41
58,248,78,41
54,248,78,41
50,248,78,41
46,248,78,41
44,248,78,41
41,248,78,41
38,248,78,41
35,248,78,41
33,248,78,41
30,248,78,41
27,248,78,41
23,248,78,41
19,248,78,41
15,248,78,41
10,248,78,41
6,248,78,41
2,248,78,41
2,248,74,41
2,248,71,41
2,248,67,41
2,248,63,41
2,248,59,41
2,248,56,41
2,248,52,41
2,248,49,41
2,248,45,41
2,248,42,41
2,248,38,41
2,248,35,41
2,248,31,41
