999,847,102,233
998,840,102,233
998,834,102,233
997,827,102,233
997,821,102,233
997,814,102,233
996,808,102,233
996,801,102,233
995,795,102,233
995,788,102,233
995,782,106,274
994,776,106,274
994,771,106,274
993,765,106,274
993,760,106,274
993,754,106,274
992,749,106,274
992,743,106,274
991,738,106,274
991,732,106,274
991,727,104,260
990,722,104,260
990,718,104,260
989,714,104,260
989,710,104,260
988,706,104,260
988,701,104,260
987,697,104,260
987,693,104,260
986,689,104,260
986,685,99,247
985,681,99,247
985,678,99,247
985,674,99,247
984,671,99,247
984,667,99,247
984,664,99,247
983,660,99,247
983,657,99,247
983,653,99,247
983,650,97,234
983,647,97,234
983,644,97,234
983,641,97,234
983,638,97,234
983,635,97,234
983,632,97,234
983,629,97,234
983,626,97,234
983,623,97,234
983,621,94,226
983,618,94,226
983,615,94,226
983,613,94,226
983,610,94,226
983,608,94,226
983,605,94,226
983,602,94,226
983,600,94,226
983,597,94,226
983,595,93,220
983,592,93,220
983,590,93,220
983,588,93,220
983,586,93,220
983,584,93,220
983,581,93,220
983,579,93,220
983,577,93,220
983,575,93,220
983,573,93,210
983,570,93,210
983,568,93,210
983,565,93,210
983,563,93,210
983,561,93,210
983,558,93,210
983,556,93,210
983,553,93,210
983,551,93,210
983,549,91,206
983,547,91,206
983,545,91,206
983,543,91,206
983,542,91,206
983,540,91,206
983,538,91,206
983,537,91,206
983,535,91,206
983,533,91,206
984,532,88,200
984,531,88,200
984,531,88,200
984,531,88,200
984,530,88,200
984,530,88,200
984,530,88,200
984,529,88,200
984,529,88,200
984,529,88,200
985,529,88,196
985,527,88,196
986,526,88,196
986,525,88,196
987,524,88,196
987,523,88,196
988,522,88,196
988,521,88,196
989,520,88,196
989,519,88,196
990,518,86,195
989,518,86,195
989,518,86,195
989,518,86,195
989,518,86,195
989,519,86,195
989,519,86,195
989,519,86,195
989,519,86,195
989,519,86,195
989,520,86,195
988,520,86,195
988,520,86,195
988,520,86,195
987,520,86,195
987,520,86,195
987,520,86,195
986,520,86,195
986,520,86,195
986,520,86,195
986,521,86,195
985,520,86,195
985,520,86,195
985,519,86,195
984,519,86,195
984,518,86,195
984,518,86,195
983,517,86,195
983,517,86,195
983,516,86,195
983,516,87,195
980,509,87,195
977,502,87,195
974,495,87,195
971,489,87,195
968,482,87,195
965,475,87,195
962,469,87,195
959,462,87,195
956,455,87,195
953,449,110,267
953,447,110,267
953,446,110,267
953,445,110,267
953,443,110,267
953,442,110,267
953,441,110,267
953,439,110,267
953,438,110,267
953,437,110,267
953,436,112,263
952,434,112,263
952,432,112,263
952,430,112,263
951,429,112,263
951,427,112,263
951,425,112,263
950,424,112,263
950,422,112,263
950,420,112,263
950,419,112,263
950,417,112,263
950,416,112,263
950,415,112,263
951,413,112,263
951,412,112,263
951,411,112,263
952,409,112,263
952,408,112,263
952,407,112,263
953,406,102,260
952,411,102,260
952,416,102,260
952,421,102,260
952,426,102,260
952,431,102,260
952,436,102,260
952,441,102,260
952,446,102,260
952,451,102,260
952,456,102,251
951,458,102,251
951,461,102,251
951,463,102,251
951,466,102,251
951,469,102,251
951,471,102,251
951,474,102,251
951,476,102,251
951,479,102,251
951,482,101,246
950,480,101,246
950,479,101,246
950,478,101,246
949,476,101,246
949,475,101,246
949,474,101,246
948,472,101,246
948,471,101,246
948,470,101,246
948,469,102,246
948,466,102,246
948,464,102,246
948,462,102,246
948,460,102,246
948,458,102,246
948,456,102,246
948,454,102,246
948,452,102,246
948,450,102,246
948,448,102,248
947,447,102,248
946,447,102,248
945,447,102,248
945,446,102,248
944,446,102,248
943,446,102,248
943,445,102,248
942,445,102,248
941,445,102,248
941,445,98,242
940,444,98,242
940,443,98,242
940,442,98,242
939,441,98,242
939,440,98,242
939,439,98,242
938,438,98,242
938,437,98,242
938,436,98,242
938,435,101,243
938,434,101,243
938,433,101,243
938,432,101,243
938,431,101,243
938,431,101,243
938,430,101,243
938,429,101,243
938,428,101,243
938,427,101,243
939,427,100,243
939,426,100,243
939,425,100,243
939,424,100,243
939,424,100,243
940,423,100,243
940,422,100,243
940,422,100,243
940,421,100,243
940,420,100,243
941,420,98,251
940,420,98,251
940,421,98,251
940,421,98,251
939,422,98,251
939,423,98,251
939,423,98,251
938,424,98,251
938,424,98,251
938,425,98,251
938,426,102,244
938,426,102,244
938,426,102,244
938,426,102,244
938,426,102,244
939,426,102,244
939,426,102,244
939,426,102,244
939,426,102,244
939,426,102,244
940,427,96,241
940,427,96,241
941,428,96,241
941,429,96,241
942,430,96,241
942,431,96,241
943,431,96,241
943,432,96,241
944,433,96,241
944,434,96,241
945,435,99,244
945,436,99,244
946,437,99,244
946,439,99,244
947,440,99,244
948,442,99,244
948,443,99,244
949,444,99,244
949,446,99,244
950,447,99,244
951,449,95,245
951,450,95,245
951,452,95,245
951,453,95,245
951,455,95,245
951,456,95,245
951,458,95,245
951,459,95,245
951,461,95,245
951,462,95,245
951,464,93,247
951,465,93,247
951,467,93,247
951,469,93,247
951,471,93,247
951,473,93,247
951,474,93,247
951,476,93,247
951,478,93,247
951,480,93,247
952,482,98,253
951,483,98,253
951,484,98,253
951,486,98,253
951,487,98,253
951,489,98,253
950,490,98,253
950,491,98,253
950,493,98,253
950,494,98,253
950,496,103,259
951,498,103,259
952,500,103,259
953,502,103,259
954,504,103,259
955,506,103,259
956,508,103,259
957,510,103,259
958,512,103,259
959,514,103,259
960,517,99,263
959,518,99,263
959,520,99,263
958,521,99,263
958,523,99,263
958,525,99,263
957,526,99,263
957,528,99,263
956,529,99,263
956,531,99,263
956,533,104,272
956,532,104,272
957,532,104,272
958,531,104,272
959,531,104,272
960,530,104,272
960,530,104,272
961,529,104,272
962,529,104,272
963,528,104,272
964,528,99,272
963,523,99,272
963,519,99,272
962,514,99,272
962,510,99,272
961,506,99,272
961,501,99,272
960,497,99,272
960,492,99,272
959,488,99,272
959,484,103,279
959,482,103,279
959,480,103,279
959,479,103,279
959,477,103,279
959,476,103,279
959,474,103,279
959,472,103,279
959,471,103,279
959,469,103,279
959,468,100,279
958,466,100,279
958,465,100,279
958,464,100,279
957,463,100,279
957,462,100,279
957,460,100,279
956,459,100,279
956,458,100,279
956,457,100,279
956,456,102,279
955,455,102,279
955,454,102,279
955,453,102,279
955,453,102,279
955,452,102,279
955,451,102,279
955,451,102,279
955,450,102,279
955,449,102,279
955,449,99,270
954,447,99,270
954,446,99,270
954,444,99,270
954,443,99,270
954,442,99,270
954,440,99,270
954,439,99,270
954,437,99,270
954,436,99,270
954,435,98,272
954,433,98,272
954,432,98,272
954,431,98,272
954,430,98,272
954,429,98,272
954,428,98,272
954,427,98,272
954,426,98,272
954,425,98,272
955,424,95,264
954,423,95,264
954,422,95,264
954,421,95,264
953,421,95,264
953,420,95,264
953,419,95,264
952,419,95,264
952,418,95,264
952,417,95,264
952,417,100,262
951,415,100,262
951,414,100,262
951,413,100,262
951,411,100,262
951,410,100,262
950,409,100,262
950,407,100,262
950,406,100,262
950,405,100,262
950,404,94,263
950,403,94,263
950,402,94,263
950,401,94,263
950,400,94,263
950,400,94,263
950,399,94,263
950,398,94,263
950,397,94,263
950,396,94,263
951,396,97,259
950,395,97,259
950,394,97,259
950,393,97,259
950,392,97,259
950,392,97,259
950,391,97,259
950,390,97,259
950,389,97,259
950,388,97,259
950,388,98,255
949,387,98,255
949,387,98,255
948,386,98,255
948,386,98,255
947,386,98,255
947,385,98,255
946,385,98,255
946,384,98,255
945,384,98,255
945,384,99,258
944,383,99,258
944,382,99,258
944,381,99,258
944,380,99,258
944,380,99,258
943,379,99,258
943,378,99,258
943,377,99,258
943,376,99,258
943,376,100,263
942,376,100,263
942,376,100,263
942,376,100,263
941,376,100,263
941,376,100,263
941,376,100,263
940,376,100,263
940,376,100,263
940,376,100,263
940,377,100,259
940,377,100,259
940,378,100,259
940,378,100,259
941,379,100,259
941,379,100,259
941,380,100,259
942,380,100,259
942,381,100,259
942,381,100,259
943,382,93,256
942,381,93,256
942,381,93,256
941,380,93,256
941,380,93,256
941,380,93,256
940,379,93,256
940,379,93,256
939,378,93,256
939,378,93,256
939,378,92,260
939,377,92,260
939,377,92,260
939,377,92,260
940,377,92,260
940,377,92,260
940,377,92,260
941,377,92,260
941,377,92,260
941,377,92,260
942,377,88,261
941,376,88,261
941,376,88,261
941,376,88,261
940,375,88,261
940,375,88,261
940,375,88,261
939,374,88,261
939,374,88,261
939,374,88,261
939,374,87,265
939,374,87,265
940,374,87,265
940,374,87,265
941,375,87,265
941,375,87,265
942,375,87,265
942,376,87,265
943,376,87,265
943,376,87,265
944,377,87,265
943,377,87,265
943,378,87,265
943,378,87,265
943,379,87,265
943,380,87,265
943,380,87,265
943,381,87,265
943,381,87,265
943,382,87,265
943,383,87,259
943,383,87,259
943,383,87,259
943,383,87,259
943,383,87,259
944,383,87,259
944,383,87,259
944,383,87,259
944,383,87,259
944,383,87,259
945,383,96,263
945,382,96,263
945,382,96,263
945,381,96,263
945,381,96,263
945,381,96,263
945,380,96,263
945,380,96,263
945,379,96,263
945,379,96,263
946,379,96,263
946,378,96,263
946,377,96,263
946,377,96,263
946,376,96,263
947,376,96,263
947,375,96,263
947,374,96,263
947,374,96,263
947,373,96,263
948,373,102,259
950,368,102,259
952,364,102,259
954,360,102,259
957,356,102,259
959,352,102,259
961,348,102,259
964,344,102,259
966,340,102,259
968,336,102,259
971,332,95,231
970,332,95,231
970,332,95,231
970,332,95,231
969,332,95,231
969,333,95,231
969,333,95,231
968,333,95,231
968,333,95,231
968,333,95,231
968,334,95,231
968,334,95,231
968,334,95,231
968,335,95,231
968,335,95,231
969,336,95,231
969,336,95,231
969,336,95,231
969,337,95,231
969,337,95,231
970,338,96,237
970,338,96,237
970,339,96,237
970,339,96,237
970,340,96,237
971,340,96,237
971,341,96,237
971,341,96,237
971,342,96,237
971,342,96,237
972,343,96,227
972,343,96,227
972,344,96,227
972,344,96,227
972,345,96,227
973,345,96,227
973,346,96,227
973,346,96,227
973,347,96,227
973,347,96,227
974,348,101,242
974,349,101,242
974,350,101,242
975,351,101,242
975,352,101,242
976,353,101,242
976,354,101,242
976,355,101,242
977,356,101,242
977,357,101,242
978,359,96,231
977,359,96,231
977,360,96,231
977,361,96,231
977,362,96,231
977,363,96,231
977,364,96,231
977,365,96,231
977,366,96,231
977,367,96,231
977,368,99,228
977,368,99,228
977,368,99,228
978,369,99,228
978,369,99,228
979,370,99,228
979,370,99,228
979,370,99,228
980,371,99,228
980,371,99,228
981,372,96,226
982,373,96,226
983,374,96,226
984,375,96,226
986,376,96,226
987,378,96,226
988,379,96,226
990,380,96,226
991,381,96,226
992,382,96,226
994,384,84,224
994,385,84,224
994,386,84,224
994,387,84,224
994,388,84,224
995,389,84,224
995,390,84,224
995,391,84,224
995,392,84,224
995,393,84,224
996,394,98,227
996,395,98,227
996,396,98,227
996,397,98,227
996,399,98,227
997,400,98,227
997,401,98,227
997,403,98,227
997,404,98,227
997,405,98,227
998,407,101,232
998,407,101,232
999,408,101,232
999,408,101,232
1000,409,101,232
1000,409,101,232
1001,410,101,232
1001,410,101,232
1002,411,101,232
1002,411,101,232
1003,412,100,243
1004,413,100,243
1005,415,100,243
1006,416,100,243
1007,418,100,243
1008,419,100,243
1009,421,100,243
1010,422,100,243
1011,424,100,243
1012,425,100,243
1014,427,96,244
1014,428,96,244
1014,430,96,244
1014,431,96,244
1015,433,96,244
1015,435,96,244
1015,436,96,244
1016,438,96,244
1016,439,96,244
1016,441,96,244
1017,443,98,245
1017,443,98,245
1017,444,98,245
1017,445,98,245
1017,446,98,245
1018,447,98,245
1018,447,98,245
1018,448,98,245
1018,449,98,245
1018,450,98,245
1019,451,100,251
1019,452,100,251
1019,454,100,251
1020,456,100,251
1020,458,100,251
1021,460,100,251
1021,462,100,251
1021,464,100,251
1022,466,100,251
1022,468,100,251
1023,470,100,242
1022,471,100,242
1022,472,100,242
1021,473,100,242
1021,475,100,242
1020,476,100,242
1020,477,100,242
1019,479,100,242
1019,480,100,242
1018,481,100,242
1018,483,104,252
1018,485,104,252
1018,487,104,252
1018,489,104,252
1018,492,104,252
1019,494,104,252
1019,496,104,252
1019,499,104,252
1019,501,104,252
1019,503,104,252
1020,506,98,250
1019,507,98,250
1019,508,98,250
1019,509,98,250
1019,511,98,250
1019,512,98,250
1019,513,98,250
1019,515,98,250
1019,516,98,250
1019,517,98,250
1019,519,99,253
1018,519,99,253
1017,519,99,253
1016,519,99,253
1016,519,99,253
1015,519,99,253
1014,519,99,253
1014,519,99,253
1013,519,99,253
1012,519,99,253
1012,520,107,264
1012,520,107,264
1013,521,107,264
1014,521,107,264
1014,522,107,264
1015,523,107,264
1016,523,107,264
1016,524,107,264
1017,524,107,264
1018,525,107,264
1019,526,100,256
1018,525,100,256
1017,524,100,256
1016,523,100,256
1015,522,100,256
1015,522,100,256
1014,521,100,256
1013,520,100,256
1012,519,100,256
1011,518,100,256
1011,518,104,250
1011,516,104,250
1011,515,104,250
1011,514,104,250
1011,513,104,250
1011,512,104,250
1011,510,104,250
1011,509,104,250
1011,508,104,250
1011,507,104,250
1011,506,104,256
1011,505,104,256
1011,504,104,256
1011,503,104,256
1011,502,104,256
1011,502,104,256
1011,501,104,256
1011,500,104,256
1011,499,104,256
1011,498,104,256
1011,498,99,256
1011,497,99,256
1011,496,99,256
1011,495,99,256
1011,494,99,256
1012,494,99,256
1012,493,99,256
1012,492,99,256
1012,491,99,256
1012,490,99,256
1013,490,105,244
1013,489,105,244
1013,488,105,244
1013,488,105,244
1013,487,105,244
1014,487,105,244
1014,486,105,244
1014,485,105,244
1014,485,105,244
1014,484,105,244
1015,484,100,250
1015,482,100,250
1015,481,100,250
1015,480,100,250
1015,478,100,250
1015,477,100,250
1015,476,100,250
1015,474,100,250
1015,473,100,250
1015,472,100,250
1016,471,99,241
1015,470,99,241
1015,470,99,241
1015,470,99,241
1015,469,99,241
1015,469,99,241
1015,469,99,241
1015,468,99,241
1015,468,99,241
1015,468,99,241
1015,468,100,234
1014,466,100,234
1013,465,100,234
1012,464,100,234
1012,463,100,234
1011,462,100,234
1010,461,100,234
1010,460,100,234
1009,459,100,234
1008,458,100,234
1008,457,106,237
1008,456,106,237
1008,456,106,237
1008,456,106,237
1008,456,106,237
1008,456,106,237
1008,456,106,237
1008,456,106,237
1008,456,106,237
1008,456,106,237
1009,456,113,243
1008,455,113,243
1008,454,113,243
1007,453,113,243
1007,452,113,243
1006,452,113,243
1006,451,113,243
1005,450,113,243
1005,449,113,243
1004,448,113,243
1004,448,111,250
1004,448,111,250
1004,448,111,250
1004,448,111,250
1004,448,111,250
1004,448,111,250
1004,448,111,250
1004,448,111,250
1004,448,111,250
1004,448,111,250
1005,449,99,241
1004,448,99,241
1003,447,99,241
1002,447,99,241
1002,446,99,241
1001,446,99,241
1000,445,99,241
1000,444,99,241
999,444,99,241
998,443,99,241
998,443,110,244
998,443,110,244
999,443,110,244
999,443,110,244
1000,444,110,244
1000,444,110,244
1001,444,110,244
1001,445,110,244
1002,445,110,244
1002,445,110,244
1003,446,103,238
1002,445,103,238
1002,445,103,238
1002,445,103,238
1001,445,103,238
1001,445,103,238
1001,444,103,238
1000,444,103,238
1000,444,103,238
1000,444,103,238
1000,444,103,244
999,444,103,244
999,444,103,244
999,444,103,244
998,445,103,244
998,445,103,244
998,445,103,244
997,446,103,244
997,446,103,244
997,446,103,244
997,447,106,245
997,446,106,245
998,446,106,245
999,446,106,245
1000,446,106,245
1001,446,106,245
1001,445,106,245
1002,445,106,245
1003,445,106,245
1004,445,106,245
1005,445,105,239
1005,445,105,239
1005,446,105,239
1005,446,105,239
1005,447,105,239
1005,447,105,239
1005,448,105,239
1005,448,105,239
1005,449,105,239
1005,449,105,239
1005,450,103,237
1005,450,103,237
1005,451,103,237
1005,451,103,237
1005,452,103,237
1006,452,103,237
1006,453,103,237
1006,453,103,237
1006,454,103,237
1006,454,103,237
1007,455,107,239
1006,454,107,239
1006,454,107,239
1006,454,107,239
1006,454,107,239
1006,454,107,239
1005,453,107,239
1005,453,107,239
1005,453,107,239
1005,453,107,239
1005,453,101,241
1005,452,101,241
1005,452,101,241
1006,452,101,241
1006,452,101,241
1007,452,101,241
1007,452,101,241
1007,452,101,241
1008,452,101,241
1008,452,101,241
1009,452,106,244
1009,452,106,244
1009,452,106,244
1010,452,106,244
1010,453,106,244
1011,453,106,244
1011,453,106,244
1011,454,106,244
1012,454,106,244
1012,454,106,244
1013,455,99,241
1012,455,99,241
1012,455,99,241
1012,455,99,241
1012,455,99,241
1012,455,99,241
1011,455,99,241
1011,455,99,241
1011,455,99,241
1011,455,99,241
1011,455,108,244
1010,453,108,244
1009,451,108,244
1008,449,108,244
1007,448,108,244
1007,446,108,244
1006,444,108,244
1005,443,108,244
1004,441,108,244
1003,439,108,244
1003,438,107,246
1003,438,107,246
1003,438,107,246
1003,438,107,246
1004,439,107,246
1004,439,107,246
1004,439,107,246
1005,440,107,246
1005,440,107,246
1005,440,107,246
1006,441,102,246
1005,440,102,246
1005,439,102,246
1005,439,102,246
1005,438,102,246
1005,438,102,246
1005,437,102,246
1005,436,102,246
1005,436,102,246
1005,435,102,246
1005,435,105,245
1005,434,105,245
1005,434,105,245
1005,434,105,245
1005,434,105,245
1005,434,105,245
1005,433,105,245
1005,433,105,245
1005,433,105,245
1005,433,105,245
1006,433,102,250
1006,433,102,250
1006,433,102,250
1006,434,102,250
1006,434,102,250
1006,435,102,250
1006,435,102,250
1006,435,102,250
1006,436,102,250
1006,436,102,250
1006,437,104,241
1006,436,104,241
1006,436,104,241
1007,436,104,241
1007,436,104,241
1008,436,104,241
1008,436,104,241
1008,436,104,241
1009,436,104,241
1009,436,104,241
1010,436,98,242
1009,435,98,242
1009,435,98,242
1009,435,98,242
1009,435,98,242
1009,435,98,242
1008,435,98,242
1008,435,98,242
1008,435,98,242
1008,435,98,242
1008,435,102,245
1007,435,102,245
1007,435,102,245
1007,435,102,245
1006,435,102,245
1006,435,102,245
1006,435,102,245
1005,435,102,245
1005,435,102,245
1005,435,102,245
1005,436,101,244
1005,435,101,244
1005,435,101,244
1005,435,101,244
1005,434,101,244
1005,434,101,244
1005,434,101,244
1005,433,101,244
1005,433,101,244
1005,433,101,244
1005,433,103,247
1005,432,103,247
1005,431,103,247
1005,430,103,247
1005,430,103,247
1005,429,103,247
1005,428,103,247
1005,428,103,247
1005,427,103,247
1005,426,103,247
1005,426,103,245
1005,425,103,245
1005,425,103,245
1006,425,103,245
1006,425,103,245
1007,425,103,245
1007,424,103,245
1007,424,103,245
1008,424,103,245
1008,424,103,245
1009,424,101,240
1009,422,101,240
1009,421,101,240
1009,420,101,240
1009,419,101,240
1010,418,101,240
1010,417,101,240
1010,416,101,240
1010,415,101,240
1010,414,101,240
1011,413,101,242
1011,412,101,242
1011,411,101,242
1011,410,101,242
1011,409,101,242
1011,409,101,242
1011,408,101,242
1011,407,101,242
1011,406,101,242
1011,405,101,242
1012,405,100,245
1011,403,100,245
1010,401,100,245
1010,399,100,245
1009,397,100,245
1009,396,100,245
1008,394,100,245
1007,392,100,245
1007,390,100,245
1006,388,100,245
1006,387,102,245
1005,385,102,245
1005,384,102,245
1005,383,102,245
1005,382,102,245
1005,381,102,245
1005,379,102,245
1005,378,102,245
1005,377,102,245
1005,376,102,245
1005,375,99,233
1004,373,99,233
1004,372,99,233
1004,371,99,233
1004,370,99,233
1004,369,99,233
1003,367,99,233
1003,366,99,233
1003,365,99,233
1003,364,99,233
1003,363,103,229
1003,362,103,229
1003,361,103,229
1003,360,103,229
1003,359,103,229
1004,358,103,229
1004,357,103,229
1004,356,103,229
1004,355,103,229
1004,354,103,229
1005,353,99,233
1005,351,99,233
1005,350,99,233
1005,349,99,233
1005,348,99,233
1005,347,99,233
1005,345,99,233
1005,344,99,233
1005,343,99,233
1005,342,99,233
1006,341,100,235
1005,339,100,235
1005,338,100,235
1005,337,100,235
1004,335,100,235
1004,334,100,235
1004,333,100,235
1003,331,100,235
1003,330,100,235
1003,329,100,235
1003,328,103,227
1003,326,103,227
1003,324,103,227
1003,322,103,227
1003,320,103,227
1003,318,103,227
1003,316,103,227
1003,314,103,227
1003,312,103,227
1003,310,103,227
1004,309,99,226
1003,307,99,226
1003,306,99,226
1003,305,99,226
1003,303,99,226
1003,302,99,226
1002,301,99,226
1002,299,99,226
1002,298,99,226
1002,297,99,226
1002,296,101,223
1002,294,101,223
1002,292,101,223
1002,291,101,223
1002,289,101,223
1002,288,101,223
1002,286,101,223
1002,284,101,223
1002,283,101,223
1002,281,101,223
1003,280,100,219
1003,278,100,219
1003,277,100,219
1003,275,100,219
1003,274,100,219
1003,272,100,219
1003,271,100,219
1003,269,100,219
1003,268,100,219
1003,266,100,219
1004,265,99,223
1004,264,99,223
1004,263,99,223
1005,262,99,223
1005,261,99,223
1006,260,99,223
1006,259,99,223
1006,258,99,223
1007,257,99,223
1007,256,99,223
1008,256,92,214
1007,255,92,214
1007,255,92,214
1006,254,92,214
1006,254,92,214
1006,254,92,214
1005,253,92,214
1005,253,92,214
1004,252,92,214
1004,252,92,214
1004,252,95,211
1004,251,95,211
1004,250,95,211
1004,250,95,211
1004,249,95,211
1004,249,95,211
1004,248,95,211
1004,247,95,211
1004,247,95,211
1004,246,95,211
1005,246,95,216
1004,245,95,216
1004,244,95,216
1004,244,95,216
1004,243,95,216
1004,243,95,216
1003,242,95,216
1003,241,95,216
1003,241,95,216
1003,240,95,216
1003,240,96,210
1003,240,96,210
1003,241,96,210
1003,241,96,210
1003,242,96,210
1003,243,96,210
1003,243,96,210
1003,244,96,210
1003,244,96,210
1003,245,96,210
1003,246,96,208
1003,246,96,208
1003,246,96,208
1003,247,96,208
1003,247,96,208
1003,248,96,208
1003,248,96,208
1003,248,96,208
1003,249,96,208
1003,249,96,208
1004,250,95,202
1004,250,95,202
1005,250,95,202
1006,251,95,202
1006,251,95,202
1007,252,95,202
1008,252,95,202
1008,252,95,202
1009,253,95,202
1010,253,95,202
1011,254,93,200
1011,254,93,200
1012,255,93,200
1012,256,93,200
1013,257,93,200
1013,258,93,200
1014,259,93,200
1014,260,93,200
1015,261,93,200
1015,262,93,200
1016,263,90,196
1016,264,90,196
1017,266,90,196
1018,268,90,196
1019,270,90,196
1020,272,90,196
1020,274,90,196
1021,276,90,196
1022,278,90,196
1023,280,90,196
1024,282,86,174
1024,286,86,174
1025,290,86,174
1026,294,86,174
1027,299,86,174
1028,303,86,174
1028,307,86,174
1029,312,86,174
1030,316,86,174
1031,320,86,174
1032,325,80,138
1031,319,80,138
1030,314,80,138
1029,308,80,138
1029,303,80,138
1028,298,80,138
1027,292,80,138
1027,287,80,138
1026,281,80,138
1025,276,80,138
1025,271,90,200
1025,272,90,200
1026,273,90,200
1027,274,90,200
1027,275,90,200
1028,276,90,200
1029,277,90,200
1029,278,90,200
1030,279,90,200
1031,280,90,200
1032,282,95,193
1032,282,95,193
1032,283,95,193
1032,284,95,193
1033,285,95,193
1033,286,95,193
1033,286,95,193
1034,287,95,193
1034,288,95,193
1034,289,95,193
1035,290,90,200
1036,290,90,200
1037,291,90,200
1038,292,90,200
1039,292,90,200
1041,293,90,200
1042,294,90,200
1043,294,90,200
1044,295,90,200
1045,296,90,200
1047,297,85,194
1047,297,85,194
1047,298,85,194
1048,299,85,194
1048,299,85,194
1049,300,85,194
1049,301,85,194
1049,301,85,194
1050,302,85,194
1050,303,85,194
1051,304,81,190
1051,304,81,190
1051,305,81,190
1052,306,81,190
1052,307,81,190
1053,308,81,190
1053,309,81,190
1053,310,81,190
1054,311,81,190
1054,312,81,190
1055,313,85,186
1055,313,85,186
1056,314,85,186
1056,314,85,186
1057,315,85,186
1058,315,85,186
1058,316,85,186
1059,316,85,186
1059,317,85,186
1060,317,85,186
1061,318,85,189
1061,318,85,189
1062,318,85,189
1062,318,85,189
1063,318,85,189
1063,318,85,189
1064,318,85,189
1064,318,85,189
1065,318,85,189
1065,318,85,189
1066,319,85,193
1065,320,85,193
1065,321,85,193
1065,322,85,193
1065,324,85,193
1065,325,85,193
1065,326,85,193
1065,328,85,193
1065,329,85,193
1065,330,85,193
1065,332,86,184
1064,331,86,184
1064,331,86,184
1064,330,86,184
1063,330,86,184
1063,329,86,184
1063,329,86,184
1062,328,86,184
1062,328,86,184
1062,327,86,184
1062,327,84,195
1061,326,84,195
1060,326,84,195
1059,326,84,195
1059,326,84,195
1058,326,84,195
1057,325,84,195
1057,325,84,195
1056,325,84,195
1055,325,84,195
1055,325,87,202
1053,345,87,202
1052,366,87,202
1051,386,87,202
1050,407,87,202
1049,428,87,202
1048,448,87,202
1047,469,87,202
1046,489,87,202
1045,510,87,202
1044,531,82,181
1043,531,82,181
1043,532,82,181
1043,533,82,181
1043,533,82,181
1043,534,82,181
1043,535,82,181
1043,535,82,181
1043,536,82,181
1043,537,82,181
1043,538,83,210
1042,539,83,210
1042,541,83,210
1042,543,83,210
1042,545,83,210
1042,547,83,210
1042,548,83,210
1042,550,83,210
1042,552,83,210
1042,554,83,210
1042,556,77,198
1041,556,77,198
1041,556,77,198
1040,556,77,198
1040,556,77,198
1039,556,77,198
1039,556,77,198
1038,556,77,198
1038,556,77,198
1037,556,77,198
1037,557,85,214
1036,558,85,214
1035,559,85,214
1035,560,85,214
1034,561,85,214
1034,562,85,214
1033,563,85,214
1032,564,85,214
1032,565,85,214
1031,566,85,214
1031,568,88,211
1032,569,88,211
1033,571,88,211
1034,572,88,211
1035,574,88,211
1037,575,88,211
1038,577,88,211
1039,578,88,211
1040,580,88,211
1041,581,88,211
1043,583,72,201
1043,583,72,201
1043,584,72,201
1043,585,72,201
1043,586,72,201
1043,587,72,201
1043,587,72,201
1043,588,72,201
1043,589,72,201
1043,590,72,201
1044,591,75,199
1043,591,75,199
1043,592,75,199
1043,593,75,199
1043,594,75,199
1043,595,75,199
1043,595,75,199
1043,596,75,199
1043,597,75,199
1043,598,75,199
1043,599,76,200
1042,599,76,200
1042,600,76,200
1041,601,76,200
1041,602,76,200
1040,603,76,200
1040,604,76,200
1039,605,76,200
1039,606,76,200
1038,607,76,200
1038,608,76,196
1039,608,76,196
1040,609,76,196
1041,609,76,196
1042,610,76,196
1043,610,76,196
1044,611,76,196
1045,611,76,196
1046,612,76,196
1047,612,76,196
1048,613,70,197
1048,614,70,197
1048,615,70,197
1048,616,70,197
1048,617,70,197
1049,618,70,197
1049,619,70,197
1049,620,70,197
1049,621,70,197
1049,622,70,197
1050,624,72,206
1050,624,72,206
1050,625,72,206
1050,626,72,206
1051,627,72,206
1051,628,72,206
1051,628,72,206
1052,629,72,206
1052,630,72,206
1052,631,72,206
1053,632,66,195
1051,630,66,195
1050,628,66,195
1048,627,66,195
1047,625,66,195
1045,624,66,195
1044,622,66,195
1042,620,66,195
1041,619,66,195
1039,617,66,195
1038,616,84,211
1038,613,84,211
1038,610,84,211
1038,608,84,211
1038,605,84,211
1039,603,84,211
1039,600,84,211
1039,597,84,211
1039,595,84,211
1039,592,84,211
1040,590,83,209
1040,585,83,209
1041,581,83,209
1042,576,83,209
1043,572,83,209
1044,568,83,209
1044,563,83,209
1045,559,83,209
1046,554,83,209
1047,550,83,209
1048,546,80,220
1048,543,80,220
1049,541,80,220
1050,539,80,220
1050,536,80,220
1051,534,80,220
1052,532,80,220
1052,529,80,220
1053,527,80,220
1054,525,80,220
1055,523,73,208
1055,522,73,208
1055,521,73,208
1055,520,73,208
1055,520,73,208
1055,519,73,208
1055,518,73,208
1055,518,73,208
1055,517,73,208
1055,516,73,208
1055,516,81,204
1055,514,81,204
1055,513,81,204
1055,512,81,204
1055,511,81,204
1055,510,81,204
1055,509,81,204
1055,508,81,204
1055,507,81,204
1055,506,81,204
1056,505,79,207
1056,504,79,207
1056,504,79,207
1057,503,79,207
1057,503,79,207
1058,503,79,207
1058,502,79,207
1058,502,79,207
1059,501,79,207
1059,501,79,207
1060,501,80,214
1060,501,80,214
1060,501,80,214
1060,501,80,214
1060,501,80,214
1060,501,80,214
1060,501,80,214
1060,501,80,214
1060,501,80,214
1060,501,80,214
1060,501,78,207
1060,500,78,207
1060,499,78,207
1060,498,78,207
1060,497,78,207
1060,497,78,207
1060,496,78,207
1060,495,78,207
1060,494,78,207
1060,493,78,207
1060,493,78,210
1059,493,78,210
1059,494,78,210
1059,494,78,210
1059,495,78,210
1059,496,78,210
1059,496,78,210
1059,497,78,210
1059,497,78,210
1059,498,78,210
1059,499,81,207
1059,499,81,207
1059,500,81,207
1059,500,81,207
1059,501,81,207
1059,501,81,207
1059,502,81,207
1059,502,81,207
1059,503,81,207
1059,503,81,207
1059,504,81,204
1059,503,81,204
1059,503,81,204
1059,503,81,204
1059,503,81,204
1060,503,81,204
1060,503,81,204
1060,503,81,204
1060,503,81,204
1060,503,81,204
1061,503,81,212
1060,502,81,212
1060,502,81,212
1060,502,81,212
1060,501,81,212
1060,501,81,212
1060,501,81,212
1060,500,81,212
1060,500,81,212
1060,500,81,212
1060,500,76,215
1060,500,76,215
1060,500,76,215
1060,500,76,215
1060,500,76,215
1060,501,76,215
1060,501,76,215
1060,501,76,215
1060,501,76,215
1060,501,76,215
1061,502,81,205
1060,501,81,205
1060,501,81,205
1060,501,81,205
1060,500,81,205
1060,500,81,205
1059,500,81,205
1059,499,81,205
1059,499,81,205
1059,499,81,205
1059,499,83,212
1058,498,83,212
1058,498,83,212
1058,497,83,212
1058,497,83,212
1058,497,83,212
1057,496,83,212
1057,496,83,212
1057,495,83,212
1057,495,83,212
1057,495,81,216
1057,495,81,216
1057,495,81,216
1057,495,81,216
1057,495,81,216
1058,496,81,216
1058,496,81,216
1058,496,81,216
1058,496,81,216
1058,496,81,216
1059,497,81,214
1059,497,81,214
1059,497,81,214
1059,498,81,214
1059,498,81,214
1059,499,81,214
1059,499,81,214
1059,499,81,214
1059,500,81,214
1059,500,81,214
1059,501,81,206
1059,500,81,206
1059,500,81,206
1059,500,81,206
1059,499,81,206
1059,499,81,206
1059,499,81,206
1059,498,81,206
1059,498,81,206
1059,498,81,206
1060,498,80,213
1060,498,80,213
1060,498,80,213
1060,498,80,213
1060,498,80,213
1060,498,80,213
1060,498,80,213
1060,498,80,213
1060,498,80,213
1060,498,80,213
1061,499,79,213
1060,499,79,213
1060,499,79,213
1060,499,79,213
1059,499,79,213
1059,499,79,213
1059,499,79,213
1058,499,79,213
1058,499,79,213
1058,499,79,213
1058,500,78,207
1058,500,78,207
1058,500,78,207
1058,500,78,207
1059,500,78,207
1059,500,78,207
1059,500,78,207
1060,500,78,207
1060,500,78,207
1060,500,78,207
1061,500,79,207
1061,499,79,207
1061,499,79,207
1061,499,79,207
1061,499,79,207
1061,499,79,207
1061,499,79,207
1061,499,79,207
1061,499,79,207
1061,499,79,207
1061,499,79,213
1061,499,79,213
1061,499,79,213
1061,499,79,213
1061,499,79,213
1061,499,79,213
1061,499,79,213
1061,499,79,213
1061,499,79,213
1061,499,79,213
1062,500,80,208
1061,499,80,208
1061,499,80,208
1060,499,80,208
1060,499,80,208
1059,499,80,208
1059,499,80,208
1058,499,80,208
1058,499,80,208
1057,499,80,208
1057,499,78,213
1057,499,78,213
1057,499,78,213
1057,499,78,213
1057,499,78,213
1057,500,78,213
1057,500,78,213
1057,500,78,213
1057,500,78,213
1057,500,78,213
1058,501,82,210
1058,501,82,210
1058,501,82,210
1058,501,82,210
1058,501,82,210
1058,501,82,210
1058,501,82,210
1058,501,82,210
1058,501,82,210
1058,501,82,210
1058,502,80,204
1058,501,80,204
1058,501,80,204
1058,501,80,204
1059,500,80,204
1059,500,80,204
1059,500,80,204
1060,499,80,204
1060,499,80,204
1060,499,80,204
1061,499,79,212
1061,499,79,212
1061,499,79,212
1061,499,79,212
1061,500,79,212
1061,500,79,212
1061,500,79,212
1061,501,79,212
1061,501,79,212
1061,501,79,212
1061,502,81,210
1060,501,81,210
1060,501,81,210
1060,500,81,210
1060,500,81,210
1060,500,81,210
1059,499,81,210
1059,499,81,210
1059,498,81,210
1059,498,81,210
1059,498,79,213
1059,498,79,213
1059,498,79,213
1059,498,79,213
1059,498,79,213
1059,498,79,213
1059,498,79,213
1059,498,79,213
1059,498,79,213
1059,498,79,213
1059,498,81,213
1059,498,81,213
1060,499,81,213
1061,499,81,213
1061,500,81,213
1062,500,81,213
1063,501,81,213
1063,501,81,213
1064,502,81,213
1065,502,81,213
1066,503,80,203
1065,502,80,203
1064,502,80,203
1063,502,80,203
1062,501,80,203
1062,501,80,203
1061,501,80,203
1060,500,80,203
1059,500,80,203
1058,500,80,203
1058,500,84,212
1057,500,84,212
1056,501,84,212
1055,501,84,212
1055,502,84,212
1054,502,84,212
1053,503,84,212
1053,503,84,212
1052,504,84,212
1051,504,84,212
1051,505,81,207
1049,505,81,207
1048,505,81,207
1047,505,81,207
1046,506,81,207
1045,506,81,207
1044,506,81,207
1043,507,81,207
1042,507,81,207
1041,507,81,207
1040,508,82,207
1038,508,82,207
1037,508,82,207
1036,508,82,207
1035,508,82,207
1034,509,82,207
1032,509,82,207
1031,509,82,207
1030,509,82,207
1029,509,82,207
1028,510,80,209
1026,510,80,209
1025,511,80,209
1023,511,80,209
1022,512,80,209
1020,512,80,209
1019,513,80,209
1017,513,80,209
1016,514,80,209
1014,514,80,209
1013,515,77,207
1011,515,77,207
1009,516,77,207
1007,517,77,207
1006,518,77,207
1004,519,77,207
1002,519,77,207
1001,520,77,207
999,521,77,207
997,522,77,207
996,523,82,208
995,523,82,208
994,524,82,208
993,524,82,208
993,525,82,208
992,526,82,208
991,526,82,208
991,527,82,208
990,527,82,208
989,528,82,208
989,529,77,209
988,529,77,209
987,530,77,209
986,531,77,209
985,531,77,209
984,532,77,209
983,533,77,209
982,533,77,209
981,534,77,209
980,535,77,209
979,536,76,214
977,536,76,214
976,536,76,214
975,536,76,214
974,536,76,214
973,537,76,214
972,537,76,214
971,537,76,214
970,537,76,214
969,537,76,214
968,538,76,210
966,538,76,210
965,538,76,210
964,538,76,210
962,538,76,210
961,539,76,210
960,539,76,210
958,539,76,210
957,539,76,210
956,539,76,210
955,540,79,210
954,540,79,210
953,540,79,210
952,540,79,210
951,541,79,210
950,541,79,210
949,541,79,210
948,542,79,210
947,542,79,210
946,542,79,210
946,543,80,211
946,542,80,211
947,542,80,211
948,542,80,211
948,541,80,211
949,541,80,211
950,541,80,211
950,540,80,211
951,540,80,211
952,540,80,211
953,540,78,210
957,539,78,210
962,538,78,210
967,537,78,210
972,537,78,210
977,536,78,210
981,535,78,210
986,535,78,210
991,534,78,210
996,533,78,210
1001,533,79,211
1003,532,79,211
1006,532,79,211
1009,531,79,211
1012,531,79,211
1015,531,79,211
1017,530,79,211
1020,530,79,211
1023,529,79,211
1026,529,79,211
1029,529,85,210
1028,528,85,210
1027,527,85,210
1026,526,85,210
1025,525,85,210
1025,525,85,210
1024,524,85,210
1023,523,85,210
1022,522,85,210
1021,521,85,210
1021,521,79,205
1019,519,79,205
1018,518,79,205
1017,517,79,205
1016,516,79,205
1015,515,79,205
1013,513,79,205
1012,512,79,205
1011,511,79,205
1010,510,79,205
1009,509,73,206
1007,508,73,206
1006,508,73,206
1005,507,73,206
1004,507,73,206
1003,506,73,206
1001,506,73,206
1000,505,73,206
999,505,73,206
998,504,73,206
997,504,73,208
996,503,73,208
996,503,73,208
995,503,73,208
995,502,73,208
995,502,73,208
994,502,73,208
994,501,73,208
993,501,73,208
993,501,73,208
993,501,75,205
992,500,75,205
992,500,75,205
992,500,75,205
991,500,75,205
991,500,75,205
991,500,75,205
990,500,75,205
990,500,75,205
990,500,75,205
990,500,76,203
990,500,76,203
990,500,76,203
990,501,76,203
990,501,76,203
990,502,76,203
990,502,76,203
990,502,76,203
990,503,76,203
990,503,76,203
991,504,75,199
991,504,75,199
991,504,75,199
991,504,75,199
991,504,75,199
991,504,75,199
991,504,75,199
991,504,75,199
991,504,75,199
991,504,75,199
992,505,71,201
992,504,71,201
992,504,71,201
992,503,71,201
992,503,71,201
992,503,71,201
992,502,71,201
992,502,71,201
992,501,71,201
992,501,71,201
992,501,71,201
992,500,71,201
992,500,71,201
992,500,71,201
992,500,71,201
992,500,71,201
992,499,71,201
992,499,71,201
992,499,71,201
992,499,71,201
993,499,74,199
993,498,74,199
993,498,74,199
993,498,74,199
993,498,74,199
993,498,74,199
993,498,74,199
993,498,74,199
993,498,74,199
993,498,74,199
994,498,72,198
994,498,72,198
994,498,72,198
994,498,72,198
994,498,72,198
995,499,72,198
995,499,72,198
995,499,72,198
995,499,72,198
995,499,72,198
996,500,70,194
996,499,70,194
996,498,70,194
996,497,70,194
997,496,70,194
997,496,70,194
997,495,70,194
998,494,70,194
998,493,70,194
998,492,70,194
999,492,67,198
998,491,67,198
998,490,67,198
998,490,67,198
998,489,67,198
998,489,67,198
997,488,67,198
997,487,67,198
997,487,67,198
997,486,67,198
997,486,70,194
997,486,70,194
998,487,70,194
998,487,70,194
999,488,70,194
999,489,70,194
1000,489,70,194
1000,490,70,194
1001,490,70,194
1001,491,70,194
1002,492,69,198
1002,491,69,198
1003,491,69,198
1003,491,69,198
1004,491,69,198
1005,491,69,198
1005,490,69,198
1006,490,69,198
1006,490,69,198
1007,490,69,198
1008,490,64,188
1008,489,64,188
1008,489,64,188
1008,488,64,188
1008,488,64,188
1008,488,64,188
1008,487,64,188
1008,487,64,188
1008,486,64,188
1008,486,64,188
1008,486,67,193
1008,485,67,193
1008,484,67,193
1008,484,67,193
1008,483,67,193
1008,483,67,193
1008,482,67,193
1008,481,67,193
1008,481,67,193
1008,480,67,193
1009,480,69,198
1008,479,69,198
1008,479,69,198
1008,479,69,198
1008,478,69,198
1008,478,69,198
1007,478,69,198
1007,477,69,198
1007,477,69,198
1007,477,69,198
1007,477,73,197
1007,477,73,197
1008,477,73,197
1009,478,73,197
1009,478,73,197
1010,479,73,197
1011,479,73,197
1011,479,73,197
1012,480,73,197
1013,480,73,197
1014,481,70,185
1012,474,70,185
1010,468,70,185
1008,461,70,185
1007,455,70,185
1005,449,70,185
1003,442,70,185
1002,436,70,185
1000,429,70,185
998,423,70,185
997,417,58,166
996,417,58,166
996,417,58,166
996,418,58,166
996,418,58,166
996,419,58,166
996,419,58,166
996,419,58,166
996,420,58,166
996,420,58,166
996,421,62,166
996,419,62,166
996,418,62,166
996,417,62,166
996,415,62,166
996,414,62,166
996,413,62,166
996,411,62,166
996,410,62,166
996,409,62,166
996,408,59,170
995,406,59,170
995,405,59,170
995,403,59,170
995,402,59,170
995,401,59,170
994,399,59,170
994,398,59,170
994,396,59,170
994,395,59,170
994,394,64,170
994,392,64,170
995,390,64,170
996,388,64,170
997,387,64,170
998,385,64,170
999,383,64,170
1000,382,64,170
1001,380,64,170
1002,378,64,170
1003,377,55,158
1002,374,55,158
1002,371,55,158
1002,368,55,158
1001,365,55,158
1001,362,55,158
1001,359,55,158
1000,356,55,158
1000,353,55,158
1000,350,55,158
1000,348,58,162
1000,346,58,162
1000,344,58,162
1000,342,58,162
1000,341,58,162
1000,339,58,162
1000,337,58,162
1000,336,58,162
1000,334,58,162
1000,332,58,162
1001,331,57,149
1000,327,57,149
1000,324,57,149
999,321,57,149
999,318,57,149
998,315,57,149
998,311,57,149
997,308,57,149
997,305,57,149
996,302,57,149
996,299,59,151
996,296,59,151
996,294,59,151
996,291,59,151
996,289,59,151
997,286,59,151
997,284,59,151
997,281,59,151
997,279,59,151
997,276,59,151
998,274,60,145
997,284,60,145
997,295,60,145
997,306,60,145
996,317,60,145
996,328,60,145
996,338,60,145
995,349,60,145
995,360,60,145
995,371,60,145
995,382,53,134
995,399,53,134
995,417,53,134
995,435,53,134
996,453,53,134
996,471,53,134
996,488,53,134
997,506,53,134
997,524,53,134
997,542,53,134
998,560,52,127
998,563,52,127
998,567,52,127
998,571,52,127
998,574,52,127
998,578,52,127
998,582,52,127
998,585,52,127
998,589,52,127
998,593,52,127
999,597,53,125
998,594,53,125
998,591,53,125
997,588,53,125
997,585,53,125
997,582,53,125
996,579,53,125
996,576,53,125
995,573,53,125
995,570,53,125
995,568,53,130
994,565,53,130
994,562,53,130
994,560,53,130
994,557,53,130
994,555,53,130
994,552,53,130
994,549,53,130
994,547,53,130
994,544,53,130
994,542,54,128
994,539,54,128
994,537,54,128
994,535,54,128
994,532,54,128
995,530,54,128
995,528,54,128
995,525,54,128
995,523,54,128
995,521,54,128
996,519,44,119
996,519,44,119
996,519,44,119
996,519,44,119
