1667,863,188,207
1661,859,195,202
1656,856,197,203
1652,852,199,206
1650,851,199,207
1648,847,198,208
1642,843,201,209
1640,841,200,207
1638,839,200,207
1634,836,201,207
1633,835,199,207
1628,832,201,208
1625,829,201,209
1622,827,200,207
1619,826,201,203
1616,825,201,202
1616,824,198,202
1613,821,198,202
1609,819,200,201
1607,816,199,201
1603,813,199,200
1600,812,199,199
1599,811,199,199
1595,808,200,200
1594,806,198,200
1591,804,198,200
1587,800,199,202
1584,800,200,200
1584,799,198,200
1579,797,199,200
1577,795,199,198
1575,793,196,200
1571,791,198,198
1570,789,196,198
1570,788,195,196
1565,787,197,195
1562,785,198,196
1560,783,197,196
1556,782,198,196
1556,780,196,196
1555,777,194,198
1551,775,195,199
1548,774,195,197
1546,773,195,197
1542,771,196,197
1540,769,197,199
1539,768,195,199
1537,766,194,196
1534,765,195,195
1530,763,196,197
1526,761,197,197
1524,759,196,197
1524,760,193,195
1521,759,194,195
1518,757,194,195
1516,755,194,195
1513,754,195,196
1510,753,196,196
1510,753,194,196
1508,751,193,197
1506,751,192,195
1503,749,193,194
1501,747,191,193
1496,747,195,194
1496,746,192,194
1492,744,193,194
1491,743,192,193
1487,742,194,193
1484,740,193,195
1482,740,192,193
1482,739,193,192
1477,738,194,195
1474,737,196,194
1472,734,194,196
1471,734,193,194
1467,733,196,194
1466,732,194,196
1465,732,194,194
1465,734,190,189
1461,733,192,189
1460,733,190,188
1457,731,190,188
1457,730,189,188
1454,730,187,187
1453,729,187,186
1452,729,186,186
1448,728,186,187
1445,727,187,186
1444,726,186,188
1441,724,186,189
1438,719,188,193
1435,718,188,194
1432,714,187,195
1430,713,188,198
1428,713,188,196
1427,715,186,194
1426,716,186,191
1422,716,187,190
1419,715,188,190
1418,715,186,191
1418,714,186,191
1416,713,184,190
1411,710,187,194
1410,708,187,195
1408,708,186,195
1405,708,187,196
1402,707,187,194
1399,706,186,195
1399,707,185,195
1396,706,187,196
1394,705,186,196
1391,708,185,190
1388,705,186,193
1387,705,184,193
1385,705,185,192
1382,705,186,193
1379,702,187,195
1377,704,187,194
1376,704,185,193
1375,704,184,192
1372,703,184,192
1368,703,184,192
1366,701,183,193
1363,701,183,191
1360,701,185,191
1357,699,187,193
1357,699,183,192
1353,696,185,194
1352,695,183,197
1349,696,182,197
1347,695,182,199
1345,694,181,202
1344,692,179,203
1342,694,179,200
1339,692,181,201
1338,694,180,201
1337,692,181,202
1334,690,180,204
1333,691,179,200
1331,692,179,197
1328,693,179,195
1326,695,178,194
1329,698,175,188
1325,699,177,187
1321,702,179,186
1319,701,179,185
1317,699,177,186
1315,697,177,189
1313,695,179,189
1310,694,180,190
1244,770,260,247
951,770,186,232
952,759,182,215
949,750,187,220
948,741,182,215
948,733,181,214
943,724,184,216
940,714,184,213
939,703,182,212
936,693,182,213
934,683,184,214
930,675,183,210
928,664,182,213
928,655,180,212
923,644,182,214
923,638,182,210
919,625,182,211
916,616,182,210
915,610,183,209
911,599,182,209
910,588,183,209
908,580,183,209
904,568,183,206
901,561,184,207
897,557,186,209
896,556,185,209
893,555,186,210
891,554,184,209
887,551,185,207
884,548,185,210
882,546,185,210
881,549,186,209
878,547,187,206
875,545,188,205
874,545,185,205
869,543,187,205
870,542,187,206
866,539,187,206
864,535,184,209
861,532,186,209
857,532,186,210
855,531,186,205
854,529,187,205
852,527,185,207
852,526,181,208
847,522,184,209
844,524,184,208
840,523,185,205
840,522,185,205
838,522,185,203
835,518,184,206
833,518,185,206
830,518,185,206
829,515,185,207
827,515,185,205
823,514,185,207
823,513,183,206
819,511,184,206
816,510,182,205
814,507,183,206
812,507,184,206
810,507,183,205
808,504,182,203
807,506,179,203
803,502,181,205
800,503,180,204
799,499,181,207
795,499,181,203
794,497,183,205
792,498,181,204
788,495,182,205
787,496,181,203
786,494,180,206
782,493,181,202
782,491,181,207
778,489,180,206
776,490,182,206
771,487,183,207
771,485,181,208
769,484,179,210
766,485,181,205
764,483,181,211
761,483,180,206
759,483,179,209
757,483,180,206
755,481,181,208
752,481,180,207
750,480,180,205
748,477,181,208
746,477,181,208
743,478,181,203
740,476,181,206
739,476,180,201
737,476,181,201
735,475,177,205
730,471,178,209
731,472,178,206
726,473,179,203
724,469,180,207
723,469,178,202
721,469,177,203
718,463,178,208
717,465,178,208
716,464,176,205
712,462,177,207
711,465,177,204
712,460,176,209
714,460,175,209
715,460,175,210
716,460,174,208
715,458,177,209
716,457,175,209
715,457,177,208
714,456,176,207
711,454,177,208
710,451,176,211
709,448,175,215
707,448,174,213
707,445,175,216
706,446,174,211
705,444,174,213
705,442,174,213
705,446,175,206
706,445,174,208
705,444,176,207
705,444,175,208
705,440,173,212
704,441,173,210
702,442,171,209
700,444,173,207
698,445,174,204
697,442,175,207
696,442,175,209
696,442,173,210
697,444,174,206
698,444,173,207
698,445,172,204
698,445,172,203
699,444,172,205
698,444,172,205
697,443,173,207
699,444,171,206
696,437,173,211
697,436,172,212
697,438,171,210
697,440,173,209
697,437,172,214
697,437,172,213
697,437,173,213
697,439,172,209
699,439,172,210
699,439,171,209
699,440,170,209
701,440,170,210
699,438,170,208
700,440,169,205
700,439,170,207
700,441,171,202
698,440,172,201
698,437,173,205
699,436,170,207
699,437,167,204
697,437,170,205
696,435,170,205
695,434,168,206
692,435,168,203
690,433,168,209
689,435,166,204
687,434,167,207
685,432,166,209
685,433,166,209
682,432,166,209
682,430,166,213
678,434,165,208
678,433,164,210
677,432,164,209
674,432,165,208
673,435,164,204
671,430,166,210
670,435,165,204
667,436,164,202
667,434,163,204
664,434,162,203
665,435,162,203
662,434,162,206
661,433,160,206
660,435,160,204
660,433,160,205
661,434,160,203
666,434,158,206
670,430,161,208
676,431,159,205
680,428,160,208
686,430,157,205
689,429,159,206
693,429,156,206
695,428,159,209
699,430,156,203
700,429,157,207
701,426,159,210
704,427,156,203
705,426,156,207
706,426,156,207
706,425,158,210
703,426,159,206
703,426,157,206
701,424,157,208
699,424,159,210
699,426,156,207
695,423,158,208
695,422,157,209
695,424,156,205
690,423,158,208
689,421,158,208
688,425,157,205
686,421,158,208
685,422,156,208
683,420,157,210
682,420,156,209
681,420,156,209
679,417,155,211
678,416,154,210
676,417,155,210
676,417,155,210
672,417,155,209
673,416,155,210
670,417,154,208
667,415,156,210
666,416,155,207
666,417,155,208
663,415,155,207
663,416,155,207
661,416,156,207
659,416,157,208
658,415,157,206
655,415,157,209
654,413,155,209
654,414,157,207
651,413,156,209
651,414,156,207
649,414,158,208
648,412,157,209
646,412,156,209
644,412,155,207
642,411,156,210
641,411,153,209
639,411,154,208
638,411,153,208
637,411,152,210
634,411,154,207
634,411,152,207
631,410,153,208
629,410,154,208
630,411,152,207
627,410,153,209
625,409,154,209
623,409,153,208
622,408,154,209
621,407,155,210
620,407,154,209
620,407,154,209
618,406,155,210
617,407,155,208
616,407,154,208
614,406,155,207
615,407,153,207
612,406,156,208
611,407,155,207
609,406,156,208
610,406,156,208
607,406,158,207
605,406,160,208
605,406,158,207
603,404,159,209
601,404,162,209
601,405,161,208
599,405,163,208
598,404,163,208
596,404,163,207
596,403,161,208
588,401,158,207
591,401,154,206
590,401,155,210
588,400,156,209
588,400,155,208
587,400,155,208
585,400,155,208
585,399,155,209
585,399,156,212
584,399,157,211
582,399,156,210
582,398,155,212
580,398,157,211
582,398,154,207
582,396,154,212
586,398,152,210
587,396,153,210
591,398,151,210
592,397,153,213
595,396,152,214
597,396,151,212
597,395,152,213
598,395,151,212
597,396,151,211
596,396,152,209
596,398,151,209
596,398,152,209
597,399,151,208
594,399,153,208
592,398,153,208
593,400,151,209
592,399,152,207
590,399,152,207
590,399,153,209
589,399,153,207
587,398,152,208
587,399,151,211
585,397,152,210
584,396,153,210
583,396,152,215
582,395,152,214
581,398,152,212
579,398,151,210
577,399,152,211
576,400,150,210
575,399,151,211
574,399,151,212
573,401,150,211
571,399,151,209
571,399,150,213
568,401,150,210
568,400,150,210
566,400,150,212
565,401,150,213
565,401,149,210
563,401,149,214
563,401,150,210
561,402,149,211
560,403,149,212
559,403,149,209
557,403,150,213
559,404,147,214
557,404,146,213
553,404,148,211
554,405,147,214
554,405,147,213
551,405,147,213
551,405,148,213
550,405,148,214
550,407,147,214
548,407,147,213
548,407,147,213
549,407,146,216
547,408,147,213
547,409,146,214
546,408,147,211
547,409,146,215
546,410,147,215
546,410,146,217
545,410,146,214
545,410,147,216
544,410,146,214
544,410,146,216
545,412,145,215
544,412,145,214
544,411,146,217
545,413,145,215
545,413,146,218
545,414,146,215
545,415,146,217
545,415,147,214
546,416,146,218
546,417,147,218
546,417,147,217
546,417,147,218
546,419,147,215
546,420,147,218
547,420,147,215
547,420,148,217
549,420,146,217
549,420,144,218
550,420,146,220
551,422,147,217
552,423,147,217
552,422,146,217
554,422,146,221
554,423,145,219
554,424,146,219
554,424,144,218
555,426,147,216
556,430,146,214
556,428,145,218
556,431,146,215
557,433,146,214
558,436,146,213
556,436,148,214
557,436,148,215
556,435,149,216
556,436,149,217
555,436,148,217
554,436,148,220
553,436,147,217
553,437,147,219
552,439,149,219
552,441,147,217
551,441,149,218
551,442,146,218
550,444,148,218
548,445,147,218
547,446,148,218
546,447,149,217
546,447,148,218
545,447,149,222
546,449,148,221
544,450,148,221
543,449,148,225
543,450,149,222
542,451,148,223
540,452,150,219
540,455,149,220
539,455,150,222
540,460,148,217
537,459,151,218
538,459,151,217
538,460,149,221
537,463,150,219
536,462,149,221
536,463,150,223
536,465,151,220
535,465,149,222
535,468,148,220
534,468,149,221
533,470,148,218
533,471,150,220
533,472,148,220
534,474,147,218
534,476,148,219
533,478,150,220
534,476,148,220
534,477,148,224
533,475,149,226
534,477,147,229
534,479,147,229
533,480,147,228
534,483,147,230
534,487,147,225
535,490,146,224
534,494,147,219
533,495,150,219
534,497,149,217
536,499,148,219
535,500,150,218
535,501,150,219
536,502,150,219
538,503,150,222
538,505,148,220
539,509,149,217
540,510,149,220
539,511,151,221
540,512,150,222
541,513,151,223
542,517,150,222
543,519,151,222
544,520,151,224
545,521,151,223
547,521,152,226
548,523,151,225
551,527,150,224
551,528,151,224
551,530,152,224
552,532,153,223
552,532,152,222
552,536,152,218
554,536,151,220
555,537,151,221
556,537,152,221
557,539,151,220
558,539,152,222
560,540,152,223
561,543,154,221
563,542,155,224
564,543,156,225
566,544,158,226
568,545,161,225
571,545,161,224
574,548,163,225
578,549,163,226
580,550,160,226
578,553,170,222
579,555,173,224
588,558,168,225
584,557,172,232
622,582,153,223
627,580,152,226
629,580,154,226
635,586,151,221
637,586,152,225
640,590,150,225
641,595,152,221
640,594,155,225
558,475,154,261
558,474,156,262
556,476,157,261
555,477,155,261
554,478,156,261
554,479,155,260
552,481,156,259
553,482,155,260
552,482,156,261
550,483,157,260
549,484,158,262
550,484,158,262
547,485,158,262
547,485,159,262
545,486,159,261
546,486,160,260
543,485,160,261
545,486,158,263
543,485,160,263
543,485,157,263
542,486,159,261
543,485,158,263
543,484,157,264
542,484,158,263
542,483,157,263
541,484,158,262
543,483,157,262
542,483,157,263
542,481,160,264
544,481,159,265
543,479,160,265
543,477,160,265
545,478,158,263
545,477,159,264
545,474,162,264
547,476,158,262
546,472,159,263
548,469,157,264
548,468,157,264
552,468,156,263
551,467,159,263
553,466,159,262
554,465,159,261
555,463,158,262
556,462,159,261
560,460,156,262
559,456,159,263
559,455,160,264
558,451,159,266
552,449,158,266
549,449,158,264
539,447,161,265
524,442,164,268
513,444,162,265
502,444,160,264
482,444,165,260
478,443,167,261
464,440,165,263
449,435,166,266
436,433,164,266
422,420,168,279
410,424,164,273
406,432,168,264
391,421,166,269
380,415,165,275
370,418,162,269
361,419,163,266
349,418,164,266
348,419,168,264
338,416,164,263
332,414,168,262
328,416,161,258
320,414,165,256
315,412,165,256
310,410,166,259
303,406,168,256
300,402,167,258
295,399,169,258
290,398,165,255
286,395,167,256
286,394,167,257
281,391,168,254
282,389,166,254
278,386,166,252
280,385,163,248
275,380,167,253
275,380,166,250
274,375,168,249
271,371,171,251
270,368,169,249
267,366,171,246
269,364,169,244
267,361,169,248
264,355,170,250
260,353,170,247
259,349,171,247
254,346,174,249
253,346,171,242
251,342,171,244
249,337,173,247
245,338,171,240
245,332,170,244
242,326,169,245
242,324,169,243
239,323,169,245
236,320,169,241
235,317,170,238
233,314,171,240
229,309,172,237
230,309,168,238
228,304,169,239
225,303,171,238
224,301,169,235
221,297,170,239
220,294,170,236
216,292,170,238
215,290,167,236
210,286,169,237
204,285,170,234
199,281,170,234
193,275,172,237
184,273,173,236
181,268,171,239
175,268,174,239
169,267,172,232
163,262,174,234
161,263,170,233
153,259,172,231
146,256,174,230
143,254,174,232
137,252,175,230
130,249,176,229
126,247,176,230
121,246,174,224
115,240,176,233
113,240,177,227
105,242,180,223
102,238,178,224
99,235,178,221
94,231,182,223
89,231,183,219
87,229,183,218
86,225,181,219
85,221,180,224
85,217,181,222
84,213,179,223
82,210,179,223
84,210,180,222
81,210,183,217
80,206,183,217
78,203,186,218
78,198,186,220
77,193,187,220
75,189,186,223
78,189,183,222
78,187,182,221
76,182,182,221
75,182,185,216
75,176,187,220
75,173,185,220
77,173,183,220
77,170,184,217
78,167,185,218
78,166,183,214
77,159,183,220
77,158,183,221
74,153,182,220
70,153,183,216
69,149,185,218
65,146,185,220
61,144,184,218
59,142,184,220
59,141,184,219
52,136,187,220
46,135,188,220
45,132,187,218
39,127,190,222
35,128,190,221
33,127,189,218
26,125,189,219
25,126,187,214
23,126,186,213
17,123,188,213
15,121,188,214
13,120,186,211
10,117,183,213
8,115,181,213
3,112,186,213
8,111,181,212
4,108,186,214
10,108,183,212
9,100,190,216
15,99,188,215
17,94,191,217
19,91,195,217
23,90,194,217
31,86,193,219
35,83,197,218
43,81,196,216
50,77,194,218
52,72,201,219
58,72,196,218
65,66,195,220
73,65,194,216
78,61,197,218
85,59,197,219
92,55,198,221
98,56,195,217
104,51,196,221
111,46,197,220
115,46,198,217
120,44,197,215
123,36,195,221
124,32,196,223
126,30,198,220
128,26,198,221
127,18,200,226
126,19,199,221
123,15,200,223
118,18,202,218
111,13,203,221
102,13,204,218
92,12,205,217
82,10,206,216
69,11,205,215
57,10,204,219
49,9,206,215
33,8,208,213
22,8,204,212
15,7,202,211
4,6,199,209
1,6,191,210
4,5,180,209
7,7,163,208
3,7,153,205
6,9,141,204
7,10,126,203
6,25,120,187
8,42,107,171
6,40,99,169
4,49,91,158
5,46,82,158
6,47,76,154
5,50,72,150
6,54,67,147
5,54,66,142
5,56,63,138
6,57,57,135
5,57,57,131
6,58,53,129
5,56,51,130
5,56,50,127
5,55,49,125
4,55,48,122
4,51,47,123
4,51,50,123
4,44,52,128
4,38,58,130
5,31,62,134
5,24,68,135
5,11,71,147
6,4,78,152
6,6,81,146
7,4,82,144
7,3,86,144
8,2,86,143
6,2,91,137
7,2,90,136
6,2,95,136
6,2,95,132
6,2,95,131
6,1,96,129
5,1,101,127
0,2,107,123
6,3,101,120
4,2,101,117
3,1,99,115
5,2,93,113
3,2,89,112
5,2,83,109
0,0,82,108
6,1,69,107
4,2,58,106
5,1,46,106
4,1,38,109
1,8,32,104
2,22,43,137
0,77,39,91
0,95,32,88
0,84,39,119
0,88,60,156
29,15,106,137
21,24,204,144
6,1,244,137
13,39,285,223
0,7,281,220
5,12,274,236
8,17,282,228
1,1,239,200
6,21,269,243
4,0,188,217
6,31,223,238
5,4,224,231
8,5,220,239
5,4,219,238
0,3,235,232
0,10,236,240
4,6,230,237
7,9,232,231
6,4,226,228
7,5,230,237
7,15,236,237
6,7,234,231
10,6,234,241
11,6,245,239
11,9,260,240
13,23,262,227
2,6,265,236
23,33,256,218
9,8,255,235
25,31,271,226
14,28,269,216
8,8,278,231
3,10,284,231
7,9,277,230
2,16,288,227
3,12,260,223
30,36,262,221
8,13,241,225
8,5,260,238
5,5,252,245
7,28,255,238
0,10,243,240
12,32,239,224
2,13,177,217
12,8,203,229
0,10,209,216
6,9,213,233
0,9,211,227
4,1,202,220
0,10,214,229
6,6,193,238
4,4,199,230
8,9,197,244
8,5,194,247
8,6,191,241
10,7,183,246
9,9,182,245
11,12,193,243
1,26,202,242
11,7,182,235
9,93,200,163
9,90,203,168
8,21,196,233
2,15,217,239
5,3,203,237
9,11,212,242
2,13,220,243
7,8,220,236
5,36,235,225
6,7,224,228
14,84,237,176
19,82,241,180
23,96,232,162
10,13,216,208
35,81,235,175
67,95,202,157
68,100,207,153
83,114,197,137
74,115,199,136
57,104,222,140
8,11,212,179
90,105,192,143
79,118,216,133
21,27,250,209
7,7,288,219
10,29,317,216
3,1,276,191
0,15,317,189
13,16,337,229
3,7,344,214
8,13,360,221
8,30,340,213
11,0,312,166
9,22,358,193
13,51,383,207
18,5,404,226
22,35,401,224
89,0,354,233
68,8,335,196
20,71,413,234
76,11,348,196
105,53,370,244
126,10,333,195
130,28,350,204
149,17,334,203
152,24,366,228
169,7,317,211
153,21,377,207
164,43,375,226
177,26,382,236
216,15,353,241
171,32,361,202
240,0,300,199
229,20,367,207
244,6,354,215
243,10,346,205
258,14,361,199
272,15,374,210
270,23,358,209
257,13,378,200
282,25,383,207
301,12,362,217
316,19,365,222
326,0,340,196
332,22,381,227
327,9,347,192
351,47,364,207
375,11,347,208
376,11,364,209
385,10,357,205
389,18,384,217
393,23,378,231
366,15,398,214
428,10,373,232
430,33,375,232
450,0,367,233
446,14,374,222
524,13,323,233
462,8,363,207
461,31,397,211
491,0,346,201
497,12,378,230
512,7,372,234
517,8,364,221
535,12,376,229
537,8,363,227
552,13,382,229
554,6,374,233
568,23,381,244
571,0,380,235
574,10,385,234
589,14,390,248
591,37,388,256
610,9,391,267
602,24,410,257
584,18,433,246
659,10,378,257
639,13,380,244
710,33,341,235
661,32,371,245
680,50,403,311
661,13,419,241
675,32,411,257
746,10,340,275
692,17,398,258
710,31,417,262
710,84,426,279
710,70,427,282
693,99,442,295
733,20,424,281
699,77,486,301
708,67,480,290
654,120,542,473
497,211,821,868
0,392,853,669
0,438,588,638
78,437,764,642
5,460,845,598
0,483,707,596
0,486,593,593
84,518,753,561
4,430,732,649
0,389,742,690
46,398,694,681
0,456,410,623
0,510,500,569
76,480,578,599
0,531,492,548
0,731,390,348
0,773,223,306
13,824,187,247
0,850,146,223
9,862,139,211
9,860,151,213
4,867,166,205
10,869,168,204
8,870,187,199
1,872,198,198
7,876,207,191
3,720,135,282
16,725,131,310
15,737,137,298
14,741,147,301
12,741,148,304
13,741,136,317
13,739,142,329
13,741,144,330
11,743,161,328
8,749,173,325
7,749,180,327
7,751,174,327
9,753,184,322
6,743,185,283
8,751,179,293
6,748,184,295
10,758,190,294
8,769,199,303
8,779,209,294
8,787,224,283
8,794,230,276
1,799,255,269
0,806,249,261
4,812,233,253
0,824,259,241
0,833,245,235
0,839,254,231
0,846,259,225
2,861,223,218
0,866,294,205
0,877,287,199
0,886,290,188
0,892,292,184
2,901,302,177
1,908,309,171
0,915,317,164
0,925,318,154
0,933,305,146
3,946,298,133
11,960,276,119
30,969,246,110
42,978,231,101
56,984,221,95
75,995,189,84
82,1002,183,77
102,1011,165,68
121,1020,136,59
136,1030,118,49
151,1039,103,40
166,1052,86,27
179,1057,61,22
197,1059,49,20
168,1032,76,44
127,981,136,92
64,920,187,148
15,903,199,176
92,857,300,218
42,782,390,271
18,718,502,357
118,529,684,549
969,270,334,319
991,315,256,214
993,325,261,216
994,329,265,214
997,333,266,217
1000,340,267,216
1002,343,266,217
1007,346,266,218
1008,351,264,218
1011,357,266,218
1013,362,266,217
1016,366,267,221
1019,371,266,218
1021,375,271,223
1024,380,265,218
1024,383,270,225
1028,390,268,220
1031,394,269,222
1035,400,267,220
1036,403,269,226
1038,409,266,220
1043,412,266,221
1045,416,267,224
1046,421,268,220
1048,425,273,227
1053,430,271,226
1053,435,269,224
1055,439,271,225
1058,445,271,225
1061,452,269,226
1062,458,272,222
1067,460,270,226
1069,464,270,228
1071,470,271,225
1075,476,270,227
1077,482,271,226
1077,488,271,226
1080,494,273,226
1080,497,273,224
1086,503,269,226
1088,507,271,229
1090,513,271,231
1090,517,275,228
1094,524,275,232
1094,526,273,229
1100,536,273,231
1100,537,274,232
1101,543,276,230
1107,552,275,230
1107,556,278,230
1109,560,279,230
1114,567,277,233
1114,571,280,232
1121,577,276,234
1120,581,279,233
1122,586,280,237
1121,589,281,235
1129,601,278,234
1129,602,280,235
1131,607,282,239
1134,614,283,241
1136,619,284,238
1138,624,284,240
1142,631,282,237
1143,636,283,240
1144,642,284,238
1147,647,285,240
1148,653,285,238
1151,660,285,242
1153,664,287,242
1155,669,285,245
1160,676,284,242
1159,681,287,244
1165,688,285,243
1163,693,289,246
1165,698,286,245
1168,704,289,245
1170,710,288,244
1172,718,289,243
1175,722,290,244
1177,727,292,248
1176,734,290,244
1181,744,291,242
1180,746,293,243
1186,755,293,246
1185,755,293,249
1192,763,290,247
1192,772,290,251
1198,774,290,250
1197,780,293,258
1198,785,293,258
1201,787,296,265
1203,794,295,259
1205,798,295,258
1204,801,296,258
1208,808,296,253
1204,809,300,255
1206,813,299,254
1209,821,294,250
1207,822,300,249
1209,829,297,243
1211,832,295,241
1211,834,296,240
1213,839,293,237
1212,842,296,233
1212,845,295,230
1215,849,294,226
1212,850,296,226
1214,854,294,221
1216,856,291,219
1217,858,288,217
1218,862,288,215
1217,865,288,212
1217,866,290,212
1215,869,289,208
1216,871,290,205
1217,875,289,203
1216,875,289,204
1215,875,289,203
1216,879,290,200
1216,881,290,197
1216,882,291,197
1216,883,288,195
1214,885,290,193
1214,886,291,192
1212,886,293,192
1211,887,293,192
1212,887,292,192
1210,887,292,192
1209,887,294,192
1209,888,293,191
1207,886,295,193
1205,886,295,193
1206,886,292,193
1207,886,293,193
1204,885,296,194
1206,882,292,197
1205,883,290,196
1203,879,292,198
1202,882,292,197
1201,879,290,199
1200,878,291,198
1200,879,290,199
1198,876,293,200
1197,874,291,204
1194,871,291,206
1195,866,293,209
1193,863,289,214
1189,860,293,217
1189,858,296,219
1189,852,293,224
1186,845,295,229
1182,841,299,235
1184,832,298,243
1183,821,297,252
1182,815,297,254
1182,812,297,253
1179,796,297,263
1183,788,293,258
1177,779,300,264
1179,767,293,260
1175,753,296,256
1174,744,296,250
1173,730,295,252
1171,722,294,246
1170,713,293,249
1168,711,293,248
1165,710,294,248
1167,709,294,249
1164,709,294,248
1162,708,293,247
1161,708,293,246
1160,707,292,248
1159,706,292,247
1158,704,292,248
1157,704,292,249
1153,701,294,249
1151,701,293,250
1151,700,292,246
1147,700,293,247
1145,698,293,247
1145,698,292,247
1144,696,291,247
1143,695,292,248
1141,694,293,247
1140,693,292,248
1139,693,292,247
1134,691,294,247
1135,691,291,247
1130,689,294,248
1131,687,291,249
1127,686,293,250
1128,685,290,248
1125,683,293,247
1122,683,294,247
1119,682,293,245
1118,681,291,246
1116,679,290,246
1116,679,290,245
1111,676,291,245
1113,674,287,248
1109,674,290,248
1106,672,290,247
1104,671,291,247
1103,669,291,249
1099,666,291,247
1102,665,286,246
1098,663,290,248
1094,663,291,246
1092,662,290,246
1089,660,291,246
1089,658,289,248
1087,658,291,246
1085,656,290,246
1083,654,292,246
1080,653,292,245
1077,652,292,245
1074,649,294,245
1073,648,296,247
1070,647,296,246
1067,646,298,245
1065,644,299,246
1063,641,299,246
1059,640,300,248
1054,637,302,248
1052,636,299,247
1052,635,298,247
1046,633,302,246
1049,633,299,246
1044,632,302,245
1043,630,302,246
1039,629,301,245
1036,626,300,245
1035,624,300,246
1032,623,302,247
1033,621,300,247
1028,619,301,247
1025,618,300,244
1022,615,298,244
1017,613,301,250
1018,612,297,246
1014,608,299,248
1014,607,297,245
1009,603,299,248
1007,602,298,248
1002,599,299,249
1000,597,297,249
1000,596,294,248
997,593,294,250
997,592,290,249
992,591,291,246
997,592,280,237
993,587,283,240
990,585,284,240
986,583,287,240
985,581,284,240
983,580,284,241
980,579,285,239
976,576,285,239
972,574,286,240
972,573,284,239
966,568,284,240
971,567,279,241
962,564,285,240
962,564,284,238
959,564,283,238
955,561,284,238
954,559,283,238
950,556,284,239
946,554,284,238
945,553,281,239
941,552,283,236
938,550,283,235
937,550,282,233
932,545,284,236
931,543,281,236
928,539,285,238
925,536,283,238
923,534,283,240
919,532,282,238
920,531,279,238
916,530,280,235
912,529,284,235
913,528,279,234
908,523,280,235
905,520,280,237
905,519,278,237
901,516,282,237
898,514,279,237
897,512,279,236
892,507,281,239
889,508,280,235
887,500,281,242
888,499,280,242
880,495,282,241
883,492,278,244
876,493,281,239
879,488,276,245
871,487,282,243
871,483,279,247
870,483,278,244
865,479,280,246
866,477,275,247
862,476,277,244
860,476,277,243
858,473,275,244
853,474,278,241
855,466,274,248
849,463,275,249
850,460,274,249
846,463,274,245
843,456,275,247
841,460,272,243
837,453,274,244
838,452,270,245
833,451,273,244
834,448,269,246
829,448,272,243
826,449,272,239
825,444,270,241
822,445,271,238
820,438,272,245
819,442,270,239
813,439,274,239
814,436,272,241
810,434,271,242
808,431,271,240
806,430,272,242
804,428,272,240
800,425,274,243
801,423,269,243
799,420,269,244
796,420,268,241
794,419,269,239
791,416,269,239
789,415,268,241
785,413,270,241
783,413,269,239
781,410,268,239
780,410,267,239
776,407,269,238
776,405,267,238
772,402,268,240
773,401,265,239
768,399,265,238
766,397,265,238
763,394,266,240
764,394,266,237
759,393,262,236
759,389,263,238
757,388,261,236
753,385,264,237
752,383,262,239
751,382,259,238
751,379,260,240
747,379,259,238
746,374,257,239
742,373,256,239
741,371,257,238
738,369,257,237
737,368,256,239
734,365,255,240
733,361,254,241
732,359,253,242
730,357,253,241
726,354,255,244
726,351,252,245
723,350,252,244
722,348,250,244
719,345,249,246
719,343,245,245
719,339,245,248
717,334,243,248
716,334,240,248
716,332,240,248
714,330,238,246
714,329,236,243
712,328,236,245
712,326,232,243
709,323,233,245
708,321,232,248
706,319,231,248
706,319,229,246
704,317,230,247
702,317,228,245
701,315,226,245
701,315,225,243
699,313,223,245
700,312,222,245
699,311,219,245
699,309,217,244
698,307,216,244
696,305,216,245
696,304,212,246
697,303,210,244
697,302,209,244
695,300,208,242
694,298,207,243
693,298,206,244
692,296,205,245
693,295,202,245
692,292,201,247
691,290,200,247
689,289,200,248
688,289,198,249
688,287,197,251
686,287,196,251
686,284,193,250
685,283,193,254
686,281,190,252
685,280,188,257
685,278,185,254
684,277,185,255
685,277,183,254
684,275,181,252
684,273,180,251
684,273,178,250
685,271,176,255
683,270,177,254
683,269,172,253
685,268,171,253
684,266,168,258
682,263,169,257
683,263,166,260
682,262,168,261
681,260,165,261
681,260,166,261
681,259,159,257
681,257,159,258
681,256,158,258
766,444,172,113
777,459,159,99
780,458,157,101
783,465,153,95
785,469,150,92
785,470,152,94
788,473,152,95
787,476,152,94
789,480,151,94
790,482,153,95
791,485,153,94
792,488,152,94
793,492,153,93
794,494,152,94
795,497,150,92
797,498,150,94
797,501,151,93
798,505,150,91
798,507,150,93
800,508,149,96
800,510,150,97
800,516,151,93
800,519,150,92
801,519,149,95
802,521,150,96
802,524,150,98
802,527,149,95
802,530,150,96
803,530,149,95
802,535,151,95
803,537,150,95
803,539,149,96
803,541,149,97
802,543,150,97
803,545,151,98
803,550,149,97
804,551,149,97
798,551,157,100
799,554,153,98
794,555,161,102
795,561,159,101
797,557,157,102
801,560,153,101
802,565,151,99
801,568,152,101
802,570,151,99
801,571,151,99
802,571,150,102
801,572,151,103
803,575,150,102
801,571,152,103
799,575,152,103
801,576,150,99
799,574,150,102
797,573,151,102
797,573,151,103
796,573,152,105
797,575,152,105
797,574,150,104
794,572,149,106
793,570,149,105
792,570,152,104
791,571,150,104
788,569,152,106
785,566,151,106
782,564,151,106
781,563,151,108
778,561,153,109
772,558,154,109
773,560,147,103
766,556,149,105
765,555,147,102
762,552,148,105
759,549,148,104
757,548,146,103
753,544,149,105
751,541,147,105
747,539,147,105
742,536,148,104
739,532,150,106
735,529,151,107
732,527,148,105
731,526,143,102
730,523,143,101
724,518,146,102
723,518,145,101
721,517,143,101
719,513,143,101
715,509,148,104
713,506,148,106
706,502,155,108
701,494,161,117
702,493,158,114
697,489,160,115
700,489,153,111
700,488,150,106
699,483,150,109
699,481,146,108
700,478,143,107
692,472,156,113
694,471,148,108
692,465,150,112
689,461,156,114
692,459,147,110
694,458,144,108
693,454,142,108
694,450,139,109
693,447,139,107
693,443,139,106
692,439,139,105
690,437,143,105
692,434,139,106
692,431,139,105
691,428,140,106
688,422,143,108
687,417,142,108
689,416,140,105
688,411,143,109
688,408,141,106
690,403,138,109
686,397,145,113
689,395,139,108
691,393,138,106
691,388,139,106
687,382,148,112
687,375,148,114
685,369,153,119
691,366,143,113
695,369,134,103
689,360,150,113
695,356,135,111
691,352,148,114
698,349,135,109
699,344,146,112
700,341,140,110
700,338,138,108
703,334,141,112
703,329,139,109
705,319,157,120
704,315,145,119
700,310,152,121
704,307,145,118
709,306,139,113
709,301,143,115
711,297,139,113
711,296,136,109
711,290,145,110
713,286,138,113
713,281,148,115
721,273,159,122
826,137,137,138
821,162,134,112
830,160,129,115
838,129,133,141
843,127,125,142
848,113,122,147
840,142,130,123
851,112,124,145
847,110,127,145
850,105,126,147
853,98,122,151
854,113,123,142
864,90,111,144
866,89,113,151
861,86,118,157
860,83,118,155
859,93,119,148
861,80,117,154
858,107,124,132
857,82,122,151
860,93,120,137
863,64,114,166
859,129,119,97
859,131,114,90
858,120,113,97
857,122,114,95
857,120,114,94
857,116,115,97
857,119,114,92
861,34,105,176
857,6,104,190
860,5,102,196
857,8,104,191
854,2,104,190
855,4,103,195
854,7,106,190
853,5,101,181
852,5,104,185
850,4,105,185
850,4,84,141
850,8,74,102
847,0,76,108
845,0,76,105
842,1,76,98
839,4,77,97
839,6,73,85
838,3,71,74
836,9,71,88
836,5,67,80
832,3,68,91
832,10,71,108
826,19,78,112
835,82,109,92
832,79,109,92
832,78,107,93
829,76,108,94
826,75,110,93
823,74,111,94
821,71,110,96
818,70,110,94
816,71,107,93
814,69,105,94
811,69,105,92
809,68,107,93
806,65,107,95
804,65,107,95
801,63,109,97
799,62,107,98
797,61,104,98
796,63,104,96
793,63,105,92
791,62,104,95
789,61,105,96
787,60,104,95
785,60,104,96
785,59,103,94
781,59,103,94
780,60,103,94
778,59,100,93
777,60,100,91
776,59,100,92
775,60,100,91
774,59,101,95
774,58,102,94
773,58,102,97
774,59,101,94
773,60,101,94
774,60,99,92
774,58,100,94
774,60,99,92
775,60,100,94
778,60,98,92
778,60,98,93
780,60,97,93
782,62,97,93
784,62,97,93
787,60,96,96
789,62,96,95
790,61,97,96
791,61,98,96
793,64,95,94
793,64,97,94
794,64,99,95
797,70,102,91
801,69,100,94
804,70,98,93
805,74,98,92
806,70,97,97
807,74,98,93
810,77,98,93
811,76,98,97
811,71,98,103
814,79,97,97
814,74,98,102
817,76,99,102
820,75,99,105
821,82,99,99
822,82,96,99
821,77,99,106
823,80,104,112
823,84,111,115
825,83,109,116
827,83,106,116
827,90,107,113
831,97,105,106
825,89,112,122
833,89,102,115
826,100,108,116
834,98,103,113
837,100,98,112
835,102,104,110
832,109,109,113
836,107,107,110
828,117,118,122
837,112,115,127
840,125,132,145
814,143,181,160
908,302,245,246
903,302,250,249
901,300,249,254
901,302,246,255
900,303,248,254
901,305,244,252
898,308,244,253
896,308,245,255
896,310,244,256
894,312,244,255
892,314,245,253
893,318,242,252
889,321,245,255
887,325,244,251
887,328,243,251
887,330,242,254
887,331,241,253
886,333,241,253
884,335,242,252
882,336,242,254
882,340,241,253
882,343,239,254
881,344,238,254
880,346,239,252
881,347,238,251
880,350,236,253
880,353,236,252
879,356,234,253
876,357,237,253
877,359,234,254
875,362,237,252
875,364,234,253
874,366,234,254
873,370,233,254
872,371,232,254
872,375,230,252
871,377,230,253
869,381,233,252
869,381,231,255
867,385,231,255
869,386,229,256
866,388,230,256
867,392,228,254
864,393,228,257
864,396,228,258
863,399,229,256
863,402,228,256
860,403,230,256
861,405,227,259
859,408,229,256
859,410,227,258
860,413,224,256
859,416,222,255
859,418,222,256
858,421,223,255
858,422,222,260
857,424,224,260
857,427,223,258
856,429,223,261
857,432,222,259
858,433,221,262
857,435,222,264
859,437,219,266
859,438,221,267
858,443,221,265
858,443,221,266
860,447,219,263
860,449,220,267
860,450,220,269
860,453,219,269
860,457,219,267
860,458,219,269
860,461,219,270
860,464,221,268
861,467,219,268
861,470,217,269
862,473,215,269
862,475,217,268
862,479,217,268
864,482,216,268
865,483,214,269
865,486,215,270
865,485,212,273
866,489,211,270
866,494,212,269
866,494,212,272
867,499,211,273
869,496,208,278
868,502,209,273
869,503,209,276
870,507,209,274
871,507,207,279
871,509,207,280
871,511,207,280
870,516,207,278
871,514,207,281
872,523,206,276
872,521,206,284
874,526,204,280
874,529,202,280
875,534,202,281
875,535,204,282
875,538,204,281
877,541,201,281
877,545,201,279
878,548,198,282
878,551,200,283
878,553,202,282
876,557,203,282
877,558,202,284
878,563,202,281
880,566,199,280
880,570,199,279
881,572,198,280
882,574,200,281
884,578,198,282
885,581,198,282
886,584,198,285
887,587,198,285
887,590,198,284
890,592,198,286
891,595,199,286
892,599,198,285
893,601,199,289
894,605,199,287
896,608,199,286
898,610,198,289
900,613,200,288
902,619,197,286
905,620,196,289
907,623,197,291
909,627,198,289
911,629,198,294
913,634,199,289
917,637,197,291
920,641,197,292
923,644,195,293
925,646,197,294
927,652,197,292
930,655,197,294
934,658,196,297
936,661,197,297
939,665,198,298
941,667,199,296
946,671,196,297
949,676,196,297
952,679,197,300
956,684,196,299
961,687,195,299
963,691,196,296
967,694,194,301
970,697,194,301
972,701,194,301
974,706,198,301
979,711,194,302
982,712,196,302
984,716,195,306
986,720,196,312
990,724,195,310
993,730,193,308
997,733,194,307
999,736,194,308
1002,741,193,309
1004,747,196,306
1008,750,194,313
1013,753,191,312
1015,758,194,309
1017,762,196,307
1021,766,194,304
1024,771,193,301
1027,776,192,296
1030,780,194,292
1033,785,193,289
1034,786,195,287
1038,792,194,282
1041,794,192,281
1043,799,190,276
1048,802,187,272
1050,807,185,270
1052,808,187,267
1054,812,189,262
1059,816,188,259
1062,820,186,253
1067,825,182,251
1070,827,180,247
1070,829,186,248
1075,833,180,239
1078,835,176,237
1081,839,177,237
1084,842,176,234
1088,845,173,231
1088,847,176,228
1093,851,172,223
1095,853,170,221
1099,857,170,219
1102,860,169,214
1106,863,171,211
1107,864,172,210
1112,868,166,206
1115,872,164,202
1120,875,160,199
1122,877,163,197
1125,879,162,195
948,822,163,236
926,779,222,285
904,692,349,342
1192,369,140,299
1194,385,134,263
1194,388,135,263
1194,388,134,262
1193,387,135,263
1195,387,134,262
1195,387,134,262
1195,387,133,262
1195,387,137,264
1197,387,134,262
1196,388,137,263
1196,387,136,262
1196,387,134,261
1196,389,137,265
1197,387,135,263
1197,386,135,264
1197,386,135,265
1198,386,134,263
1199,389,136,265
1198,389,134,262
1198,389,137,262
1199,390,136,264
1199,390,136,264
1199,390,138,264
1199,391,136,262
1199,393,136,260
1200,394,135,264
1200,394,135,264
1201,394,136,262
1201,395,134,263
1202,397,136,263
1201,396,137,262
1202,397,137,262
1201,397,136,264
1201,398,138,265
1201,397,137,263
1202,398,136,265
1202,398,137,262
1202,398,137,261
1204,400,137,262
1204,401,139,260
1204,400,140,261
1205,401,136,259
1205,402,137,262
1204,404,140,263
1204,404,140,263
1204,405,140,261
1205,405,139,262
1206,406,139,262
1206,408,138,263
1206,409,140,260
1206,408,140,263
1206,410,139,263
1207,411,137,264
1208,411,137,262
1207,412,139,263
1207,412,139,262
1207,413,141,263
1207,413,139,264
1207,415,139,263
1207,414,137,263
1209,417,138,263
1207,417,141,261
1207,417,140,267
1208,419,139,265
1207,420,139,265
1208,421,140,265
1209,421,139,265
1209,422,140,264
1208,423,140,265
1209,424,139,263
1209,425,140,264
1209,426,140,263
1207,426,142,266
1209,427,140,264
1208,429,140,266
1208,431,141,264
1208,431,142,264
1207,432,143,263
1207,434,143,263
1206,433,144,266
1208,435,141,265
1206,435,143,262
1205,436,142,262
1207,439,142,264
1205,439,147,266
1206,439,145,266
1205,440,146,266
1205,442,145,266
1205,442,149,266
1204,444,147,267
1205,446,146,265
1206,447,146,266
1206,448,143,264
1206,451,145,265
1207,451,144,265
1205,453,145,265
1205,455,145,265
1207,456,145,267
1204,456,146,267
1205,457,146,268
1204,459,146,267
1205,460,145,269
1204,462,148,268
1206,464,146,268
1204,464,147,267
1205,465,148,269
1206,466,147,270
1205,466,149,270
1206,467,149,272
1206,469,148,275
1208,471,147,273
1207,472,148,271
1208,473,148,270
1206,473,147,270
1207,476,148,271
1208,478,145,271
1207,479,146,271
1206,480,148,269
1206,481,148,272
1207,482,148,271
1203,484,152,272
1205,485,150,273
1205,488,149,270
1205,489,150,267
1204,491,150,271
1207,493,148,269
1205,493,149,269
1205,495,149,270
1206,498,150,268
1204,500,152,268
1204,501,152,269
1203,503,154,268
1202,502,156,270
1203,504,154,272
1204,506,151,272
1203,508,152,271
1204,509,153,272
1207,511,148,270
1206,512,151,272
1204,513,153,272
1203,514,152,272
1201,516,154,274
1204,518,152,274
1202,519,153,273
1203,521,151,271
1204,524,151,274
1205,526,149,274
1206,527,149,273
1205,529,151,275
1205,530,151,273
1205,531,153,273
1204,533,152,271
1204,534,153,274
1203,537,154,271
1203,537,153,273
1203,539,155,273
1204,539,151,273
1205,542,151,275
1204,545,152,273
1203,547,153,273
1204,549,152,271
1204,549,154,273
1206,549,151,274
1203,551,154,275
1204,553,152,277
1204,555,152,275
1204,556,152,276
1204,558,153,274
1203,559,155,276
1204,560,154,276
1204,563,155,276
1204,564,155,275
1202,567,154,275
1204,568,154,275
1203,570,153,276
1203,572,153,275
1203,574,154,276
1202,575,156,276
1201,576,154,277
1200,577,156,277
1201,581,157,278
1202,582,155,278
1201,583,156,277
1202,584,156,279
1203,588,156,279
1203,589,154,276
1205,592,154,277
1204,594,153,277
1204,596,155,275
1203,597,156,277
1203,598,156,277
1205,599,155,277
1204,601,153,277
1204,604,153,278
1203,605,155,279
1204,606,156,280
1203,609,156,281
1203,609,156,279
1204,611,158,278
1203,614,157,277
1203,616,159,278
1204,619,158,277
1202,619,159,279
1203,621,158,278
1203,622,160,280
1203,623,157,281
1203,626,160,280
1206,628,157,280
1204,630,159,279
1206,632,156,279
1205,633,157,281
1205,634,160,285
1205,636,157,280
1204,638,159,280
1206,640,159,283
1206,642,157,281
1206,645,158,278
1207,647,157,280
1208,649,157,278
1207,650,157,281
1208,652,157,282
1209,653,157,282
1209,655,158,281
1205,654,161,287
1208,657,158,285
1207,659,160,288
1207,660,161,290
1208,662,159,287
1208,663,157,288
1207,665,159,287
1207,668,159,288
1208,672,158,285
1206,673,160,288
1209,674,159,286
1208,678,162,285
1209,679,161,287
1208,680,161,289
1210,684,159,286
1209,686,160,287
1211,687,159,288
1212,688,160,287
1210,691,161,289
1212,693,159,287
1209,696,164,290
1211,697,161,289
1212,698,163,288
1210,698,164,291
1210,702,164,292
1213,703,158,287
1210,708,165,286
1211,711,166,287
1213,710,162,290
1212,713,163,290
1213,717,164,290
1214,719,163,291
1214,721,163,289
1213,724,163,288
1215,726,163,289
1215,727,162,291
1216,729,162,291
1215,732,164,293
1217,734,161,294
1217,738,162,293
1216,740,164,293
1217,742,163,294
1219,744,163,296
1217,745,165,298
1218,748,166,298
1219,749,166,297
1219,751,167,296
1221,754,165,296
1222,756,164,297
1222,757,162,297
1223,759,160,296
1222,762,163,294
1223,763,163,295
1224,765,161,294
1224,766,162,296
1225,770,163,291
1222,772,164,293
1227,772,159,291
1225,774,162,292
1226,775,160,291
1228,778,158,289
1230,781,158,288
1229,782,161,286
1230,785,160,287
1230,785,159,286
1230,787,159,285
1231,789,160,281
1231,791,160,282
1231,793,159,281
1232,795,159,279
1234,797,157,276
1232,797,160,277
1234,799,159,274
1235,801,162,271
1238,803,162,271
1243,804,161,271
1246,805,160,268
1250,809,158,266
1252,809,162,266
1259,810,158,264
1266,812,159,264
1270,813,160,262
1273,815,162,259
1281,817,159,258
1286,818,159,257
1293,820,157,255
1297,824,158,250
1303,826,157,249
1308,826,158,247
1315,827,157,247
1321,828,156,246
1327,832,156,240
1334,834,154,241
1341,838,154,236
1344,838,156,236
1352,840,154,235
1357,844,152,232
1365,846,150,230
1368,847,152,228
1372,848,150,226
1370,848,152,226
1374,850,151,225
1376,852,151,222
1378,854,149,222
1381,853,149,222
1384,854,149,222
1385,856,151,220
1388,856,149,219
1391,858,149,218
1390,861,150,215
1393,863,147,213
1397,863,145,212
1395,865,149,211
1396,866,146,209
1396,866,148,209
1398,867,147,207
1398,870,144,205
1398,872,145,203
1398,874,146,201
1400,875,145,201
1400,875,143,199
1401,878,145,197
1402,878,144,199
1403,881,142,193
1403,881,143,194
1406,884,140,190
1406,885,142,190
1406,886,140,189
1408,887,141,187
1409,888,139,188
1409,888,140,187
1409,891,140,184
1411,891,139,184
1411,892,139,184
1412,894,139,181
1414,896,137,180
1413,897,139,179
1415,898,138,177
1413,901,139,173
1414,902,137,172
1418,902,135,172
1415,905,139,171
1417,907,138,168
1418,908,138,168
1418,909,137,165
1420,910,135,165
1418,911,138,164
1420,913,136,162
1423,913,134,162
1420,916,136,161
1425,916,132,158
1424,917,138,158
1423,918,137,157
1424,919,136,156
1426,921,133,155
1426,922,135,154
1427,923,134,152
1426,925,140,151
1429,925,133,149
1427,926,137,149
1429,928,135,147
1430,928,133,147
1431,930,132,146
1432,931,131,144
1435,934,127,141
1435,936,129,139
1435,935,130,140
1436,936,131,139
1437,938,125,138
1439,940,126,136
1439,941,126,134
1441,942,125,133
1442,944,125,132
1445,946,122,129
1445,947,123,128
1447,949,123,126
1447,950,123,125
1449,951,121,125
1452,952,121,124
1452,953,122,121
1453,954,123,121
1454,955,123,120
1456,955,119,119
1457,958,121,117
1460,959,119,115
1461,959,118,116
1464,960,118,113
1465,963,118,113
1466,963,117,112
1468,965,117,110
1469,965,117,110
1472,966,115,109
1473,967,115,108
1475,967,115,108
1477,968,112,107
1479,970,113,104
1480,971,113,104
1481,972,114,103
1482,973,114,103
1485,975,113,101
1486,974,114,102
1489,975,113,101
1491,977,111,99
1492,978,112,99
1493,980,112,98
1495,980,112,98
1498,979,112,97
1501,982,112,96
1504,982,108,95
1508,983,107,93
1510,984,105,92
1511,986,106,92
1513,986,104,91
1516,988,102,90
1520,988,101,89
1523,989,100,88
1526,990,100,87
1528,991,100,86
1531,991,99,86
1536,992,97,85
1538,993,98,84
1539,993,99,84
1542,995,98,82
1545,996,96,81
1547,997,95,80
1549,998,96,80
1552,998,97,80
1556,998,99,80
1558,1000,97,79
1560,1000,97,78
1565,1001,96,77
1567,1003,96,75
1570,1004,98,74
1573,1005,97,73
1576,1006,98,73
1579,1007,100,71
1583,1008,99,70
1586,1010,101,69
1589,1010,99,69
1591,1011,100,68
1593,1012,97,67
1596,1014,94,65
1596,1011,93,67
1594,1010,95,68
1591,1014,97,65
1588,1014,109,65
1586,1013,114,66
1581,1014,114,65
1577,1014,107,65
1573,1016,110,63
1566,1017,112,62
1563,1016,109,63
1554,1018,108,61
1547,1018,106,61
1541,1018,104,61
1534,1018,105,61
1526,1020,104,59
1520,1019,100,60
1510,1019,105,60
1501,1019,104,60
1493,1022,109,57
1482,1022,109,57
1471,1024,106,55
1546,989,131,88
1540,990,155,89
1537,989,155,90
1532,989,163,90
1527,991,167,88
1522,991,175,88
1515,991,182,88
1512,992,187,87
1507,994,186,85
1506,998,181,81
1504,999,175,80
1503,1003,167,76
1501,1003,156,76
1499,1008,146,71
1503,1013,133,66
1501,1012,131,67
1493,1015,131,64
1488,1013,131,66
1487,1015,125,64
1482,1014,124,65
1482,1016,123,63
1477,1022,124,57
1472,1024,126,55
1470,1021,125,58
1465,1022,131,57
1460,1020,134,59
1455,1016,135,63
1444,1014,145,65
1428,1008,161,71
1299,991,246,88
1232,905,323,169
1230,904,333,173
1229,901,336,175
1227,903,334,175
1225,903,336,174
1223,903,336,175
1220,905,336,173
1218,907,335,171
1217,907,338,172
1214,908,337,171
1208,909,337,170
1207,911,340,166
1202,911,340,168
1199,912,337,165
1197,910,336,169
1195,910,335,167
1190,911,336,168
1188,913,335,165
1183,915,334,162
1177,917,336,162
1175,918,337,161
1172,919,334,160
1167,921,335,158
1161,921,336,158
1158,922,337,157
1153,925,336,154
1151,927,338,152
1147,927,336,152
1143,928,335,150
1139,932,334,147
1137,934,334,145
1131,936,337,143
1126,937,336,142
1123,938,336,141
1121,939,334,140
1115,939,335,140
1113,939,334,140
1108,940,334,139
1105,941,333,138
1102,943,334,136
1097,944,336,135
1095,946,334,133
1094,948,331,131
1092,949,331,130
1082,950,336,129
1085,952,332,127
1080,952,332,126
1075,953,333,126
1077,953,329,124
1072,953,328,126
1073,956,322,123
1073,958,317,121
1073,960,315,119
1074,961,308,118
1072,962,308,117
1072,966,301,113
1075,967,296,111
1074,969,294,110
1077,972,287,105
1077,975,279,104
1078,976,275,103
1079,976,268,103
1072,980,271,99
1070,981,270,98
1069,983,264,96
1061,983,267,96
1063,985,261,94
1066,988,250,91
1067,989,245,89
1072,992,235,86
1071,998,231,81
1061,996,235,82
1058,997,236,82
1069,1001,215,76
1072,1007,208,72
1079,1009,200,69
1076,1011,195,68
1067,1009,195,70
1069,1010,193,69
1066,1012,191,67
1058,1011,194,67
1059,1014,193,65
1056,1015,190,63
1051,1014,193,65
1050,1016,188,63
1046,1015,185,64
1046,1015,181,63
1040,1015,187,64
1039,1016,185,62
1039,1016,181,63
1037,1016,180,63
1036,1016,179,63
1032,1012,188,67
1025,1010,209,69
1025,1011,195,68
1023,1009,207,70
1023,1011,198,68
1022,1005,212,74
1020,997,206,82
1026,982,209,96
1021,993,214,86
1023,989,210,90
1025,988,210,91
1018,999,207,80
1029,985,204,92
1016,997,212,82
1022,987,207,91
1013,989,212,90
1013,990,206,89
1010,988,208,91
1009,990,203,89
1003,998,203,81
1009,989,201,90
1001,998,199,81
1008,989,197,90
999,997,200,82
1004,996,197,83
1004,991,192,88
992,998,199,81
992,992,198,87
986,995,204,84
983,993,202,86
978,991,206,88
969,992,212,87
966,994,206,85
964,991,207,88
960,990,208,89
952,993,215,86
952,991,210,88
948,990,211,89
941,990,215,89
940,991,214,88
937,989,212,90
933,989,212,90
927,989,214,90
923,988,216,90
918,988,221,91
918,989,215,90
917,988,216,91
909,987,219,92
907,988,218,91
901,987,221,92
896,987,224,92
891,986,226,92
886,986,228,92
884,986,226,93
882,985,225,94
880,983,226,95
875,983,228,95
869,983,233,96
866,984,231,95
866,981,229,97
859,981,233,98
860,981,230,97
853,980,235,98
849,981,238,98
852,981,232,98
849,981,233,98
846,980,233,98
838,979,240,99
841,979,235,99
836,980,241,99
839,980,235,98
831,979,241,100
831,978,239,100
826,979,241,100
829,978,234,100
822,977,241,101
823,977,235,101
817,977,241,101
814,978,243,101
818,977,235,101
810,977,242,102
813,978,234,100
812,977,235,101
806,977,240,101
801,976,242,102
803,976,239,102
796,977,243,102
799,976,236,102
792,977,242,102
792,976,239,103
788,976,239,102
786,977,239,102
786,976,236,102
784,976,238,102
776,976,244,103
777,975,238,104
777,976,236,103
770,976,241,102
769,975,239,104
768,976,239,103
762,976,240,103
760,976,241,103
761,976,238,103
755,976,241,103
751,976,244,103
755,976,236,103
745,975,242,104
741,976,244,103
745,975,236,103
741,975,240,103
733,974,242,104
735,975,239,103
728,974,242,105
723,974,242,105
726,975,237,104
718,974,242,105
719,975,239,104
717,973,241,106
717,974,238,105
711,974,242,105
714,973,238,105
712,972,238,105
710,972,238,105
709,972,239,107
708,972,240,106
710,972,238,107
709,972,239,107
709,971,239,106
708,971,239,107
706,971,241,107
710,971,238,108
706,970,243,107
706,971,241,108
703,970,244,109
706,969,243,108
705,970,242,109
704,971,244,108
702,970,246,108
705,970,242,108
707,970,240,108
703,970,244,109
707,970,241,108
705,970,242,108
703,970,243,109
705,970,242,108
704,970,244,108
701,969,245,109
706,970,242,108
704,969,244,108
699,970,248,109
697,969,250,110
698,968,248,110
698,969,248,110
699,969,247,109
701,968,245,110
697,968,250,111
696,967,252,111
697,968,251,110
697,967,251,110
697,967,250,110
691,968,256,111
694,967,251,112
695,966,252,111
694,966,253,111
692,966,254,113
691,966,256,113
693,965,255,113
691,964,258,113
692,965,256,113
692,964,256,113
690,964,258,115
690,964,256,114
694,964,252,113
686,963,259,116
692,964,253,115
691,963,255,114
684,963,261,116
689,963,255,115
689,962,255,116
686,962,258,117
684,961,260,116
684,962,258,117
685,961,258,116
685,962,257,117
684,961,259,116
682,961,262,118
683,962,261,117
683,961,262,116
681,960,262,119
682,961,261,118
681,959,261,118
678,960,265,119
679,959,263,119
678,960,265,119
680,959,264,118
679,959,263,120
681,960,262,119
677,959,265,118
677,960,264,119
676,959,265,118
677,959,264,120
677,959,263,119
675,960,264,119
674,958,265,119
676,958,264,121
676,958,264,121
674,958,265,120
673,957,268,119
674,957,266,122
672,957,268,121
671,956,268,123
674,957,265,122
673,956,267,120
671,956,269,123
670,956,269,123
672,957,266,121
669,955,269,124
670,955,269,124
670,954,270,123
668,954,274,124
668,954,272,124
667,954,273,125
668,954,272,124
666,953,273,126
668,954,272,123
661,953,277,126
661,953,278,126
664,952,274,124
662,953,276,126
662,951,276,126
658,951,280,128
661,951,277,127
658,948,281,129
659,950,279,129
655,949,282,130
655,949,283,130
656,947,282,130
655,947,283,131
652,946,286,133
652,945,285,133
649,945,288,134
649,944,289,134
648,943,290,136
647,943,293,136
646,942,292,136
644,943,295,136
645,941,296,136
641,941,299,137
638,939,308,140
638,937,301,140
633,936,312,142
632,936,309,143
632,934,311,143
631,933,313,144
626,933,321,145
622,932,324,147
626,931,318,146
619,929,335,149
623,929,320,148
617,925,339,152
613,925,343,154
614,925,335,152
611,921,348,157
613,922,342,157
611,920,345,156
609,920,363,159
609,916,344,161
612,917,365,162
609,914,348,164
609,913,367,165
606,912,361,165
607,910,373,169
606,909,361,169
606,908,362,170
605,906,359,171
604,905,367,172
606,904,354,173
608,903,330,176
608,902,338,174
609,902,330,174
608,901,323,177
609,898,324,180
610,897,325,179
608,895,330,180
608,893,327,182
609,892,325,184
608,890,326,187
607,887,334,187
606,886,330,190
608,884,328,192
605,882,332,193
605,882,333,192
605,879,328,196
609,877,326,200
607,876,323,198
609,874,325,200
607,871,320,204
608,870,322,204
608,867,321,207
606,865,321,210
607,864,318,210
610,863,317,212
608,861,317,214
610,860,317,215
609,858,316,215
610,857,316,220
609,855,317,220
610,854,315,220
610,852,315,224
609,851,317,224
610,851,317,225
610,848,319,226
610,847,321,228
610,844,323,230
610,843,319,233
610,842,323,233
610,839,321,236
608,838,322,236
609,837,323,238
609,836,321,236
609,833,326,239
608,832,325,241
610,830,325,241
609,828,323,242
612,825,322,243
608,823,318,246
612,821,322,246
611,822,318,248
611,818,323,248
611,817,319,249
610,814,328,252
610,812,328,252
611,812,328,252
611,809,324,252
611,805,318,255
609,801,321,262
611,800,319,259
610,797,322,263
610,797,317,260
609,795,322,264
609,791,323,262
610,793,318,261
611,789,318,260
609,789,321,268
610,784,319,259
610,790,316,269
611,777,318,261
609,786,313,263
611,778,331,272
611,777,319,267
611,776,318,265
611,776,318,264
611,772,319,265
611,772,316,265
611,767,317,265
612,767,315,263
611,764,316,259
611,765,316,264
612,761,314,261
610,763,320,271
612,754,312,257
609,760,310,263
609,753,324,264
609,755,319,263
610,750,321,265
608,752,335,266
611,748,312,262
607,749,341,275
595,411,319,241
603,415,303,234
604,414,302,237
604,414,303,234
604,413,303,240
604,412,303,236
604,415,303,236
606,413,302,236
605,414,303,237
605,413,304,237
605,413,305,237
604,413,305,238
604,413,306,237
605,413,304,236
605,413,303,238
605,412,306,239
605,411,306,238
605,412,307,238
605,410,307,240
605,411,308,238
605,410,307,240
605,410,308,241
605,411,308,239
605,411,308,240
605,412,306,238
605,413,307,237
607,412,304,236
606,413,303,237
605,413,306,237
606,413,304,235
605,414,304,237
606,412,302,237
606,411,303,237
605,413,305,235
606,412,304,236
606,413,304,237
606,412,304,239
606,413,304,237
606,414,304,238
606,412,305,237
607,414,304,235
606,413,304,240
605,413,305,236
605,414,303,235
605,414,304,237
605,414,304,236
606,415,303,237
606,414,303,236
606,415,304,237
607,413,304,237
606,414,302,237
606,413,303,236
605,415,305,238
607,415,303,236
607,414,302,239
607,414,303,237
607,413,302,239
606,415,302,237
606,414,304,236
606,414,302,238
606,413,302,237
604,416,303,239
605,412,303,237
605,416,301,235
606,414,302,238
606,414,303,237
606,415,302,237
607,413,303,237
606,415,302,239
606,414,305,238
607,414,304,236
606,413,303,240
606,414,304,237
605,413,304,241
606,413,302,237
606,414,302,237
606,413,302,237
605,414,303,240
605,413,304,237
604,415,304,238
605,413,303,238
605,414,303,236
605,414,305,236
605,415,305,238
605,414,308,238
604,413,306,240
604,414,306,238
604,414,303,234
604,414,303,237
604,415,304,235
604,413,301,237
604,413,301,236
604,414,302,237
604,413,302,236
603,414,304,239
605,414,303,235
604,414,303,238
604,413,303,237
605,413,303,235
604,414,304,239
604,412,305,236
604,413,304,237
604,412,305,236
604,413,303,237
604,412,304,235
604,413,303,237
604,412,304,237
605,413,302,235
604,412,304,238
604,412,304,237
605,413,303,238
605,412,302,236
604,412,303,236
603,413,304,236
605,412,302,235
604,412,302,237
605,412,301,234
603,412,302,239
605,411,301,235
604,413,300,237
604,410,302,237
603,412,303,235
604,412,302,236
604,412,303,238
605,413,302,235
605,412,302,239
604,412,302,235
604,413,302,237
605,412,302,234
605,412,303,239
605,412,302,236
604,413,303,239
604,411,303,235
604,413,302,235
604,413,302,234
604,413,301,233
604,413,303,238
606,411,302,235
604,413,303,237
606,414,301,236
606,412,303,236
604,413,303,236
605,412,303,237
605,411,303,237
605,413,304,238
605,414,303,234
606,412,303,240
606,413,303,237
606,413,302,237
606,412,303,239
606,412,304,238
606,412,305,239
606,412,306,242
605,409,308,241
606,412,306,244
603,410,310,239
606,412,304,242
605,410,306,239
606,412,303,240
606,413,304,240
606,411,305,241
606,411,307,242
606,410,306,242
606,410,306,241
607,411,305,240
605,411,308,243
605,410,306,240
606,412,303,243
606,413,304,238
606,413,303,242
605,411,304,239
605,413,303,239
605,413,304,239
605,413,304,239
605,413,304,240
605,412,305,242
605,410,307,243
604,412,306,241
605,411,304,239
604,413,304,238
605,414,303,238
605,412,305,240
604,411,308,241
604,411,305,240
604,411,304,239
604,411,306,240
603,410,307,243
605,412,302,238
604,412,303,238
604,412,303,239
604,412,302,238
603,412,305,240
604,412,304,238
603,412,306,240
604,412,305,240
603,411,308,241
604,410,307,241
603,412,311,243
600,412,316,243
601,416,319,245
604,423,316,241
605,421,324,246
609,440,342,264
597,408,318,251
602,413,313,243
601,418,319,244
604,425,319,241
607,425,330,252
603,433,351,268
599,402,320,259
601,414,311,240
601,414,313,237
603,412,309,240
602,412,311,239
603,412,313,240
602,411,313,241
601,411,317,237
603,412,306,239
604,412,309,239
604,413,311,243
601,417,320,240
602,414,311,235
604,412,310,241
602,411,314,240
602,410,311,238
605,414,308,237
604,413,310,241
603,412,313,239
602,414,316,241
601,415,317,241
601,418,322,244
602,420,316,239
602,422,331,241
603,420,324,252
612,439,349,261
602,425,343,271
596,410,321,251
603,414,315,237
603,412,314,239
604,412,310,236
605,413,307,238
605,412,311,241
602,412,313,239
604,411,311,239
606,412,309,239
605,411,308,240
605,412,308,239
605,412,309,240
604,411,307,238
606,414,304,236
605,414,305,238
605,413,306,237
605,414,305,237
605,414,305,235
604,413,305,238
605,414,303,235
606,411,301,238
605,414,302,236
605,412,301,238
604,413,304,235
604,413,302,236
605,413,301,236
605,413,303,240
605,413,301,237
604,411,304,238
605,413,302,237
605,412,302,237
605,413,303,239
605,411,303,238
605,413,302,236
606,411,302,239
605,413,303,236
605,411,303,242
604,411,303,239
605,411,302,237
604,412,304,237
605,411,305,236
602,412,305,239
604,411,302,237
603,412,304,236
603,410,304,235
603,412,302,235
604,412,301,233
604,411,302,238
605,412,301,233
604,411,304,241
605,411,303,236
604,411,303,239
605,410,301,237
604,411,303,235
603,411,306,238
606,410,301,236
603,412,306,239
604,411,305,237
605,412,304,237
605,411,303,238
604,412,303,237
605,411,303,238
605,412,303,238
605,411,303,237
605,412,302,238
605,412,303,235
604,411,304,238
605,411,304,237
605,413,304,235
605,411,304,237
604,412,303,236
604,413,303,234
605,412,304,237
604,414,305,237
604,413,305,238
603,412,308,239
604,412,307,237
604,412,307,239
603,411,309,240
603,411,309,239
604,411,310,239
604,410,306,241
604,413,311,238
605,412,307,240
604,411,310,242
602,411,308,239
605,412,308,237
603,413,309,240
603,411,309,237
605,412,307,237
604,412,308,240
604,412,311,240
605,411,307,240
603,411,311,242
602,413,308,235
604,413,306,238
604,413,307,237
604,413,309,239
604,411,310,240
603,411,312,242
603,412,309,237
604,414,304,236
605,414,305,235
604,414,307,238
604,412,309,238
604,411,309,241
603,410,310,241
604,412,309,239
605,412,309,241
604,413,310,242
602,411,312,237
605,414,307,238
605,412,308,242
603,411,313,240
605,412,310,239
605,413,312,243
602,417,321,243
602,415,310,238
604,412,308,237
605,413,307,238
605,413,308,239
605,412,313,241
601,412,311,239
605,413,308,238
604,412,310,242
604,413,307,236
605,414,305,237
606,413,306,237
606,414,306,239
603,411,312,241
604,413,307,237
606,413,305,238
606,412,307,239
605,413,312,242
603,417,318,243
605,421,317,238
607,422,330,246
613,447,359,272
598,422,332,258
604,413,308,245
603,414,319,242
601,415,309,237
605,410,306,240
605,411,310,241
604,411,309,241
604,411,310,240
606,411,309,241
606,414,311,244
606,420,317,242
607,422,322,243
604,419,320,246
606,421,322,244
609,428,327,249
600,418,324,254
606,433,337,251
596,404,320,251
600,412,311,235
602,412,312,240
602,410,310,238
602,412,308,241
601,410,312,237
602,412,305,240
602,411,309,238
603,409,311,243
600,412,311,237
602,409,312,239
603,410,306,241
602,410,312,242
601,410,311,237
602,410,309,240
602,409,308,240
603,411,306,240
602,410,311,240
602,412,302,238
602,412,307,236
603,412,306,240
601,410,307,238
601,412,309,238
603,411,310,240
603,411,303,238
602,413,307,236
603,412,307,238
602,412,306,240
601,411,310,238
603,412,307,239
603,410,311,240
603,411,305,237
602,413,303,238
603,412,303,235
602,414,306,239
602,412,306,237
604,414,304,235
604,413,303,238
603,413,304,238
603,412,305,238
603,413,303,239
602,414,306,238
603,413,304,238
603,413,305,238
603,414,303,237
603,415,304,237
603,413,304,240
603,413,304,235
603,414,305,238
603,414,306,238
601,411,307,240
603,413,307,238
603,413,306,240
603,412,305,237
603,415,304,238
603,414,305,235
603,415,304,238
602,414,307,237
603,414,305,237
603,415,305,237
603,416,305,235
603,415,305,238
603,414,305,236
603,414,306,239
602,413,305,240
603,414,305,236
603,416,305,235
603,414,305,242
601,414,307,236
602,416,307,234
601,413,308,240
602,413,307,238
602,414,311,237
602,413,310,240
602,414,310,239
602,414,309,239
602,413,310,239
602,413,309,240
601,413,308,240
601,414,308,238
601,413,310,239
602,412,311,241
602,414,311,239
602,413,311,239
603,412,308,241
602,413,309,239
602,412,307,239
602,411,309,240
602,411,307,241
603,411,309,241
603,412,304,239
603,414,304,236
603,415,304,237
603,414,305,236
603,413,306,240
601,413,312,238
602,412,307,239
602,411,307,241
603,411,306,240
603,412,309,240
601,411,308,242
604,412,304,240
604,413,304,239
603,412,308,242
601,411,307,237
603,413,304,237
603,413,303,239
603,411,307,239
603,412,305,241
603,412,307,238
603,412,308,240
604,412,307,237
604,413,306,239
605,413,304,237
604,412,305,239
604,412,307,241
604,412,310,240
603,413,311,240
602,415,313,237
604,413,311,239
603,412,311,241
603,414,312,239
603,415,311,241
601,414,314,240
601,417,316,241
603,419,312,237
603,417,310,237
602,412,309,240
603,413,309,240
603,413,307,239
603,413,308,239
603,413,308,241
601,411,310,240
603,411,307,240
604,412,307,237
603,413,310,240
603,412,308,240
603,413,309,242
601,413,310,240
603,412,307,240
603,413,308,241
602,412,308,242
602,413,312,241
601,412,308,240
602,413,308,239
603,412,311,242
600,413,309,239
602,413,309,240
602,411,307,241