854,602,299,478
854,600,299,478
855,598,299,478
856,596,299,478
857,594,299,478
858,592,299,478
859,590,299,478
860,588,299,478
861,586,299,478
862,584,299,478
863,582,290,498
863,580,290,498
864,579,290,498
865,578,290,498
866,577,290,498
867,576,290,498
868,575,290,498
869,574,290,498
870,573,290,498
871,572,290,498
872,571,279,506
872,568,279,506
873,565,279,506
873,562,279,506
874,559,279,506
874,556,279,506
875,553,279,506
875,550,279,506
876,547,279,506
876,544,279,506
877,542,281,538
878,540,281,538
879,538,281,538
880,537,281,538
881,535,281,538
882,534,281,538
883,532,281,538
884,530,281,538
885,529,281,538
886,527,281,538
887,526,267,554
887,523,267,554
887,521,267,554
887,519,267,554
887,516,267,554
887,514,267,554
887,512,267,554
887,509,267,554
887,507,267,554
887,505,267,554
887,503,264,576
888,500,264,576
889,497,264,576
890,495,264,576
891,492,264,576
892,490,264,576
893,487,264,576
894,484,264,576
895,482,264,576
896,479,264,576
898,477,253,592
898,475,253,592
899,474,253,592
900,473,253,592
901,471,253,592
902,470,253,592
902,469,253,592
903,467,253,592
904,466,253,592
905,465,253,592
906,464,246,583
906,461,246,583
906,458,246,583
906,456,246,583
906,453,246,583
906,451,246,583
906,448,246,583
906,445,246,583
906,443,246,583
906,440,246,583
907,438,236,577
907,436,236,577
907,434,236,577
907,432,236,577
907,430,236,577
907,428,236,577
907,426,236,577
907,424,236,577
907,422,236,577
907,420,236,577
907,418,242,579
907,415,242,579
908,413,242,579
908,411,242,579
909,409,242,579
909,407,242,579
910,404,242,579
910,402,242,579
911,400,242,579
911,398,242,579
912,396,222,581
912,393,222,581
913,391,222,581
914,389,222,581
914,387,222,581
915,385,222,581
916,382,222,581
916,380,222,581
917,378,222,581
918,376,222,581
919,374,222,577
918,372,222,577
918,370,222,577
918,368,222,577
918,366,222,577
918,365,222,577
918,363,222,577
918,361,222,577
918,359,222,577
918,357,222,577
918,356,229,583
918,354,229,583
918,352,229,583
918,351,229,583
918,349,229,583
918,348,229,583
918,346,229,583
918,344,229,583
918,343,229,583
918,341,229,583
918,340,225,569
916,338,225,569
915,337,225,569
914,336,225,569
913,334,225,569
912,333,225,569
910,332,225,569
909,330,225,569
908,329,225,569
907,328,225,569
906,327,225,569
903,294,225,569
900,261,225,569
898,229,225,569
895,196,225,569
893,164,225,569
890,131,225,569
887,98,225,569
885,66,225,569
882,33,225,569
880,1,156,123
880,1,156,123
880,1,156,123
880,1,156,123
880,1,156,123
881,1,156,123
881,1,156,123
881,1,156,123
881,1,156,123
881,1,156,123
882,2,148,111
881,1,148,111
881,1,148,111
881,1,148,111
881,1,148,111
881,1,148,111
880,1,148,111
880,1,148,111
880,1,148,111
880,1,148,111
880,1,145,114
880,1,145,114
880,1,145,114
880,1,145,114
880,1,145,114
881,1,145,114
881,1,145,114
881,1,145,114
881,1,145,114
881,1,145,114
882,2,141,118
881,1,141,118
880,1,141,118
879,1,141,118
878,1,141,118
877,1,141,118
876,1,141,118
875,1,141,118
874,1,141,118
873,1,141,118
873,1,143,125
872,1,143,125
872,1,143,125
871,1,143,125
871,1,143,125
870,1,143,125
870,1,143,125
869,1,143,125
869,1,143,125
868,1,143,125
868,1,142,134
866,1,142,134
865,1,142,134
864,1,142,134
862,1,142,134
861,1,142,134
860,1,142,134
858,1,142,134
857,1,142,134
856,1,142,134
855,1,152,139
855,1,152,139
855,1,152,139
855,1,152,139
855,1,152,139
855,1,152,139
855,1,152,139
855,1,152,139
855,1,152,139
855,1,152,139
855,1,152,139
854,1,152,139
853,1,152,139
852,1,152,139
851,1,152,139
850,1,152,139
849,1,152,139
848,1,152,139
847,1,152,139
846,1,152,139
846,1,150,150
845,1,150,150
845,1,150,150
844,1,150,150
844,1,150,150
843,1,150,150
843,1,150,150
842,1,150,150
842,1,150,150
841,1,150,150
841,1,149,159
841,1,149,159
841,1,149,159
841,1,149,159
841,1,149,159
841,1,149,159
841,1,149,159
841,1,149,159
841,1,149,159
841,1,149,159
841,1,148,165
838,1,148,165
836,1,148,165
834,1,148,165
832,1,148,165
830,1,148,165
828,1,148,165
826,1,148,165
824,1,148,165
822,1,148,165
820,1,156,176
818,1,156,176
817,1,156,176
816,1,156,176
815,1,156,176
814,1,156,176
813,1,156,176
812,1,156,176
811,1,156,176
810,1,156,176
809,2,156,177
808,1,156,177
807,1,156,177
806,1,156,177
805,1,156,177
804,1,156,177
803,1,156,177
802,1,156,177
801,1,156,177
800,1,156,177
800,1,163,187
800,1,163,187
800,1,163,187
800,1,163,187
800,1,163,187
801,1,163,187
801,1,163,187
801,1,163,187
801,1,163,187
801,1,163,187
802,2,152,204
801,1,152,204
801,1,152,204
801,1,152,204
801,1,152,204
801,1,152,204
800,1,152,204
800,1,152,204
800,1,152,204
800,1,152,204
800,1,149,214
798,1,149,214
796,1,149,214
795,1,149,214
793,1,149,214
792,1,149,214
790,1,149,214
788,1,149,214
787,1,149,214
785,1,149,214
784,1,154,229
782,1,154,229
780,1,154,229
778,1,154,229
776,1,154,229
774,1,154,229
772,1,154,229
770,1,154,229
768,1,154,229
766,1,154,229
764,1,161,236
764,1,161,236
764,1,161,236
765,1,161,236
765,1,161,236
766,1,161,236
766,1,161,236
766,1,161,236
767,1,161,236
767,1,161,236
768,1,153,269
767,1,153,269
767,1,153,269
766,1,153,269
766,1,153,269
765,1,153,269
765,1,153,269
764,1,153,269
764,1,153,269
763,1,153,269
763,1,156,292
761,1,156,292
759,1,156,292
757,1,156,292
755,1,156,292
753,1,156,292
751,1,156,292
749,1,156,292
747,1,156,292
745,1,156,292
743,1,166,305
742,3,166,305
741,6,166,305
740,9,166,305
740,12,166,305
739,15,166,305
738,18,166,305
738,21,166,305
737,24,166,305
736,27,166,305
736,30,173,290
734,31,173,290
733,32,173,290
731,33,173,290
730,34,173,290
729,36,173,290
727,37,173,290
726,38,173,290
724,39,173,290
723,40,173,290
722,42,176,291
720,44,176,291
718,46,176,291
716,48,176,291
714,50,176,291
713,53,176,291
711,55,176,291
709,57,176,291
707,59,176,291
705,61,176,291
704,64,179,275
702,65,179,275
701,67,179,275
700,69,179,275
699,70,179,275
698,72,179,275
697,74,179,275
696,75,179,275
695,77,179,275
694,79,179,275
693,81,183,274
691,83,183,274
690,86,183,274
689,89,183,274
688,91,183,274
687,94,183,274
686,97,183,274
685,99,183,274
684,102,183,274
683,105,183,274
682,108,183,263
680,110,183,263
678,112,183,263
676,114,183,263
675,116,183,263
673,119,183,263
671,121,183,263
670,123,183,263
668,125,183,263
666,127,183,263
665,130,191,265
663,131,191,265
662,132,191,265
661,134,191,265
660,135,191,265
659,137,191,265
657,138,191,265
656,139,191,265
655,141,191,265
654,142,191,265
653,144,192,266
652,147,192,266
651,150,192,266
650,153,192,266
649,156,192,266
648,159,192,266
647,162,192,266
646,165,192,266
645,168,192,266
644,171,192,266
644,175,188,258
641,177,188,258
639,179,188,258
637,181,188,258
635,183,188,258
633,185,188,258
631,187,188,258
629,189,188,258
627,191,188,258
625,193,188,258
623,195,202,255
621,197,202,255
620,200,202,255
619,202,202,255
617,205,202,255
616,207,202,255
615,210,202,255
613,212,202,255
612,215,202,255
611,217,202,255
610,220,202,251
608,222,202,251
606,225,202,251
604,227,202,251
603,230,202,251
601,232,202,251
599,235,202,251
598,237,202,251
596,240,202,251
594,242,202,251
593,245,206,250
591,247,206,250
590,250,206,250
588,253,206,250
587,255,206,250
586,258,206,250
584,261,206,250
583,263,206,250
581,266,206,250
580,269,206,250
579,272,211,247
577,275,211,247
575,278,211,247
573,281,211,247
571,284,211,247
569,287,211,247
567,290,211,247
565,293,211,247
563,296,211,247
561,299,211,247
560,302,212,238
558,304,212,238
556,307,212,238
554,310,212,238
553,313,212,238
551,316,212,238
549,319,212,238
548,322,212,238
546,325,212,238
544,328,212,238
543,331,216,242
541,333,216,242
540,336,216,242
539,338,216,242
538,341,216,242
537,343,216,242
536,346,216,242
535,348,216,242
534,351,216,242
533,353,216,242
532,356,211,244
530,358,211,244
529,360,211,244
527,362,211,244
526,364,211,244
525,367,211,244
523,369,211,244
522,371,211,244
520,373,211,244
519,375,211,244
518,378,209,233
515,377,209,233
513,376,209,233
510,375,209,233
508,374,209,233
506,373,209,233
503,372,209,233
501,371,209,233
498,370,209,233
496,369,209,233
494,368,216,231
492,366,216,231
490,364,216,231
488,362,216,231
486,360,216,231
484,359,216,231
482,357,216,231
480,355,216,231
478,353,216,231
476,351,216,231
474,350,220,230
472,348,220,230
470,347,220,230
468,345,220,230
466,344,220,230
465,342,220,230
463,341,220,230
461,339,220,230
459,338,220,230
457,336,220,230
456,335,222,225
454,333,222,225
453,331,222,225
451,329,222,225
450,327,222,225
448,325,222,225
447,323,222,225
445,321,222,225
444,319,222,225
442,317,222,225
441,315,206,215
439,313,206,215
438,311,206,215
436,309,206,215
435,308,206,215
434,306,206,215
432,304,206,215
431,303,206,215
429,301,206,215
428,299,206,215
427,298,203,212
425,296,203,212
424,295,203,212
423,293,203,212
421,292,203,212
420,290,203,212
419,289,203,212
417,287,203,212
416,286,203,212
415,284,203,212
414,283,204,217
412,281,204,217
410,279,204,217
408,277,204,217
407,275,204,217
405,274,204,217
403,272,204,217
402,270,204,217
400,268,204,217
398,266,204,217
397,265,202,208
395,263,202,208
394,261,202,208
393,259,202,208
391,257,202,208
390,255,202,208
389,253,202,208
387,251,202,208
386,249,202,208
385,247,202,208
384,245,201,212
382,243,201,212
381,242,201,212
380,240,201,212
379,239,201,212
378,238,201,212
377,236,201,212
376,235,201,212
375,233,201,212
374,232,201,212
373,231,190,209
372,230,190,209
372,230,190,209
371,229,190,209
371,229,190,209
371,229,190,209
370,228,190,209
370,228,190,209
369,227,190,209
369,227,190,209
369,227,187,197
367,225,187,197
366,223,187,197
365,221,187,197
364,220,187,197
363,218,187,197
362,216,187,197
361,215,187,197
360,213,187,197
359,211,187,197
358,210,176,198
356,208,176,198
355,207,176,198
354,206,176,198
352,204,176,198
351,203,176,198
350,202,176,198
348,200,176,198
347,199,176,198
346,198,176,198
345,197,180,198
344,196,180,198
344,195,180,198
344,194,180,198
344,194,180,198
344,193,180,198
343,192,180,198
343,192,180,198
343,191,180,198
343,190,180,198
343,190,175,198
342,189,175,198
341,188,175,198
340,187,175,198
339,187,175,198
339,186,175,198
338,185,175,198
337,185,175,198
336,184,175,198
335,183,175,198
335,183,172,192
334,182,172,192
334,182,172,192
334,181,172,192
334,181,172,192
334,181,172,192
333,180,172,192
333,180,172,192
333,179,172,192
333,179,172,192
333,179,170,201
332,178,170,201
332,177,170,201
331,177,170,201
331,176,170,201
331,176,170,201
330,175,170,201
330,174,170,201
329,174,170,201
329,173,170,201
329,173,165,202
329,172,165,202
329,172,165,202
329,171,165,202
329,171,165,202
329,171,165,202
329,170,165,202
329,170,165,202
329,169,165,202
329,169,165,202
329,169,161,202
328,169,161,202
327,169,161,202
326,169,161,202
326,169,161,202
325,169,161,202
324,169,161,202
324,169,161,202
323,169,161,202
322,169,161,202
322,170,163,205
320,169,163,205
319,169,163,205
318,169,163,205
316,169,163,205
315,169,163,205
314,169,163,205
312,169,163,205
311,169,163,205
310,169,163,205
309,169,161,204
308,168,161,204
308,168,161,204
308,168,161,204
308,168,161,204
308,168,161,204
307,167,161,204
307,167,161,204
307,167,161,204
307,167,161,204
307,167,158,208
306,167,158,208
306,167,158,208
306,167,158,208
306,167,158,208
306,168,158,208
305,168,158,208
305,168,158,208
305,168,158,208
305,168,158,208
305,169,153,208
304,168,153,208
304,168,153,208
304,168,153,208
304,168,153,208
304,168,153,208
303,168,153,208
303,168,153,208
303,168,153,208
303,168,153,208
303,168,151,216
302,168,151,216
302,169,151,216
301,170,151,216
301,170,151,216
301,171,151,216
300,172,151,216
300,172,151,216
299,173,151,216
299,174,151,216
299,175,148,222
298,175,148,222
298,175,148,222
298,175,148,222
298,175,148,222
298,176,148,222
297,176,148,222
297,176,148,222
297,176,148,222
297,176,148,222
297,177,146,227
297,177,146,227
297,177,146,227
298,177,146,227
298,178,146,227
299,178,146,227
299,178,146,227
299,179,146,227
300,179,146,227
300,179,146,227
301,180,135,230
300,180,135,230
299,180,135,230
298,180,135,230
297,180,135,230
297,181,135,230
296,181,135,230
295,181,135,230
294,181,135,230
293,181,135,230
293,182,136,246
292,182,136,246
291,183,136,246
291,184,136,246
290,184,136,246
290,185,136,246
289,186,136,246
288,186,136,246
288,187,136,246
287,188,136,246
287,189,129,241
286,189,129,241
286,189,129,241
285,189,129,241
285,190,129,241
284,190,129,241
284,190,129,241
283,191,129,241
283,191,129,241
282,191,129,241
282,192,137,254
281,191,137,254
281,191,137,254
281,191,137,254
281,191,137,254
281,191,137,254
280,190,137,254
280,190,137,254
280,190,137,254
280,190,137,254
280,190,129,254
279,190,129,254
279,190,129,254
279,190,129,254
279,191,129,254
279,191,129,254
279,191,129,254
279,192,129,254
279,192,129,254
279,192,129,254
279,193,113,253
278,192,113,253
278,192,113,253
277,192,113,253
277,192,113,253
276,192,113,253
276,191,113,253
275,191,113,253
275,191,113,253
274,191,113,253
274,191,118,244
273,191,118,244
273,191,118,244
273,191,118,244
273,191,118,244
273,191,118,244
272,191,118,244
272,191,118,244
272,191,118,244
272,191,118,244
272,191,117,242
271,190,117,242
271,190,117,242
271,190,117,242
271,190,117,242
271,190,117,242
271,190,117,242
271,190,117,242
271,190,117,242
271,190,117,242
271,190,119,247
271,189,119,247
272,188,119,247
272,187,119,247
273,186,119,247
274,185,119,247
274,184,119,247
275,183,119,247
275,182,119,247
276,181,119,247
277,180,110,253
276,179,110,253
276,178,110,253
275,178,110,253
275,177,110,253
274,177,110,253
274,176,110,253
273,175,110,253
273,175,110,253
272,174,110,253
272,174,115,265
272,173,115,265
272,173,115,265
272,172,115,265
272,172,115,265
273,171,115,265
273,171,115,265
273,170,115,265
273,170,115,265
273,169,115,265
274,169,113,257
273,168,113,257
273,167,113,257
273,167,113,257
273,166,113,257
273,166,113,257
273,165,113,257
273,164,113,257
273,164,113,257
273,163,113,257
273,163,114,230
273,163,114,230
273,163,114,230
274,163,114,230
274,163,114,230
275,163,114,230
275,163,114,230
275,163,114,230
276,163,114,230
276,163,114,230
277,164,111,216
277,163,111,216
277,162,111,216
278,162,111,216
278,161,111,216
279,161,111,216
279,160,111,216
279,159,111,216
280,159,111,216
280,158,111,216
281,158,111,213
281,158,111,213
281,158,111,213
282,158,111,213
282,158,111,213
283,159,111,213
283,159,111,213
283,159,111,213
284,159,111,213
284,159,111,213
285,160,124,202
285,159,124,202
286,159,124,202
287,158,124,202
288,158,124,202
289,157,124,202
290,157,124,202
291,156,124,202
292,156,124,202
293,155,124,202
294,155,119,200
295,154,119,200
296,153,119,200
297,152,119,200
299,152,119,200
300,151,119,200
301,150,119,200
303,150,119,200
304,149,119,200
305,148,119,200
307,148,109,211
308,147,109,211
309,147,109,211
310,147,109,211
311,146,109,211
312,146,109,211
313,146,109,211
314,145,109,211
315,145,109,211
316,145,109,211
317,145,112,199
317,144,112,199
318,144,112,199
319,143,112,199
319,143,112,199
320,142,112,199
321,142,112,199
321,141,112,199
322,141,112,199
323,140,112,199
324,140,114,202
328,154,114,202
333,168,114,202
338,182,114,202
343,196,114,202
348,210,114,202
353,224,114,202
358,238,114,202
363,252,114,202
368,266,114,202
373,280,99,230
371,281,99,230
370,282,99,230
369,284,99,230
368,285,99,230
367,287,99,230
366,288,99,230
365,289,99,230
364,291,99,230
363,292,99,230
362,294,107,232
362,295,107,232
362,296,107,232
362,298,107,232
362,299,107,232
362,301,107,232
362,302,107,232
362,303,107,232
362,305,107,232
362,306,107,232
362,308,110,234
360,309,110,234
359,311,110,234
358,312,110,234
356,314,110,234
355,316,110,234
354,317,110,234
352,319,110,234
351,320,110,234
350,322,110,234
349,324,118,240
349,325,118,240
349,327,118,240
349,329,118,240
349,331,118,240
350,333,118,240
350,334,118,240
350,336,118,240
350,338,118,240
350,340,118,240
351,342,114,242
350,343,114,242
350,344,114,242
350,345,114,242
350,346,114,242
350,347,114,242
349,348,114,242
349,349,114,242
349,350,114,242
349,351,114,242
349,353,114,238
348,354,114,238
348,355,114,238
347,357,114,238
347,358,114,238
347,360,114,238
346,361,114,238
346,362,114,238
345,364,114,238
345,365,114,238
345,367,113,244
343,367,113,244
342,368,113,244
340,369,113,244
339,370,113,244
337,371,113,244
336,372,113,244
334,373,113,244
333,374,113,244
331,375,113,244
330,376,126,259
329,377,126,259
329,378,126,259
329,380,126,259
329,381,126,259
329,383,126,259
328,384,126,259
328,385,126,259
328,387,126,259
328,388,126,259
328,390,126,258
328,393,126,258
329,396,126,258
330,399,126,258
331,402,126,258
332,405,126,258
332,408,126,258
333,411,126,258
334,414,126,258
335,417,126,258
336,421,125,254
335,423,125,254
334,426,125,254
333,428,125,254
332,431,125,254
332,433,125,254
331,436,125,254
330,438,125,254
329,441,125,254
328,443,125,254
328,446,132,238
327,447,132,238
327,448,132,238
326,449,132,238
326,451,132,238
326,452,132,238
325,453,132,238
325,455,132,238
324,456,132,238
324,457,132,238
324,459,132,238
323,460,132,238
323,462,132,238
323,463,132,238
323,465,132,238
323,467,132,238
322,468,132,238
322,470,132,238
322,471,132,238
322,473,132,238
322,475,147,239
321,476,147,239
320,478,147,239
319,480,147,239
318,482,147,239
318,484,147,239
317,486,147,239
316,488,147,239
315,490,147,239
314,492,147,239
314,494,151,237
313,495,151,237
313,496,151,237
313,497,151,237
313,499,151,237
313,500,151,237
312,501,151,237
312,503,151,237
312,504,151,237
312,505,151,237
312,507,171,245
311,510,171,245
311,513,171,245
310,516,171,245
310,519,171,245
310,522,171,245
309,525,171,245
309,528,171,245
308,531,171,245
308,534,171,245
308,538,190,239
307,539,190,239
307,541,190,239
307,542,190,239
306,544,190,239
306,546,190,239
306,547,190,239
305,549,190,239
305,550,190,239
305,552,190,239
305,554,190,239
304,555,190,239
304,556,190,239
304,557,190,239
303,559,190,239
303,560,190,239
303,561,190,239
302,563,190,239
302,564,190,239
302,565,190,239
302,567,209,254
301,569,209,254
300,571,209,254
299,573,209,254
298,576,209,254
297,578,209,254
296,580,209,254
295,583,209,254
294,585,209,254
293,587,209,254
293,590,230,249
292,590,230,249
291,591,230,249
290,591,230,249
289,592,230,249
289,592,230,249
288,593,230,249
287,593,230,249
286,594,230,249
285,594,230,249
285,595,244,270
281,597,244,270
277,600,244,270
273,602,244,270
269,605,244,270
265,608,244,270
261,610,244,270
257,613,244,270
253,615,244,270
249,618,244,270
246,621,263,269
244,623,263,269
242,626,263,269
240,628,263,269
239,631,263,269
237,634,263,269
235,636,263,269
234,639,263,269
232,641,263,269
230,644,263,269
229,647,274,276
226,650,274,276
224,653,274,276
221,656,274,276
219,659,274,276
216,662,274,276
214,665,274,276
211,668,274,276
209,671,274,276
206,674,274,276
204,677,281,272
203,679,281,272
202,682,281,272
201,685,281,272
201,688,281,272
200,691,281,272
199,694,281,272
199,697,281,272
198,700,281,272
197,703,281,272
197,706,290,269
196,709,290,269
196,712,290,269
195,715,290,269
195,718,290,269
195,721,290,269
194,724,290,269
194,727,290,269
193,730,290,269
193,733,290,269
193,737,308,266
192,738,308,266
192,739,308,266
192,740,308,266
192,741,308,266
192,743,308,266
191,744,308,266
191,745,308,266
191,746,308,266
191,747,308,266
191,749,331,275
191,750,331,275
192,751,331,275
192,752,331,275
193,753,331,275
194,755,331,275
194,756,331,275
195,757,331,275
195,758,331,275
196,759,331,275
197,761,332,271
198,762,332,271
199,763,332,271
200,764,332,271
202,765,332,271
203,766,332,271
204,767,332,271
206,768,332,271
207,769,332,271
208,770,332,271
210,771,339,263
210,771,339,263
211,771,339,263
212,771,339,263
212,771,339,263
213,771,339,263
214,771,339,263
214,771,339,263
215,771,339,263
216,771,339,263
217,772,339,263
218,770,339,263
220,768,339,263
222,766,339,263
224,764,339,263
226,762,339,263
228,760,339,263
230,758,339,263
232,756,339,263
234,754,339,263
236,752,372,274
236,751,372,274
237,751,372,274
238,750,372,274
238,750,372,274
239,749,372,274
240,749,372,274
240,748,372,274
241,748,372,274
242,747,372,274
243,747,364,275
244,746,364,275
245,745,364,275
247,744,364,275
248,743,364,275
250,742,364,275
251,741,364,275
252,740,364,275
254,739,364,275
255,738,364,275
257,738,364,275
255,739,364,275
254,740,364,275
253,741,364,275
252,742,364,275
251,744,364,275
250,745,364,275
249,746,364,275
248,747,364,275
247,748,364,275
246,750,373,259
243,749,373,259
241,748,373,259
238,747,373,259
236,747,373,259
234,746,373,259
231,745,373,259
229,745,373,259
226,744,373,259
224,743,373,259
222,743,392,258
220,743,392,258
219,743,392,258
218,743,392,258
216,743,392,258
215,743,392,258
214,743,392,258
212,743,392,258
211,743,392,258
210,743,392,258
209,743,387,254
208,742,387,254
207,742,387,254
206,741,387,254
206,741,387,254
205,741,387,254
204,740,387,254
204,740,387,254
203,739,387,254
202,739,387,254
202,739,387,254
203,737,387,254
204,735,387,254
205,733,387,254
206,732,387,254
208,730,387,254
209,728,387,254
210,727,387,254
211,725,387,254
212,723,387,254
214,722,394,255
216,720,394,255
218,718,394,255
220,717,394,255
222,715,394,255
224,714,394,255
226,712,394,255
228,710,394,255
230,709,394,255
232,707,394,255
235,706,396,252
237,704,396,252
239,702,396,252
241,701,396,252
243,699,396,252
245,698,396,252
247,696,396,252
249,694,396,252
251,693,396,252
253,691,396,252
256,690,390,266
257,689,390,266
259,688,390,266
261,688,390,266
263,687,390,266
265,687,390,266
267,686,390,266
269,685,390,266
271,685,390,266
273,684,390,266
275,684,388,253
277,683,388,253
279,682,388,253
281,681,388,253
284,681,388,253
286,680,388,253
288,679,388,253
291,679,388,253
293,678,388,253
295,677,388,253
298,677,380,253
300,677,380,253
302,677,380,253
304,677,380,253
306,677,380,253
308,678,380,253
310,678,380,253
312,678,380,253
314,678,380,253
316,678,380,253
318,679,378,233
317,678,378,233
317,677,378,233
317,677,378,233
316,676,378,233
316,676,378,233
316,675,378,233
315,674,378,233
315,674,378,233
315,673,378,233
315,673,381,242
314,672,381,242
314,671,381,242
314,670,381,242
313,669,381,242
313,668,381,242
313,667,381,242
312,666,381,242
312,665,381,242
312,664,381,242
312,664,393,249
317,660,393,249
323,657,393,249
329,654,393,249
334,650,393,249
340,647,393,249
346,644,393,249
351,640,393,249
357,637,393,249
363,634,393,249
369,631,387,269
372,630,387,269
375,630,387,269
378,630,387,269
381,630,387,269
384,630,387,269
387,630,387,269
390,630,387,269
393,630,387,269
396,630,387,269
400,630,375,254
402,628,375,254
405,627,375,254
408,626,375,254
410,625,375,254
413,624,375,254
416,622,375,254
418,621,375,254
421,620,375,254
424,619,375,254
427,618,361,275
429,617,361,275
432,617,361,275
435,617,361,275
438,617,361,275
441,617,361,275
444,616,361,275
447,616,361,275
450,616,361,275
453,616,361,275
456,616,358,268
458,615,358,268
461,615,358,268
463,615,358,268
466,615,358,268
469,615,358,268
471,614,358,268
474,614,358,268
476,614,358,268
479,614,358,268
482,614,343,265
486,613,343,265
490,613,343,265
494,613,343,265
498,613,343,265
502,613,343,265
506,612,343,265
510,612,343,265
514,612,343,265
518,612,343,265
522,612,320,251
524,612,320,251
526,613,320,251
528,613,320,251
530,614,320,251
533,614,320,251
535,615,320,251
537,615,320,251
539,616,320,251
541,616,320,251
544,617,309,261
546,615,309,261
548,614,309,261
550,613,309,261
553,611,309,261
555,610,309,261
557,609,309,261
560,607,309,261
562,606,309,261
564,605,309,261
567,604,298,281
570,603,298,281
573,603,298,281
576,603,298,281
580,603,298,281
583,603,298,281
586,602,298,281
590,602,298,281
593,602,298,281
596,602,298,281
600,602,289,275
602,601,289,275
604,601,289,275
606,600,289,275
608,600,289,275
610,600,289,275
612,599,289,275
614,599,289,275
616,598,289,275
618,598,289,275
621,598,278,290
622,598,278,290
624,598,278,290
625,598,278,290
627,598,278,290
628,598,278,290
630,598,278,290
631,598,278,290
633,598,278,290
634,598,278,290
636,599,262,276
637,598,262,276
639,598,262,276
641,598,262,276
643,598,262,276
645,598,262,276
646,597,262,276
648,597,262,276
650,597,262,276
652,597,262,276
654,597,251,282
657,597,251,282
660,597,251,282
663,597,251,282
666,598,251,282
669,598,251,282
672,598,251,282
675,599,251,282
678,599,251,282
681,599,251,282
685,600,227,277
686,600,227,277
688,600,227,277
689,601,227,277
691,601,227,277
692,602,227,277
694,602,227,277
695,602,227,277
697,603,227,277
698,603,227,277
700,604,209,284
702,604,209,284
704,604,209,284
706,604,209,284
708,604,209,284
710,605,209,284
712,605,209,284
714,605,209,284
716,605,209,284
718,605,209,284
720,606,198,286
720,606,198,286
721,606,198,286
722,607,198,286
723,607,198,286
724,608,198,286
725,608,198,286
726,608,198,286
727,609,198,286
728,609,198,286
729,610,194,293
729,610,194,293
730,611,194,293
731,612,194,293
732,612,194,293
733,613,194,293
734,614,194,293
735,614,194,293
736,615,194,293
737,616,194,293
738,617,180,289
738,616,180,289
738,615,180,289
738,615,180,289
738,614,180,289
739,614,180,289
739,613,180,289
739,612,180,289
739,612,180,289
739,611,180,289
740,611,170,304
740,611,170,304
740,611,170,304
740,612,170,304
740,612,170,304
740,613,170,304
740,613,170,304
740,613,170,304
740,614,170,304
740,614,170,304
741,615,168,305
741,615,168,305
742,615,168,305
742,615,168,305
743,615,168,305
743,616,168,305
744,616,168,305
744,616,168,305
745,616,168,305
745,616,168,305
746,617,155,302
746,617,155,302
746,618,155,302
746,618,155,302
747,619,155,302
747,619,155,302
747,620,155,302
748,620,155,302
748,621,155,302
748,621,155,302
749,622,152,300
749,624,152,300
750,626,152,300
750,628,152,300
751,630,152,300
752,632,152,300
752,634,152,300
753,636,152,300
753,638,152,300
754,640,152,300
755,642,134,280
755,640,134,280
756,639,134,280
757,637,134,280
757,636,134,280
758,634,134,280
759,633,134,280
759,631,134,280
760,630,134,280
761,628,134,280
762,627,134,310
761,628,134,310
761,629,134,310
761,631,134,310
761,632,134,310
761,634,134,310
761,635,134,310
761,636,134,310
761,638,134,310
761,639,134,310
761,641,129,289
760,641,129,289
760,641,129,289
759,641,129,289
759,641,129,289
758,642,129,289
758,642,129,289
757,642,129,289
757,642,129,289
756,642,129,289
756,643,129,289
754,642,129,289
752,642,129,289
750,642,129,289
748,642,129,289
746,642,129,289
744,641,129,289
742,641,129,289
740,641,129,289
738,641,129,289
736,641,151,297
733,640,151,297
731,639,151,297
729,638,151,297
726,638,151,297
724,637,151,297
722,636,151,297
719,636,151,297
717,635,151,297
715,634,151,297
713,634,162,295
711,635,162,295
709,636,162,295
708,637,162,295
706,639,162,295
705,640,162,295
703,641,162,295
701,643,162,295
700,644,162,295
698,645,162,295
697,647,173,286
695,646,173,286
694,646,173,286
693,645,173,286
692,645,173,286
691,644,173,286
689,644,173,286
688,643,173,286
687,643,173,286
686,642,173,286
685,642,173,286
683,643,173,286
681,644,173,286
680,645,173,286
678,646,173,286
677,647,173,286
675,648,173,286
673,649,173,286
672,650,173,286
670,651,173,286
669,652,178,280
668,651,178,280
667,651,178,280
666,650,178,280
665,650,178,280
664,650,178,280
663,649,178,280
662,649,178,280
661,648,178,280
660,648,178,280
660,648,178,280
659,647,178,280
658,647,178,280
657,647,178,280
656,647,178,280
656,647,178,280
655,646,178,280
654,646,178,280
653,646,178,280
652,646,178,280
652,646,178,280
650,645,178,280
649,644,178,280
648,643,178,280
646,643,178,280
645,642,178,280
644,641,178,280
642,641,178,280
641,640,178,280
640,639,178,280
639,639,178,280
637,637,178,280
635,635,178,280
633,633,178,280
631,631,178,280
629,629,178,280
627,627,178,280
625,625,178,280
623,623,178,280
621,621,178,280
619,619,181,296
617,619,181,296
615,620,181,296
613,620,181,296
611,621,181,296
609,621,181,296
607,622,181,296
605,622,181,296
603,623,181,296
601,623,181,296
599,624,178,280
597,623,178,280
595,622,178,280
593,622,178,280
592,621,178,280
590,621,178,280
588,620,178,280
587,619,178,280
585,619,178,280
583,618,178,280
582,618,178,280
582,617,178,280
582,617,178,280
582,617,178,280
582,616,178,280
583,616,178,280
583,616,178,280
583,615,178,280
583,615,178,280
583,615,178,280
584,615,178,280
588,604,178,280
592,594,178,280
596,584,178,280
600,574,178,280
604,564,178,280
608,554,178,280
612,544,178,280
616,534,178,280
620,524,178,280
624,514,122,268
626,513,122,268
628,513,122,268
630,513,122,268
632,513,122,268
635,513,122,268
637,513,122,268
639,513,122,268
641,513,122,268
643,513,122,268
646,513,128,271
646,513,128,271
647,513,128,271
647,513,128,271
648,513,128,271
648,513,128,271
649,513,128,271
649,513,128,271
650,513,128,271
650,513,128,271
651,514,127,268
650,514,127,268
650,514,127,268
649,514,127,268
649,514,127,268
648,515,127,268
648,515,127,268
647,515,127,268
647,515,127,268
646,515,127,268
646,516,132,268
644,515,132,268
643,514,132,268
642,513,132,268
640,513,132,268
639,512,132,268
638,511,132,268
636,511,132,268
635,510,132,268
634,509,132,268
633,509,139,270
633,509,139,270
633,510,139,270
633,511,139,270
633,511,139,270
634,512,139,270
634,513,139,270
634,513,139,270
634,514,139,270
634,515,139,270
635,516,126,264
635,515,126,264
635,515,126,264
635,515,126,264
635,515,126,264
635,515,126,264
635,515,126,264
635,515,126,264
635,515,126,264
635,515,126,264
635,515,125,269
634,514,125,269
633,514,125,269
632,514,125,269
631,514,125,269
630,514,125,269
629,514,125,269
628,514,125,269
627,514,125,269
626,514,125,269
625,514,129,268
624,514,129,268
624,515,129,268
624,516,129,268
624,517,129,268
624,518,129,268
624,518,129,268
624,519,129,268
624,520,129,268
624,521,129,268
624,522,128,266
622,521,128,266
620,520,128,266
618,519,128,266
617,519,128,266
615,518,128,266
613,517,128,266
612,517,128,266
610,516,128,266
608,515,128,266
607,515,139,270
606,515,139,270
606,516,139,270
606,517,139,270
606,518,139,270
606,519,139,270
605,520,139,270
605,521,139,270
605,522,139,270
605,523,139,270
605,524,139,270
604,525,139,270
603,526,139,270
602,527,139,270
601,528,139,270
600,529,139,270
599,530,139,270
598,531,139,270
597,532,139,270
596,533,139,270
596,535,139,270
595,535,139,270
595,536,139,270
594,536,139,270
594,537,139,270
594,537,139,270
593,538,139,270
593,538,139,270
592,539,139,270
592,539,139,270
592,540,139,270
591,541,139,270
590,542,139,270
589,543,139,270
588,545,139,270
587,546,139,270
586,547,139,270
585,549,139,270
584,550,139,270
583,551,139,270
582,553,139,270
581,554,139,270
580,555,139,270
579,556,139,270
578,558,139,270
578,559,139,270
577,560,139,270
576,562,139,270
575,563,139,270
574,564,139,270
574,566,139,270
573,567,139,270
572,568,139,270
571,569,139,270
570,571,139,270
570,572,139,270
569,573,139,270
568,575,139,270
567,576,139,270
566,577,139,270
566,579,139,270
565,580,139,270
564,582,139,270
563,584,139,270
563,586,139,270
562,588,139,270
561,590,139,270
561,592,139,270
560,594,139,270
559,596,139,270
559,598,139,270
558,599,139,270
558,601,139,270
557,603,139,270
557,605,139,270
557,607,139,270
556,608,139,270
556,610,139,270
555,612,139,270
555,614,139,270
555,616,139,270
555,618,139,270
555,621,139,270
555,623,139,270
555,626,139,270
555,629,139,270
555,631,139,270
555,634,139,270
555,636,139,270
555,639,139,270
556,642,139,270
555,644,139,270
555,646,139,270
555,649,139,270
554,651,139,270
554,654,139,270
554,656,139,270
553,658,139,270
553,661,139,270
553,663,139,270
553,666,139,270
552,668,139,270
552,671,139,270
552,673,139,270
552,676,139,270
552,679,139,270
551,681,139,270
551,684,139,270
551,686,139,270
551,689,139,270
551,692,139,270
550,694,139,270
549,696,139,270
549,698,139,270
548,700,139,270
548,702,139,270
547,704,139,270
546,706,139,270
546,708,139,270
545,710,139,270
545,713,149,273
544,715,149,273
543,717,149,273
542,719,149,273
542,721,149,273
541,723,149,273
540,725,149,273
540,727,149,273
539,729,149,273
538,731,149,273
538,733,152,279
538,733,152,279
539,733,152,279
540,734,152,279
540,734,152,279
541,735,152,279
542,735,152,279
542,735,152,279
543,736,152,279
544,736,152,279
545,737,153,300
544,739,153,300
544,742,153,300
544,745,153,300
544,747,153,300
544,750,153,300
543,753,153,300
543,755,153,300
543,758,153,300
543,761,153,300
543,764,153,300
542,765,153,300
542,767,153,300
541,768,153,300
541,770,153,300
541,772,153,300
540,773,153,300
540,775,153,300
539,776,153,300
539,778,153,300
539,780,153,300
539,779,153,300
539,779,153,300
539,779,153,300
539,779,153,300
539,779,153,300
539,779,153,300
539,779,153,300
539,779,153,300
539,779,153,300
540,779,164,301
540,779,164,301
541,779,164,301
541,779,164,301
542,779,164,301
542,779,164,301
543,779,164,301
543,779,164,301
544,779,164,301
544,779,164,301
545,779,164,301
544,779,164,301
544,779,164,301
544,779,164,301
543,779,164,301
543,779,164,301
543,779,164,301
542,779,164,301
542,779,164,301
542,779,164,301
542,779,164,301
542,778,164,301
543,777,164,301
544,777,164,301
545,776,164,301
546,776,164,301
547,775,164,301
548,774,164,301
549,774,164,301
550,773,164,301
551,773,164,301
551,771,164,301
551,770,164,301
551,768,164,301
551,767,164,301
551,765,164,301
551,764,164,301
551,762,164,301
551,761,164,301
551,759,164,301
551,758,164,301
551,756,164,301
552,754,164,301
552,752,164,301
553,751,164,301
554,749,164,301
554,747,164,301
555,746,164,301
555,744,164,301
556,742,164,301
557,741,164,301
557,739,164,301
557,738,164,301
557,737,164,301
557,735,164,301
557,734,164,301
557,733,164,301
557,731,164,301
557,730,164,301
557,729,164,301
558,728,164,301
558,726,164,301
559,725,164,301
560,724,164,301
560,722,164,301
561,721,164,301
562,720,164,301
562,718,164,301
563,717,164,301
564,716,164,301
565,715,164,301
566,712,164,301
567,710,164,301
568,708,164,301
569,706,164,301
570,704,164,301
571,702,164,301
572,700,164,301
573,698,164,301
574,696,164,301
575,694,156,290
576,691,156,290
577,688,156,290
578,686,156,290
579,683,156,290
581,681,156,290
582,678,156,290
583,675,156,290
584,673,156,290
585,670,156,290
587,668,144,301
586,666,144,301
586,665,144,301
586,664,144,301
586,662,144,301
586,661,144,301
585,660,144,301
585,658,144,301
585,657,144,301
585,656,144,301
585,655,140,287
585,652,140,287
586,650,140,287
587,647,140,287
587,645,140,287
588,642,140,287
589,640,140,287
589,637,140,287
590,635,140,287
591,632,140,287
592,630,133,295
592,628,133,295
593,627,133,295
594,625,133,295
594,624,133,295
595,623,133,295
596,621,133,295
596,620,133,295
597,618,133,295
598,617,133,295
599,616,130,285
598,615,130,285
598,615,130,285
597,614,130,285
597,614,130,285
596,614,130,285
596,613,130,285
595,613,130,285
595,612,130,285
594,612,130,285
594,612,126,263
593,609,126,263
592,607,126,263
591,604,126,263
591,602,126,263
590,600,126,263
589,597,126,263
589,595,126,263
588,592,126,263
587,590,126,263
587,588,136,272
587,587,136,272
587,587,136,272
588,586,136,272
588,586,136,272
589,585,136,272
589,585,136,272
589,584,136,272
590,584,136,272
590,583,136,272
591,583,136,265
590,581,136,265
590,579,136,265
589,577,136,265
589,576,136,265
589,574,136,265
588,572,136,265
588,571,136,265
587,569,136,265
587,567,136,265
587,566,136,265
586,565,136,265
586,564,136,265
585,563,136,265
585,562,136,265
584,561,136,265
584,560,136,265
583,559,136,265
583,558,136,265
582,557,136,265
582,556,136,265
581,554,136,265
580,552,136,265
580,550,136,265
579,549,136,265
579,547,136,265
578,545,136,265
577,544,136,265
577,542,136,265
576,540,136,265
576,539,136,265
575,537,136,265
575,536,136,265
575,535,136,265
575,534,136,265
575,533,136,265
574,531,136,265
574,530,136,265
574,529,136,265
574,528,136,265
574,527,136,265
573,526,136,265
573,525,136,265
572,524,136,265
572,523,136,265
572,523,136,265
571,522,136,265
571,521,136,265
570,520,136,265
570,519,136,265
570,519,136,265
570,518,136,265
570,517,136,265
571,516,136,265
571,515,136,265
572,514,136,265
572,513,136,265
572,512,136,265
573,511,136,265
573,510,136,265
574,509,132,273
573,508,132,273
572,507,132,273
571,506,132,273
570,506,132,273
569,505,132,273
568,504,132,273
567,504,132,273
566,503,132,273
565,502,132,273
564,502,132,273
564,501,132,273
564,500,132,273
564,499,132,273
564,498,132,273
564,497,132,273
564,496,132,273
564,495,132,273
564,494,132,273
564,493,132,273
564,492,132,273
562,491,132,273
561,490,132,273
560,489,132,273
558,488,132,273
557,488,132,273
556,487,132,273
554,486,132,273
553,485,132,273
552,484,132,273
551,484,132,273
550,482,132,273
550,481,132,273
550,480,132,273
550,479,132,273
550,478,132,273
549,476,132,273
549,475,132,273
549,474,132,273
549,473,132,273
549,472,132,273
548,471,132,273
547,471,132,273
546,470,132,273
546,470,132,273
545,470,132,273
544,469,132,273
544,469,132,273
543,468,132,273
542,468,132,273
542,468,132,273
542,467,132,273
542,466,132,273
542,466,132,273
543,465,132,273
543,465,132,273
543,464,132,273
544,463,132,273
544,463,132,273
544,462,132,273
545,462,132,273
544,461,132,273
544,461,132,273
543,461,132,273
543,461,132,273
543,461,132,273
542,460,132,273
542,460,132,273
541,460,132,273
541,460,132,273
541,460,132,273
540,459,132,273
540,459,132,273
539,458,132,273
539,458,132,273
539,458,132,273
538,457,132,273
538,457,132,273
537,456,132,273
537,456,132,273
537,456,132,273
537,455,132,273
537,454,132,273
537,453,132,273
537,452,132,273
538,451,132,273
538,450,132,273
538,449,132,273
538,448,132,273
538,447,132,273
539,447,132,273
538,447,132,273
538,447,132,273
538,448,132,273
538,448,132,273
538,449,132,273
537,449,132,273
537,449,132,273
537,450,132,273
537,450,132,273
537,451,132,273
536,450,132,273
536,450,132,273
536,450,132,273
536,450,132,273
536,450,132,273
535,450,132,273
535,450,132,273
535,450,132,273
535,450,132,273
535,450,132,273
534,450,132,273
534,450,132,273
533,450,132,273
533,450,132,273
533,450,132,273
532,450,132,273
532,450,132,273
531,450,132,273
531,450,132,273
531,450,132,269
530,449,132,269
530,448,132,269
530,448,132,269
530,447,132,269
530,447,132,269
529,446,132,269
529,445,132,269
529,445,132,269
529,444,132,269
529,444,132,269
528,443,132,269
528,443,132,269
528,443,132,269
528,442,132,269
528,442,132,269
527,442,132,269
527,441,132,269
527,441,132,269
527,441,132,269
527,441,132,269
527,440,132,269
527,439,132,269
527,438,132,269
527,437,132,269
527,436,132,269
527,435,132,269
527,434,132,269
527,433,132,269
527,432,132,269
527,431,132,269
526,430,132,269
525,430,132,269
524,430,132,269
524,430,132,269
523,430,132,269
522,429,132,269
522,429,132,269
521,429,132,269
520,429,132,269
520,429,132,269
519,428,132,269
519,428,132,269
519,428,132,269
519,428,132,269
519,428,132,269
518,427,132,269
518,427,132,269
518,427,132,269
518,427,132,269
518,427,132,269
517,426,132,269
517,426,132,269
517,426,132,269
517,426,132,269
517,426,132,269
516,425,132,269
516,425,132,269
516,425,132,269
516,425,132,269
516,425,118,261
515,425,118,261
514,425,118,261
514,425,118,261
513,425,118,261
513,425,118,261
512,425,118,261
511,425,118,261
511,425,118,261
510,425,118,261
510,425,118,261
509,424,118,261
509,424,118,261
509,424,118,261
509,423,118,261
509,423,118,261
508,423,118,261
508,422,118,261
508,422,118,261
508,422,118,261
508,422,118,261
507,421,118,261
507,421,118,261
507,421,118,261
507,420,118,261
507,420,118,261
506,420,118,261
506,419,118,261
506,419,118,261
506,419,118,261
506,419,118,261
505,418,118,261
504,418,118,261
503,417,118,261
503,417,118,261
502,416,118,261
501,416,118,261
501,415,118,261
500,415,118,261
499,414,118,261
499,414,118,261
498,413,118,261
498,412,118,261
498,411,118,261
498,411,118,261
498,410,118,261
497,409,118,261
497,409,118,261
497,408,118,261
497,407,118,261
497,407,118,261
496,406,118,261
496,406,118,261
496,405,118,261
496,405,118,261
496,404,118,261
495,404,118,261
495,403,118,261
495,403,118,261
495,402,118,261
495,402,118,261
494,401,118,261
494,401,118,261
494,400,118,261
494,400,118,261
494,400,118,261
493,399,118,261
493,399,118,261
493,398,118,261
493,398,118,261
493,398,118,261
492,398,118,261
491,398,118,261
490,398,118,261
490,399,118,261
489,399,118,261
488,399,118,261
488,400,118,261
487,400,118,261
486,400,118,261
486,401,123,265
485,400,123,265
485,399,123,265
485,398,123,265
485,397,123,265
485,397,123,265
485,396,123,265
485,395,123,265
485,394,123,265
485,393,123,265
485,393,123,265
484,393,123,265
484,393,123,265
484,394,123,265
483,394,123,265
483,395,123,265
483,395,123,265
482,395,123,265
482,396,123,265
482,396,123,265
482,397,125,256
481,396,125,256
481,396,125,256
481,396,125,256
481,395,125,256
481,395,125,256
481,395,125,256
481,394,125,256
481,394,125,256
481,394,125,256
481,394,125,256
480,393,125,256
480,393,125,256
480,393,125,256
479,393,125,256
479,393,125,256
479,393,125,256
478,393,125,256
478,393,125,256
478,393,125,256
478,393,123,251
478,393,123,251
479,394,123,251
480,395,123,251
481,396,123,251
482,397,123,251
483,397,123,251
484,398,123,251
485,399,123,251
486,400,123,251
487,401,113,240
486,400,113,240
486,400,113,240
485,400,113,240
485,400,113,240
484,400,113,240
484,399,113,240
483,399,113,240
483,399,113,240
482,399,113,240
482,399,123,251
481,399,123,251
481,399,123,251
481,399,123,251
480,399,123,251
480,399,123,251
480,399,123,251
479,399,123,251
479,399,123,251
479,399,123,251
479,399,123,251
476,405,123,251
473,411,123,251
470,417,123,251
467,423,123,251
464,430,123,251
461,436,123,251
458,442,123,251
455,448,123,251
452,454,123,251
450,461,140,255
449,460,140,255
449,460,140,255
449,460,140,255
449,459,140,255
449,459,140,255
449,459,140,255
449,458,140,255
449,458,140,255
449,458,140,255
449,458,140,255
449,458,140,255
449,458,140,255
450,458,140,255
450,458,140,255
451,458,140,255
451,458,140,255
451,458,140,255
452,458,140,255
452,458,140,255
453,459,140,255
452,459,140,255
452,459,140,255
452,459,140,255
452,460,140,255
452,460,140,255
451,460,140,255
451,461,140,255
451,461,140,255
451,461,140,255
451,462,140,255
450,462,140,255
450,462,140,255
450,463,140,255
450,463,140,255
450,464,140,255
449,464,140,255
449,464,140,255
449,465,140,255
449,465,140,255
449,466,140,255
449,466,140,255
449,467,140,255
449,467,140,255
450,468,140,255
450,468,140,255
450,469,140,255
451,469,140,255
451,470,140,255
451,470,140,255
452,471,152,253
451,471,152,253
451,472,152,253
450,472,152,253
450,473,152,253
449,473,152,253
449,474,152,253
448,474,152,253
448,475,152,253
447,475,152,253
447,476,152,253
447,477,152,253
448,479,152,253
448,481,152,253
449,482,152,253
450,484,152,253
450,486,152,253
451,487,152,253
451,489,152,253
452,491,152,253
453,493,146,248
452,492,146,248
452,492,146,248
451,492,146,248
451,492,146,248
451,492,146,248
450,492,146,248
450,492,146,248
449,492,146,248
449,492,146,248
449,492,145,256
448,492,145,256
448,493,145,256
448,494,145,256
448,495,145,256
448,496,145,256
447,497,145,256
447,498,145,256
447,499,145,256
447,500,145,256
447,501,145,256
448,502,145,256
449,503,145,256
451,504,145,256
452,506,145,256
454,507,145,256
455,508,145,256
456,510,145,256
458,511,145,256
459,512,145,256
461,514,130,256
461,514,130,256
461,514,130,256
462,514,130,256
462,514,130,256
463,514,130,256
463,514,130,256
463,514,130,256
464,514,130,256
464,514,130,256
465,514,130,256
465,514,130,256
465,514,130,256
465,515,130,256
465,515,130,256
465,516,130,256
465,516,130,256
465,516,130,256
465,517,130,256
465,517,130,256
465,518,130,256
465,517,130,256
466,517,130,256
466,517,130,256
467,517,130,256
467,517,130,256
468,517,130,256
468,517,130,256
469,517,130,256
469,517,130,256
470,517,130,256
470,515,130,256
471,514,130,256
472,512,130,256
473,511,130,256
474,510,130,256
475,508,130,256
476,507,130,256
477,505,130,256
478,504,130,256
479,503,132,271
479,503,132,271
479,503,132,271
480,503,132,271
480,503,132,271
481,503,132,271
481,503,132,271
481,503,132,271
482,503,132,271
482,503,132,271
483,503,135,267
484,503,135,267
485,503,135,267
486,503,135,267
487,503,135,267
488,503,135,267
489,503,135,267
490,503,135,267
491,503,135,267
492,503,135,267
494,503,126,261
494,501,126,261
494,500,126,261
494,498,126,261
495,497,126,261
495,495,126,261
495,494,126,261
496,492,126,261
496,491,126,261
496,489,126,261
497,488,129,269
497,488,129,269
498,488,129,269
498,488,129,269
499,488,129,269
499,488,129,269
500,488,129,269
500,488,129,269
501,488,129,269
501,488,129,269
502,488,128,262
503,487,128,262
505,486,128,262
506,485,128,262
508,484,128,262
509,484,128,262
511,483,128,262
512,482,128,262
514,481,128,262
515,480,128,262
517,480,128,262
517,479,128,262
517,478,128,262
517,477,128,262
518,476,128,262
518,475,128,262
518,474,128,262
519,473,128,262
519,472,128,262
519,471,128,262
520,471,128,262
520,469,128,262
521,467,128,262
521,465,128,262
522,463,128,262
523,461,128,262
523,459,128,262
524,457,128,262
524,455,128,262
525,453,128,262
526,452,128,262
527,451,128,262
528,451,128,262
529,450,128,262
530,450,128,262
531,450,128,262
532,449,128,262
533,449,128,262
534,448,128,262
535,448,128,262
536,448,128,262
535,446,128,262
535,444,128,262
535,442,128,262
535,440,128,262
535,438,128,262
534,436,128,262
534,434,128,262
534,432,128,262
534,430,128,262
534,428,128,262
534,427,128,262
535,426,128,262
535,425,128,262
536,424,128,262
536,423,128,262
537,422,128,262
537,421,128,262
538,420,128,262
538,419,128,262
539,418,128,262
539,417,128,262
539,416,128,262
539,415,128,262
539,414,128,262
540,413,128,262
540,412,128,262
540,411,128,262
540,410,128,262
540,409,128,262
541,408,128,262
540,406,128,262
540,405,128,262
540,404,128,262
540,402,128,262
540,401,128,262
540,400,128,262
540,398,128,262
540,397,128,262
540,396,128,262
540,395,129,251
539,393,129,251
539,392,129,251
539,391,129,251
539,389,129,251
539,388,129,251
538,387,129,251
538,385,129,251
538,384,129,251
538,383,129,251
538,382,129,251
535,381,129,251
533,380,129,251
531,379,129,251
529,378,129,251
527,378,129,251
524,377,129,251
522,376,129,251
520,375,129,251
518,374,129,251
516,374,129,251
515,372,129,251
515,370,129,251
514,368,129,251
514,366,129,251
514,365,129,251
513,363,129,251
513,361,129,251
512,359,129,251
512,357,129,251
512,356,129,251
512,354,129,251
512,353,129,251
512,352,129,251
512,350,129,251
512,349,129,251
512,348,129,251
512,346,129,251
512,345,129,251
512,344,129,251
513,343,129,251
513,341,129,251
513,340,129,251
514,338,129,251
514,337,129,251
515,335,129,251
515,334,129,251
515,332,129,251
516,331,129,251
516,329,129,251
517,328,129,251
517,327,129,251
517,327,129,251
517,326,129,251
517,326,129,251
517,325,129,251
517,325,129,251
517,324,129,251
517,324,129,251
517,323,129,251
518,323,121,239
518,321,121,239
518,320,121,239
518,318,121,239
518,317,121,239
519,315,121,239
519,314,121,239
519,312,121,239
519,311,121,239
519,309,121,239
520,308,121,239
520,307,121,239
520,306,121,239
520,305,121,239
520,304,121,239
520,304,121,239
520,303,121,239
520,302,121,239
520,301,121,239
520,300,121,239
521,300,121,239
521,298,121,239
521,296,121,239
521,295,121,239
521,293,121,239
521,292,121,239
521,290,121,239
521,288,121,239
521,287,121,239
521,285,121,239
521,284,121,239
521,283,121,239
521,282,121,239
521,281,121,239
521,280,121,239
522,279,121,239
522,278,121,239
522,277,121,239
522,276,121,239
522,275,121,239
523,274,121,239
523,272,121,239
523,270,121,239
523,268,121,239
523,266,121,239
524,265,121,239
524,263,121,239
524,261,121,239
524,259,121,239
524,257,121,239
525,256,121,239
524,255,121,239
524,254,121,239
524,253,121,239
524,252,121,239
524,252,121,239
523,251,121,239
523,250,121,239
523,249,121,239
523,248,121,239
523,248,121,239
522,247,121,239
522,247,121,239
522,247,121,239
522,247,121,239
522,247,121,239
521,246,121,239
521,246,121,239
521,246,121,239
521,246,121,239
521,246,120,233
520,245,120,233
520,244,120,233
520,243,120,233
520,242,120,233
520,241,120,233
519,240,120,233
519,239,120,233
519,238,120,233
519,237,120,233
519,237,120,229
519,235,120,229
519,234,120,229
519,233,120,229
519,232,120,229
519,231,120,229
519,230,120,229
519,229,120,229
519,228,120,229
519,227,120,229
519,226,120,229
518,225,120,229
518,224,120,229
518,223,120,229
518,223,120,229
518,222,120,229
517,221,120,229
517,221,120,229
517,220,120,229
517,219,120,229
517,219,120,229
516,218,120,229
515,217,120,229
515,217,120,229
514,216,120,229
514,216,120,229
513,215,120,229
512,214,120,229
512,214,120,229
511,213,120,229
511,213,120,229
511,212,120,229
511,211,120,229
511,210,120,229
511,209,120,229
511,209,120,229
511,208,120,229
511,207,120,229
511,206,120,229
511,205,120,229
511,205,120,229
510,204,120,229
510,204,120,229
510,203,120,229
509,203,120,229
509,202,120,229
509,202,120,229
508,201,120,229
508,201,120,229
508,200,120,229
508,200,120,229
507,199,120,229
506,198,120,229
505,197,120,229
505,197,120,229
504,196,120,229
503,195,120,229
503,195,120,229
502,194,120,229
501,193,120,229
501,193,120,229
500,192,120,229
500,192,120,229
500,192,120,229
500,192,120,229
500,192,120,229
499,192,120,229
499,192,120,229
499,192,120,229
499,192,120,229
499,192,120,229
498,191,120,229
498,191,120,229
498,191,120,229
498,190,120,229
498,190,120,229
497,190,120,229
497,189,120,229
497,189,120,229
497,189,120,229
497,189,120,229
496,188,120,229
496,188,120,229
496,187,120,229
496,187,120,229
496,186,120,229
495,186,120,229
495,185,120,229
495,185,120,229
495,184,120,229
495,184,120,229
494,183,120,229
494,183,120,229
494,183,120,229
494,182,120,229
494,182,120,229
493,182,120,229
493,181,120,229
493,181,120,229
493,181,120,229
493,181,120,229
492,181,120,229
492,181,120,229
492,181,120,229
492,181,120,229
492,182,120,229
491,182,120,229
491,182,120,229
491,182,120,229
491,182,120,229
491,183,120,229
490,182,120,229
489,182,120,229
489,181,120,229
488,181,120,229
488,181,120,229
487,180,120,229
486,180,120,229
486,179,120,229
485,179,120,229
485,179,120,229
484,179,120,229
484,179,120,229
483,180,120,229
483,180,120,229
483,181,120,229
482,181,120,229
482,181,120,229
481,182,120,229
481,182,120,229
481,183,120,229
481,183,120,229
481,183,120,229
481,183,120,229
481,184,120,229
482,184,120,229
482,184,120,229
482,185,120,229
482,185,120,229
482,185,120,229
483,186,120,229
484,186,120,229
485,186,120,229
486,186,120,229
487,187,120,229
488,187,120,229
489,187,120,229
490,188,120,229
491,188,120,229
492,188,120,229
494,189,118,224
494,189,118,224
494,189,118,224
494,189,118,224
494,189,118,224
494,190,118,224
494,190,118,224
494,190,118,224
494,190,118,224
494,190,118,224
494,191,120,224
495,191,120,224
496,192,120,224
497,193,120,224
499,194,120,224
500,195,120,224
501,196,120,224
503,197,120,224
504,198,120,224
505,199,120,224
507,200,120,224
507,200,120,224
507,200,120,224
507,200,120,224
507,200,120,224
508,200,120,224
508,200,120,224
508,200,120,224
508,200,120,224
508,200,120,224
509,200,120,224
510,200,120,224
511,201,120,224
512,202,120,224
513,203,120,224
514,204,120,224
515,205,120,224
516,206,120,224
517,207,120,224
518,208,120,224
520,209,120,224
521,209,120,224
522,209,120,224
523,209,120,224
524,209,120,224
525,209,120,224
526,209,120,224
527,209,120,224
528,209,120,224
529,209,120,224
531,210,120,224
531,210,120,224
531,211,120,224
531,211,120,224
531,212,120,224
532,212,120,224
532,213,120,224
532,213,120,224
532,214,120,224
532,214,120,224
533,215,120,224
533,216,120,224
533,217,120,224
533,218,120,224
534,219,120,224
534,220,120,224
534,221,120,224
535,222,120,224
535,223,120,224
535,224,120,224
536,226,120,224
536,226,120,224
537,226,120,224
537,226,120,224
538,226,120,224
538,227,120,224
539,227,120,224
539,227,120,224
540,227,120,224
540,227,120,224
541,228,120,224
541,230,120,224
542,232,120,224
543,235,120,224
544,237,120,224
545,240,120,224
546,242,120,224
547,244,120,224
548,247,120,224
549,249,120,224
550,252,120,224
550,253,120,224
550,254,120,224
550,255,120,224
551,256,120,224
551,258,120,224
551,259,120,224
552,260,120,224
552,261,120,224
552,262,120,224
553,264,120,224
552,265,120,224
552,266,120,224
552,267,120,224
552,268,120,224
552,269,120,224
551,270,120,224
551,271,120,224
551,272,120,224
551,273,120,224
551,275,120,224
551,275,120,224
552,276,120,224
552,276,120,224
553,277,120,224
553,278,120,224
554,278,120,224
554,279,120,224
555,279,120,224
555,280,120,224
556,281,123,232
556,282,123,232
556,284,123,232
556,285,123,232
556,287,123,232
557,288,123,232
557,290,123,232
557,291,123,232
557,293,123,232
557,294,123,232
558,296,123,232
558,298,123,232
558,300,123,232
558,302,123,232
559,304,123,232
559,306,123,232
559,308,123,232
560,310,123,232
560,312,123,232
560,314,123,232
561,317,123,232
560,318,123,232
560,320,123,232
560,321,123,232
560,323,123,232
560,324,123,232
560,326,123,232
560,327,123,232
560,329,123,232
560,330,123,232
560,332,119,238
560,334,119,238
560,336,119,238
561,338,119,238
561,340,119,238
562,342,119,238
562,344,119,238
562,346,119,238
563,348,119,238
563,350,119,238
564,352,119,238
564,353,119,238
564,355,119,238
564,357,119,238
564,359,119,238
564,361,119,238
564,363,119,238
564,365,119,238
564,367,119,238
564,369,119,238
565,371,119,238
564,373,119,238
564,376,119,238
563,378,119,238
563,381,119,238
563,384,119,238
562,386,119,238
562,389,119,238
561,391,119,238
561,394,119,238
561,397,119,238
561,399,119,238
561,401,119,238
561,403,119,238
561,405,119,238
561,407,119,238
561,409,119,238
561,411,119,238
561,413,119,238
561,415,119,238
561,418,119,238
561,420,119,238
561,422,119,238
561,424,119,238
562,426,119,238
562,428,119,238
562,430,119,238
563,432,119,238
563,434,119,238
563,436,119,238
564,439,119,238
563,439,119,238
563,440,119,238
562,441,119,238
562,442,119,238
562,443,119,238
561,444,119,238
561,445,119,238
560,446,119,238
560,447,119,238
560,448,121,252
560,448,121,252
560,449,121,252
560,450,121,252
560,450,121,252
560,451,121,252
560,452,121,252
560,452,121,252
560,453,121,252
560,454,121,252
560,455,121,259
559,457,121,259
559,459,121,259
558,461,121,259
558,463,121,259
558,465,121,259
557,467,121,259
557,469,121,259
556,471,121,259
556,473,121,259
556,475,121,259
556,475,121,259
556,476,121,259
556,477,121,259
556,478,121,259
556,479,121,259
556,480,121,259
556,481,121,259
556,482,121,259
556,483,121,259
557,484,121,259
556,485,121,259
556,486,121,259
555,487,121,259
555,488,121,259
554,489,121,259
554,490,121,259
553,491,121,259
553,492,121,259
552,493,121,259
552,494,120,266
539,483,120,266
527,473,120,266
515,463,120,266
503,452,120,266
491,442,120,266
478,432,120,266
466,421,120,266
454,411,120,266
442,401,120,266
430,391,184,225
429,388,184,225
428,386,184,225
427,383,184,225
426,381,184,225
425,378,184,225
424,376,184,225
423,373,184,225
422,371,184,225
421,368,184,225
420,366,190,253
420,366,190,253
420,367,190,253
420,367,190,253
420,368,190,253
421,369,190,253
421,369,190,253
421,370,190,253
421,370,190,253
421,371,190,253
422,372,178,244
422,371,178,244
422,371,178,244
422,371,178,244
422,370,178,244
422,370,178,244
422,370,178,244
422,369,178,244
422,369,178,244
422,369,178,244
423,369,167,247
422,368,167,247
421,368,167,247
420,367,167,247
420,367,167,247
419,366,167,247
418,366,167,247
418,365,167,247
417,365,167,247
416,364,167,247
416,364,167,246
415,363,167,246
415,363,167,246
414,363,167,246
414,363,167,246
414,363,167,246
413,362,167,246
413,362,167,246
412,362,167,246
412,362,167,246
412,362,164,248
411,362,164,248
411,362,164,248
410,362,164,248
410,362,164,248
409,362,164,248
409,362,164,248
408,362,164,248
408,362,164,248
407,362,164,248
407,363,164,248
406,364,164,248
406,365,164,248
405,367,164,248
405,368,164,248
405,370,164,248
404,371,164,248
404,372,164,248
403,374,164,248
403,375,164,248
403,377,164,248
402,377,164,248
402,377,164,248
402,378,164,248
402,378,164,248
402,379,164,248
402,379,164,248
402,379,164,248
402,380,164,248
402,380,164,248
402,381,149,247
402,380,149,247
402,380,149,247
402,380,149,247
402,380,149,247
402,380,149,247
402,380,149,247
402,380,149,247
402,380,149,247
402,380,149,247
403,380,144,255
403,381,144,255
403,382,144,255
403,383,144,255
403,384,144,255
403,385,144,255
403,386,144,255
403,387,144,255
403,388,144,255
403,389,144,255
404,390,135,256
404,391,135,256
404,392,135,256
404,393,135,256
404,394,135,256
405,396,135,256
405,397,135,256
405,398,135,256
405,399,135,256
405,400,135,256
406,402,133,248
405,403,133,248
404,404,133,248
403,405,133,248
403,406,133,248
402,407,133,248
401,408,133,248
401,409,133,248
400,410,133,248
399,411,133,248
399,413,132,254
399,414,132,254
400,416,132,254
401,418,132,254
401,419,132,254
402,421,132,254
403,423,132,254
403,424,132,254
404,426,132,254
405,428,132,254
406,430,122,250
405,429,122,250
405,429,122,250
405,429,122,250
405,429,122,250
405,429,122,250
405,428,122,250
405,428,122,250
405,428,122,250
405,428,122,250
405,428,124,265
404,430,124,265
404,433,124,265
403,436,124,265
403,438,124,265
403,441,124,265
402,444,124,265
402,446,124,265
401,449,124,265
401,452,124,265
401,455,119,249
400,454,119,249
400,453,119,249
400,453,119,249
399,452,119,249
399,452,119,249
399,451,119,249
398,450,119,249
398,450,119,249
398,449,119,249
398,449,119,267
398,451,119,267
398,454,119,267
398,456,119,267
398,459,119,267
398,461,119,267
398,464,119,267
398,466,119,267
398,469,119,267
398,471,119,267
399,474,120,258
398,475,120,258
398,476,120,258
398,478,120,258
397,479,120,258
397,481,120,258
397,482,120,258
396,483,120,258
396,485,120,258
396,486,120,258
396,488,118,265
395,489,118,265
394,490,118,265
393,491,118,265
393,492,118,265
392,493,118,265
391,494,118,265
391,495,118,265
390,496,118,265
389,497,118,265
389,499,112,275
389,501,112,275
389,504,112,275
389,506,112,275
389,509,112,275
389,512,112,275
389,514,112,275
389,517,112,275
389,519,112,275
389,522,112,275
389,525,123,265
388,525,123,265
387,526,123,265
386,526,123,265
385,527,123,265
384,527,123,265
383,528,123,265
382,528,123,265
381,529,123,265
380,529,123,265
380,530,129,274
379,530,129,274
378,531,129,274
377,531,129,274
376,532,129,274
375,532,129,274
374,533,129,274
373,533,129,274
372,534,129,274
371,534,129,274
371,535,129,274
370,536,129,274
370,537,129,274
369,539,129,274
369,540,129,274
369,542,129,274
368,543,129,274
368,544,129,274
367,546,129,274
367,547,129,274
367,549,129,274
366,549,129,274
365,549,129,274
365,549,129,274
364,550,129,274
364,550,129,274
363,550,129,274
362,551,129,274
362,551,129,274
361,551,129,274
361,552,138,285
360,553,138,285
360,555,138,285
360,556,138,285
360,558,138,285
360,560,138,285
360,561,138,285
360,563,138,285
360,564,138,285
360,566,138,285
360,568,139,276
361,568,139,276
362,568,139,276
363,568,139,276
364,568,139,276
365,569,139,276
366,569,139,276
367,569,139,276
368,569,139,276
369,569,139,276
370,570,139,276
370,570,139,276
370,570,139,276
371,570,139,276
371,570,139,276
372,570,139,276
372,570,139,276
372,570,139,276
373,570,139,276
373,570,139,276
374,570,143,282
373,569,143,282
372,568,143,282
371,567,143,282
371,567,143,282
370,566,143,282
369,565,143,282
369,565,143,282
368,564,143,282
367,563,143,282
367,563,156,294
367,562,156,294
367,562,156,294
367,561,156,294
367,561,156,294
368,560,156,294
368,560,156,294
368,559,156,294
368,559,156,294
368,558,156,294
369,558,156,294
369,557,156,294
370,557,156,294
371,556,156,294
371,556,156,294
372,556,156,294
373,555,156,294
373,555,156,294
374,554,156,294
375,554,156,294
376,554,163,283
375,554,163,283
374,554,163,283
373,554,163,283
372,554,163,283
371,554,163,283
370,554,163,283
369,554,163,283
368,554,163,283
367,554,163,283
367,555,172,276
368,554,172,276
369,554,172,276
370,553,172,276
372,553,172,276
373,552,172,276
374,552,172,276
376,551,172,276
377,551,172,276
378,550,172,276
380,550,172,276
380,547,172,276
381,545,172,276
382,543,172,276
382,541,172,276
383,539,172,276
384,537,172,276
384,535,172,276
385,533,172,276
386,531,172,276
387,529,172,276
387,527,172,276
387,525,172,276
387,524,172,276
387,522,172,276
387,521,172,276
387,519,172,276
387,517,172,276
387,516,172,276
387,514,172,276
388,513,172,276
389,512,172,276
390,512,172,276
391,511,172,276
392,511,172,276
393,511,172,276
394,510,172,276
395,510,172,276
396,509,172,276
397,509,172,276
398,509,168,266
398,508,168,266
399,507,168,266
400,506,168,266
400,506,168,266
401,505,168,266
402,504,168,266
402,504,168,266
403,503,168,266
404,502,168,266
405,502,176,258
404,500,176,258
404,499,176,258
403,498,176,258
403,497,176,258
402,496,176,258
402,495,176,258
401,494,176,258
401,493,176,258
400,492,176,258
400,491,177,258
400,489,177,258
401,488,177,258
402,487,177,258
403,486,177,258
404,485,177,258
405,484,177,258
406,483,177,258
407,482,177,258
408,481,177,258
409,480,176,258
410,478,176,258
411,477,176,258
412,476,176,258
413,474,176,258
414,473,176,258
415,472,176,258
416,470,176,258
417,469,176,258
418,468,176,258
420,467,174,254
420,465,174,254
421,463,174,254
422,461,174,254
422,459,174,254
423,458,174,254
424,456,174,254
424,454,174,254
425,452,174,254
426,450,174,254
427,449,174,254
427,448,174,254
428,447,174,254
429,446,174,254
430,445,174,254
431,444,174,254
431,443,174,254
432,442,174,254
433,441,174,254
434,440,174,254
435,439,171,247
435,437,171,247
436,435,171,247
437,433,171,247
438,431,171,247
439,429,171,247
439,427,171,247
440,425,171,247
441,423,171,247
442,421,171,247
443,419,184,263
444,416,184,263
445,414,184,263
447,412,184,263
448,410,184,263
450,408,184,263
451,405,184,263
452,403,184,263
454,401,184,263
455,399,184,263
457,397,180,260
458,396,180,260
459,396,180,260
460,395,180,260
462,395,180,260
463,394,180,260
464,394,180,260
466,393,180,260
467,393,180,260
468,392,180,260
470,392,181,246
470,391,181,246
471,391,181,246
472,391,181,246
472,391,181,246
473,391,181,246
474,390,181,246
474,390,181,246
475,390,181,246
476,390,181,246
477,390,189,238
478,387,189,238
480,385,189,238
481,382,189,238
483,380,189,238
484,378,189,238
486,375,189,238
487,373,189,238
489,370,189,238
490,368,189,238
492,366,202,245
493,364,202,245
495,362,202,245
497,360,202,245
498,359,202,245
500,357,202,245
502,355,202,245
503,354,202,245
505,352,202,245
507,350,202,245
509,349,204,243
510,348,204,243
511,347,204,243
512,347,204,243
513,346,204,243
514,346,204,243
515,345,204,243
516,344,204,243
517,344,204,243
518,343,204,243
520,343,209,230
522,341,209,230
525,339,209,230
528,337,209,230
530,335,209,230
533,333,209,230
536,331,209,230
538,329,209,230
541,327,209,230
544,325,209,230
547,324,203,224
548,323,203,224
550,322,203,224
552,321,203,224
553,321,203,224
555,320,203,224
557,319,203,224
558,319,203,224
560,318,203,224
562,317,203,224
564,317,195,232
565,315,195,232
567,313,195,232
569,312,195,232
571,310,195,232
573,309,195,232
575,307,195,232
577,305,195,232
579,304,195,232
581,302,195,232
583,301,197,240
585,299,197,240
587,297,197,240
589,295,197,240
591,293,197,240
594,292,197,240
596,290,197,240
598,288,197,240
600,286,197,240
602,284,197,240
605,283,197,240
607,282,197,240
610,282,197,240
612,282,197,240
615,281,197,240
618,281,197,240
620,281,197,240
623,280,197,240
625,280,197,240
628,280,197,240
631,280,179,239
631,278,179,239
632,277,179,239
632,275,179,239
633,274,179,239
634,273,179,239
634,271,179,239
635,270,179,239
635,268,179,239
636,267,179,239
637,266,179,239
638,265,179,239
640,264,179,239
642,264,179,239
643,263,179,239
645,263,179,239
647,262,179,239
648,261,179,239
650,261,179,239
652,260,179,239
654,260,169,234
656,259,169,234
658,258,169,234
660,257,169,234
662,256,169,234
665,256,169,234
667,255,169,234
669,254,169,234
671,253,169,234
673,252,169,234
676,252,151,226
676,251,151,226
677,251,151,226
677,251,151,226
678,251,151,226
679,251,151,226
679,250,151,226
680,250,151,226
680,250,151,226
681,250,151,226
682,250,151,226
682,249,151,226
683,248,151,226
684,248,151,226
685,247,151,226
686,247,151,226
687,246,151,226
688,245,151,226
689,245,151,226
690,244,151,226
691,244,151,226
691,243,151,226
691,242,151,226
691,241,151,226
691,240,151,226
692,239,151,226
692,238,151,226
692,237,151,226
692,236,151,226
692,235,151,226
693,235,134,228
693,233,134,228
694,232,134,228
695,231,134,228
695,229,134,228
696,228,134,228
697,227,134,228
697,225,134,228
698,224,134,228
699,223,134,228
700,222,134,228
698,220,134,228
697,219,134,228
696,218,134,228
695,216,134,228
694,215,134,228
693,214,134,228
692,212,134,228
691,211,134,228
690,210,134,228
689,209,134,228
688,207,134,228
688,206,134,228
688,205,134,228
688,204,134,228
688,203,134,228
688,202,134,228
688,201,134,228
688,200,134,228
688,199,134,228
688,198,134,228
687,197,134,228
687,196,134,228
686,195,134,228
686,194,134,228
686,194,134,228
685,193,134,228
685,192,134,228
684,191,134,228
684,190,134,228
684,190,134,228
685,188,134,228
686,187,134,228
688,185,134,228
689,184,134,228
691,182,134,228
692,181,134,228
693,179,134,228
695,178,134,228
696,176,134,228
698,175,118,233
697,175,118,233
697,175,118,233
696,175,118,233
696,175,118,233
696,176,118,233
695,176,118,233
695,176,118,233
694,176,118,233
694,176,118,233
694,177,120,219
693,176,120,219
693,176,120,219
693,175,120,219
693,175,120,219
693,175,120,219
692,174,120,219
692,174,120,219
692,173,120,219
692,173,120,219
692,173,120,218
692,171,120,218
692,169,120,218
693,168,120,218
693,166,120,218
694,165,120,218
694,163,120,218
694,161,120,218
695,160,120,218
695,158,120,218
696,157,116,227
695,156,116,227
694,156,116,227
693,156,116,227
692,156,116,227
692,156,116,227
691,155,116,227
690,155,116,227
689,155,116,227
688,155,116,227
688,155,113,229
687,156,113,229
687,157,113,229
687,159,113,229
687,160,113,229
687,162,113,229
687,163,113,229
687,164,113,229
687,166,113,229
687,167,113,229
687,169,127,221
686,168,127,221
686,167,127,221
685,166,127,221
685,165,127,221
685,164,127,221
684,163,127,221
684,162,127,221
683,161,127,221
683,160,127,221
683,160,124,232
683,159,124,232
683,159,124,232
683,159,124,232
683,159,124,232
684,159,124,232
684,158,124,232
684,158,124,232
684,158,124,232
684,158,124,232
685,158,135,229
685,159,135,229
686,161,135,229
687,163,135,229
687,165,135,229
688,167,135,229
689,169,135,229
689,171,135,229
690,173,135,229
691,175,135,229
692,177,124,215
692,175,124,215
693,173,124,215
693,171,124,215
694,170,124,215
695,168,124,215
695,166,124,215
696,165,124,215
696,163,124,215
697,161,124,215
698,160,142,230
697,160,142,230
697,161,142,230
697,162,142,230
696,162,142,230
696,163,142,230
696,164,142,230
695,164,142,230
695,165,142,230
695,166,142,230
695,167,137,222
696,166,137,222
697,166,137,222
698,166,137,222
699,165,137,222
700,165,137,222
701,165,137,222
702,164,137,222
703,164,137,222
704,164,137,222
706,164,152,222
706,164,152,222
706,165,152,222
706,166,152,222
707,167,152,222
707,168,152,222
707,169,152,222
708,170,152,222
708,171,152,222
708,172,152,222
709,173,152,222
710,174,152,222
712,175,152,222
714,176,152,222
715,178,152,222
717,179,152,222
719,180,152,222
720,182,152,222
722,183,152,222
724,184,152,222
726,186,152,222
726,185,152,222
727,185,152,222
727,184,152,222
728,184,152,222
729,184,152,222
729,183,152,222
730,183,152,222
730,182,152,222
731,182,152,222
732,182,152,222
733,182,152,222
735,182,152,222
736,182,152,222
738,182,152,222
739,182,152,222
741,182,152,222
742,182,152,222
744,182,152,222
745,182,152,222
747,182,196,238
749,182,196,238
751,183,196,238
754,184,196,238
756,185,196,238
759,186,196,238
761,187,196,238
763,188,196,238
766,189,196,238
768,190,196,238
771,191,161,252
735,223,161,252
699,256,161,252
663,288,161,252
628,321,161,252
592,353,161,252
556,386,161,252
521,418,161,252
485,451,161,252
449,483,161,252
414,516,153,271
414,515,153,271
414,514,153,271
414,513,153,271
414,512,153,271
414,512,153,271
414,511,153,271
414,510,153,271
414,509,153,271
414,508,153,271
414,508,153,271
414,507,153,271
414,506,153,271
414,506,153,271
414,505,153,271
414,505,153,271
414,504,153,271
414,503,153,271
414,503,153,271
414,502,153,271
414,502,153,271
414,501,153,271
414,501,153,271
414,501,153,271
415,501,153,271
415,501,153,271
415,500,153,271
416,500,153,271
416,500,153,271
416,500,153,271
417,500,153,271
419,500,153,271
421,500,153,271
424,500,153,271
426,501,153,271
429,501,153,271
431,501,153,271
433,502,153,271
436,502,153,271
438,502,153,271
441,503,153,271
441,502,153,271
441,501,153,271
442,500,153,271
442,499,153,271
443,498,153,271
443,497,153,271
443,496,153,271
444,495,153,271
444,494,153,271
445,494,153,271
444,493,153,271
443,492,153,271
443,491,153,271
442,491,153,271
442,490,153,271
441,489,153,271
440,489,153,271
440,488,153,271
439,487,153,271
439,487,153,271
439,486,153,271
440,486,153,271
440,486,153,271
441,486,153,271
442,486,153,271
442,485,153,271
443,485,153,271
443,485,153,271
444,485,153,271
445,485,153,271
445,485,153,271
445,485,153,271
445,485,153,271
446,485,153,271
446,485,153,271
446,485,153,271
447,485,153,271
447,485,153,271
447,485,153,271
448,485,153,271
448,485,153,271
449,485,153,271
450,485,153,271
451,486,153,271
452,486,153,271
453,486,153,271
454,487,153,271
455,487,153,271
456,487,153,271
457,488,153,271
457,487,153,271
457,487,153,271
458,486,153,271
458,486,153,271
459,486,153,271
459,485,153,271
459,485,153,271
460,484,153,271
460,484,153,271
461,484,153,271
461,484,153,271
461,485,153,271
461,486,153,271
461,487,153,271
462,488,153,271
462,489,153,271
462,490,153,271
462,491,153,271
462,492,153,271
463,493,163,266
463,492,163,266
464,491,163,266
465,490,163,266
466,489,163,266
467,488,163,266
468,487,163,266
469,486,163,266
470,485,163,266
471,484,163,266
472,484,163,266
472,483,163,266
473,483,163,266
474,482,163,266
475,482,163,266
476,482,163,266
477,481,163,266
478,481,163,266
479,480,163,266
480,480,163,266
481,480,163,266
480,480,163,266
480,480,163,266
479,480,163,266
479,480,163,266
478,480,163,266
478,480,163,266
477,480,163,266
477,480,163,266
476,480,163,266
476,480,163,266
477,478,163,266
479,477,163,266
480,476,163,266
482,475,163,266
483,474,163,266
485,472,163,266
486,471,163,266
488,470,163,266
489,469,163,266
491,468,163,266
491,465,163,266
492,463,163,266
492,461,163,266
493,458,163,266
494,456,163,266
494,454,163,266
495,451,163,266
495,449,163,266
496,447,163,266
497,445,163,266
498,444,163,266
499,443,163,266
500,442,163,266
502,441,163,266
503,440,163,266
504,439,163,266
506,438,163,266
507,437,163,266
508,436,163,266
510,436,163,266
511,434,163,266
512,433,163,266
514,431,163,266
515,430,163,266
517,428,163,266
518,427,163,266
519,425,163,266
521,424,163,266
522,422,163,266
524,421,163,266
523,420,163,266
523,420,163,266
523,420,163,266
523,420,163,266
523,420,163,266
522,419,163,266
522,419,163,266
522,419,163,266
522,419,163,266
522,419,174,261
521,418,174,261
521,418,174,261
521,418,174,261
521,417,174,261
521,417,174,261
520,417,174,261
520,416,174,261
520,416,174,261
520,416,174,261
520,416,174,261
522,415,174,261
524,415,174,261
526,414,174,261
528,414,174,261
531,414,174,261
533,413,174,261
535,413,174,261
537,412,174,261
539,412,174,261
542,412,174,261
542,411,174,261
543,411,174,261
544,411,174,261
545,411,174,261
546,411,174,261
546,410,174,261
547,410,174,261
548,410,174,261
549,410,174,261
550,410,174,261
550,410,174,261
551,410,174,261
551,410,174,261
552,410,174,261
553,410,174,261
553,410,174,261
554,410,174,261
554,410,174,261
555,410,174,261
556,410,165,255
556,409,165,255
557,409,165,255
558,408,165,255
558,408,165,255
559,408,165,255
560,407,165,255
560,407,165,255
561,406,165,255
562,406,165,255
563,406,165,255
562,407,165,255
562,409,165,255
562,410,165,255
561,412,165,255
561,413,165,255
561,415,165,255
560,416,165,255
560,418,165,255
560,419,165,255
560,421,171,260
555,421,171,260
550,422,171,260
546,423,171,260
541,424,171,260
537,425,171,260
532,425,171,260
527,426,171,260
523,427,171,260
518,428,171,260
514,429,151,259
505,430,151,259
496,431,151,259
488,432,151,259
479,434,151,259
471,435,151,259
462,436,151,259
453,438,151,259
445,439,151,259
436,440,151,259
428,442,151,259
421,443,151,259
414,445,151,259
407,447,151,259
401,449,151,259
394,451,151,259
387,452,151,259
381,454,151,259
374,456,151,259
367,458,151,259
361,460,142,251
356,461,142,251
352,463,142,251
348,464,142,251
344,466,142,251
340,467,142,251
335,469,142,251
331,470,142,251
327,472,142,251
323,473,142,251
319,475,156,276
319,476,156,276
319,478,156,276
319,480,156,276
319,482,156,276
319,484,156,276
319,485,156,276
319,487,156,276
319,489,156,276
319,491,156,276
319,493,153,266
318,494,153,266
317,495,153,266
316,496,153,266
315,497,153,266
315,498,153,266
314,499,153,266
313,500,153,266
312,501,153,266
311,502,153,266
311,503,159,282
311,504,159,282
312,505,159,282
313,506,159,282
313,508,159,282
314,509,159,282
315,510,159,282
315,512,159,282
316,513,159,282
317,514,159,282
318,516,156,292
318,518,156,292
318,521,156,292
318,523,156,292
318,526,156,292
319,528,156,292
319,531,156,292
319,533,156,292
319,536,156,292
319,538,156,292
320,541,146,282
319,542,146,282
319,543,146,282
318,544,146,282
318,545,146,282
317,547,146,282
317,548,146,282
316,549,146,282
316,550,146,282
315,551,146,282
315,553,155,277
315,553,155,277
315,553,155,277
315,553,155,277
315,553,155,277
316,553,155,277
316,553,155,277
316,553,155,277
316,553,155,277
316,553,155,277
317,553,153,283
316,554,153,283
315,556,153,283
314,558,153,283
314,560,153,283
313,562,153,283
312,563,153,283
312,565,153,283
311,567,153,283
310,569,153,283
310,571,160,270
310,570,160,270
311,570,160,270
312,570,160,270
312,570,160,270
313,570,160,270
314,569,160,270
314,569,160,270
315,569,160,270
316,569,160,270
317,569,155,270
317,568,155,270
318,568,155,270
318,568,155,270
319,568,155,270
320,568,155,270
320,568,155,270
321,568,155,270
321,568,155,270
322,568,155,270
323,568,149,275
322,568,149,275
322,569,149,275
322,570,149,275
321,570,149,275
321,571,149,275
321,572,149,275
320,572,149,275
320,573,149,275
320,574,149,275
320,575,157,270
320,575,157,270
320,575,157,270
320,575,157,270
320,575,157,270
320,576,157,270
320,576,157,270
320,576,157,270
320,576,157,270
320,576,157,270
321,577,155,277
321,577,155,277
322,578,155,277
322,579,155,277
323,580,155,277
323,581,155,277
324,582,155,277
324,583,155,277
325,584,155,277
325,585,155,277
326,586,156,266
326,585,156,266
326,585,156,266
326,585,156,266
326,585,156,266
326,585,156,266
326,585,156,266
326,585,156,266
326,585,156,266
326,585,156,266
327,585,156,266
326,585,156,266
326,585,156,266
326,586,156,266
326,586,156,266
326,587,156,266
325,587,156,266
325,587,156,266
325,588,156,266
325,588,156,266
325,589,156,266
325,589,156,266
325,589,156,266
325,589,156,266
326,589,156,266
326,590,156,266
326,590,156,266
327,590,156,266
327,590,156,266
327,590,156,266
328,591,156,266
328,590,156,266
328,590,156,266
328,590,156,266
328,590,156,266
328,590,156,266
328,589,156,266
328,589,156,266
328,589,156,266
328,589,156,266
328,589,156,266
328,588,156,266
329,587,156,266
329,586,156,266
330,585,156,266
331,584,156,266
331,583,156,266
332,582,156,266
332,581,156,266
333,580,156,266
334,580,164,274
334,580,164,274
334,580,164,274
334,581,164,274
334,581,164,274
334,582,164,274
334,582,164,274
334,582,164,274
334,583,164,274
334,583,164,274
335,584,159,274
335,583,159,274
335,583,159,274
335,582,159,274
335,582,159,274
336,582,159,274
336,581,159,274
336,581,159,274
336,580,159,274
336,580,159,274
337,580,155,277
337,579,155,277
338,579,155,277
339,579,155,277
339,578,155,277
340,578,155,277
341,578,155,277
341,577,155,277
342,577,155,277
343,577,155,277
344,577,154,281
343,576,154,281
343,576,154,281
342,576,154,281
342,576,154,281
342,576,154,281
341,575,154,281
341,575,154,281
340,575,154,281
340,575,154,281
340,575,148,284
339,576,148,284
339,578,148,284
338,579,148,284
338,581,148,284
337,582,148,284
337,584,148,284
336,585,148,284
336,587,148,284
335,588,148,284
335,590,156,266
336,587,156,266
337,585,156,266
338,582,156,266
339,580,156,266
340,577,156,266
341,575,156,266
342,572,156,266
343,570,156,266
344,567,156,266
346,565,155,280
346,564,155,280
347,564,155,280
348,563,155,280
348,563,155,280
349,562,155,280
350,562,155,280
350,561,155,280
351,561,155,280
352,560,155,280
353,560,147,276
353,559,147,276
354,558,147,276
354,557,147,276
355,556,147,276
355,555,147,276
356,554,147,276
356,553,147,276
357,552,147,276
357,551,147,276
358,550,145,266
357,549,145,266
357,548,145,266
357,547,145,266
357,546,145,266
357,545,145,266
356,544,145,266
356,543,145,266
356,542,145,266
356,541,145,266
356,541,144,265
356,540,144,265
357,539,144,265
357,538,144,265
358,537,144,265
359,536,144,265
359,535,144,265
360,534,144,265
360,533,144,265
361,532,144,265
362,531,143,262
361,529,143,262
361,528,143,262
360,527,143,262
360,525,143,262
360,524,143,262
359,523,143,262
359,521,143,262
358,520,143,262
358,519,143,262
358,518,145,262
359,516,145,262
360,514,145,262
361,512,145,262
362,510,145,262
363,508,145,262
364,506,145,262
365,504,145,262
366,502,145,262
367,500,145,262
368,499,137,258
367,496,137,258
367,494,137,258
366,492,137,258
366,490,137,258
366,488,137,258
365,485,137,258
365,483,137,258
364,481,137,258
364,479,137,258
364,477,139,269
364,474,139,269
364,472,139,269
364,470,139,269
365,468,139,269
365,466,139,269
365,463,139,269
366,461,139,269
366,459,139,269
366,457,139,269
367,455,136,261
367,453,136,261
368,452,136,261
369,450,136,261
370,449,136,261
371,447,136,261
372,446,136,261
373,444,136,261
374,443,136,261
375,441,136,261
376,440,131,263
376,437,131,263
377,435,131,263
378,432,131,263
379,430,131,263
380,427,131,263
380,425,131,263
381,422,131,263
382,420,131,263
383,417,131,263
384,415,125,258
383,414,125,258
383,413,125,258
382,412,125,258
382,411,125,258
382,410,125,258
381,409,125,258
381,408,125,258
380,407,125,258
380,406,125,258
380,406,136,245
380,403,136,245
380,401,136,245
380,399,136,245
381,396,136,245
381,394,136,245
381,392,136,245
382,389,136,245
382,387,136,245
382,385,136,245
383,383,134,251
383,380,134,251
383,378,134,251
383,376,134,251
383,374,134,251
384,372,134,251
384,370,134,251
384,368,134,251
384,366,134,251
384,364,134,251
385,362,134,251
384,360,134,251
383,358,134,251
383,357,134,251
382,355,134,251
382,354,134,251
381,352,134,251
380,350,134,251
380,349,134,251
379,347,134,251
379,346,134,251
378,344,134,251
378,343,134,251
378,342,134,251
378,341,134,251
378,340,134,251
377,339,134,251
377,338,134,251
377,337,134,251
377,336,134,251
377,335,134,251
377,333,134,251
377,332,134,251
377,331,134,251
377,330,134,251
377,329,134,251
377,327,134,251
377,326,134,251
377,325,134,251
377,324,134,251
377,323,134,251
377,322,134,251
377,322,134,251
377,322,134,251
377,322,134,251
377,322,134,251
377,321,134,251
377,321,134,251
377,321,134,251
377,321,134,251
378,321,134,251
378,320,134,251
378,320,134,251
378,319,134,251
378,319,134,251
378,318,134,251
378,318,134,251
378,317,134,251
378,317,134,251
378,316,134,251
379,316,134,251
378,316,134,251
378,316,134,251
378,316,134,251
378,316,134,251
378,316,134,251
377,316,134,251
377,316,134,251
377,316,134,251
377,316,134,251
377,317,134,251
376,317,134,251
375,317,134,251
374,317,134,251
374,318,134,251
373,318,134,251
372,318,134,251
372,319,134,251
371,319,134,251
370,319,134,251
370,320,134,251
369,320,134,251
369,320,134,251
368,320,134,251
368,321,134,251
368,321,134,251
367,321,134,251
367,322,134,251
366,322,134,251
366,322,134,251
366,323,134,251
365,324,134,251
364,325,134,251
363,326,134,251
362,327,134,251
362,329,134,251
361,330,134,251
360,331,134,251
359,332,134,251
358,333,134,251
358,335,134,251
357,335,134,251
357,336,134,251
357,336,134,251
357,337,134,251
357,337,134,251
356,338,134,251
356,338,134,251
356,339,134,251
356,339,134,251
356,340,142,253
355,344,142,253
354,348,142,253
353,352,142,253
352,356,142,253
352,360,142,253
351,364,142,253
350,368,142,253
349,372,142,253
348,376,142,253
348,381,140,234
348,380,140,234
348,379,140,234
349,378,140,234
349,377,140,234
350,376,140,234
350,375,140,234
350,374,140,234
351,373,140,234
351,372,140,234
352,371,138,260
351,372,138,260
350,374,138,260
349,375,138,260
349,377,138,260
348,378,138,260
347,380,138,260
347,381,138,260
346,383,138,260
345,384,138,260
345,386,142,256
344,387,142,256
343,389,142,256
342,391,142,256
341,393,142,256
340,395,142,256
339,397,142,256
338,399,142,256
337,401,142,256
336,403,142,256
335,405,144,262
334,407,144,262
334,409,144,262
334,411,144,262
334,413,144,262
334,416,144,262
333,418,144,262
333,420,144,262
333,422,144,262
333,424,144,262
333,427,146,269
337,456,146,269
341,486,146,269
345,515,146,269
349,545,146,269
353,574,146,269
357,604,146,269
361,633,146,269
365,663,146,269
369,692,146,269
373,722,150,306
373,721,150,306
374,720,150,306
374,720,150,306
375,719,150,306
375,719,150,306
376,718,150,306
376,717,150,306
377,717,150,306
377,716,150,306
378,716,150,306
378,716,150,306
378,716,150,306
378,716,150,306
378,716,150,306
378,716,150,306
378,716,150,306
378,716,150,306
378,716,150,306
378,716,150,306
378,717,150,306
378,716,150,306
379,716,150,306
380,715,150,306
381,715,150,306
382,714,150,306
382,714,150,306
383,713,150,306
384,713,150,306
385,712,150,306
386,712,150,306
385,711,150,306
385,711,150,306
385,711,150,306
385,711,150,306
385,711,150,306
385,711,150,306
385,711,150,306
385,711,150,306
385,711,150,306
385,711,150,306
385,711,150,306
385,711,150,306
385,711,150,306
385,711,150,306
386,711,150,306
386,711,150,306
386,711,150,306
386,711,150,306
386,711,150,306
387,712,150,306
386,711,150,306
386,711,150,306
386,710,150,306
385,710,150,306
385,710,150,306
385,709,150,306
384,709,150,306
384,708,150,306
384,708,150,306
384,708,151,311
384,708,151,311
385,708,151,311
385,709,151,311
386,709,151,311
387,710,151,311
387,710,151,311
388,710,151,311
388,711,151,311
389,711,151,311
390,712,150,306
390,711,150,306
390,711,150,306
391,710,150,306
391,710,150,306
392,710,150,306
392,709,150,306
392,709,150,306
393,708,150,306
393,708,150,306
394,708,150,306
394,707,150,306
394,707,150,306
395,707,150,306
395,706,150,306
396,706,150,306
396,706,150,306
396,705,150,306
397,705,150,306
397,705,150,306
398,705,150,306
398,704,150,306
398,704,150,306
399,703,150,306
399,703,150,306
400,702,150,306
400,702,150,306
400,701,150,306
401,701,150,306
401,700,150,306
402,700,150,306
400,698,150,306
398,697,150,306
396,696,150,306
394,695,150,306
392,694,150,306
390,693,150,306
388,692,150,306
386,691,150,306
384,690,150,306
382,689,150,306
384,689,150,306
386,690,150,306
388,691,150,306
390,692,150,306
392,693,150,306
394,694,150,306
396,695,150,306
398,696,150,306
400,697,150,306
402,698,150,306
402,698,150,306
403,699,150,306
404,700,150,306
404,700,150,306
405,701,150,306
406,702,150,306
406,702,150,306
407,703,150,306
408,704,150,306
409,705,143,298
409,705,143,298
409,706,143,298
409,707,143,298
409,707,143,298
410,708,143,298
410,709,143,298
410,709,143,298
410,710,143,298
410,711,143,298
411,712,128,304
410,712,128,304
410,712,128,304
409,712,128,304
409,712,128,304
409,712,128,304
408,712,128,304
408,712,128,304
407,712,128,304
407,712,128,304
407,712,131,304
407,712,131,304
407,713,131,304
407,713,131,304
407,714,131,304
408,714,131,304
408,715,131,304
408,715,131,304
408,716,131,304
408,716,131,304
409,717,128,304
409,717,128,304
410,718,128,304
410,719,128,304
411,720,128,304
411,721,128,304
412,721,128,304
412,722,128,304
413,723,128,304
413,724,128,304
414,725,126,298
413,725,126,298
413,725,126,298
412,726,126,298
412,726,126,298
411,727,126,298
411,727,126,298
410,727,126,298
410,728,126,298
409,728,126,298
409,729,135,293
409,729,135,293
409,729,135,293
409,729,135,293
409,729,135,293
410,729,135,293
410,729,135,293
410,729,135,293
410,729,135,293
410,729,135,293
411,729,129,297
410,729,129,297
410,729,129,297
409,729,129,297
409,729,129,297
409,729,129,297
408,729,129,297
408,729,129,297
407,729,129,297
407,729,129,297
407,729,132,297
407,728,132,297
407,728,132,297
407,728,132,297
407,728,132,297
408,728,132,297
408,727,132,297
408,727,132,297
408,727,132,297
408,727,132,297
409,727,132,296
409,727,132,296
409,727,132,296
410,727,132,296
410,727,132,296
411,728,132,296
411,728,132,296
411,728,132,296
412,728,132,296
412,728,132,296
413,729,130,297
413,729,130,297
413,729,130,297
413,729,130,297
413,729,130,297
414,729,130,297
414,729,130,297
414,729,130,297
414,729,130,297
414,729,130,297
415,730,131,291
414,729,131,291
413,728,131,291
413,727,131,291
412,727,131,291
412,726,131,291
411,725,131,291
410,725,131,291
410,724,131,291
409,723,131,291
409,723,131,295
409,722,131,295
409,722,131,295
409,721,131,295
409,721,131,295
410,721,131,295
410,720,131,295
410,720,131,295
410,719,131,295
410,719,131,295
411,719,131,293
410,719,131,293
409,719,131,293
409,719,131,293
408,719,131,293
408,719,131,293
407,719,131,293
406,719,131,293
406,719,131,293
405,719,131,293
405,719,130,297
405,718,130,297
405,718,130,297
405,717,130,297
405,717,130,297
405,717,130,297
405,716,130,297
405,716,130,297
405,715,130,297
405,715,130,297
405,715,129,297
404,715,129,297
404,715,129,297
404,715,129,297
404,715,129,297
404,716,129,297
403,716,129,297
403,716,129,297
403,716,129,297
403,716,129,297
403,717,132,295
403,717,132,295
403,717,132,295
403,718,132,295
403,718,132,295
403,719,132,295
403,719,132,295
403,719,132,295
403,720,132,295
403,720,132,295
403,721,126,297
402,721,126,297
402,722,126,297
401,722,126,297
401,723,126,297
400,723,126,297
400,724,126,297
399,724,126,297
399,725,126,297
398,725,126,297
398,726,133,297
398,726,133,297
398,727,133,297
398,728,133,297
399,728,133,297
399,729,133,297
399,730,133,297
400,730,133,297
400,731,133,297
400,732,133,297
401,733,137,290
399,734,137,290
398,735,137,290
397,736,137,290
396,737,137,290
395,738,137,290
394,739,137,290
393,740,137,290
392,741,137,290
391,742,137,290
390,744,133,296
389,743,133,296
388,743,133,296
387,743,133,296
386,743,133,296
386,743,133,296
385,743,133,296
384,743,133,296
383,743,133,296
382,743,133,296
382,743,149,308
382,743,149,308
382,744,149,308
382,745,149,308
382,746,149,308
382,747,149,308
382,747,149,308
382,748,149,308
382,749,149,308
382,750,149,308
382,751,145,306
381,750,145,306
380,749,145,306
379,749,145,306
379,748,145,306
378,748,145,306
377,747,145,306
377,746,145,306
376,746,145,306
375,745,145,306
375,745,149,316
373,744,149,316
372,743,149,316
370,742,149,316
369,742,149,316
368,741,149,316
366,740,149,316
365,740,149,316
363,739,149,316
362,738,149,316
361,738,155,317
360,736,155,317
360,734,155,317
360,732,155,317
360,731,155,317
360,729,155,317
359,727,155,317
359,726,155,317
359,724,155,317
359,722,155,317
359,721,154,326
358,720,154,326
357,719,154,326
356,718,154,326
355,718,154,326
354,717,154,326
353,716,154,326
352,716,154,326
351,715,154,326
350,714,154,326
349,714,165,320
349,712,165,320
350,710,165,320
351,708,165,320
352,707,165,320
353,705,165,320
353,703,165,320
354,702,165,320
355,700,165,320
356,698,165,320
357,697,152,322
356,695,152,322
355,693,152,322
355,691,152,322
354,689,152,322
354,688,152,322
353,686,152,322
352,684,152,322
352,682,152,322
351,680,152,322
351,679,150,328
349,676,150,328
348,673,150,328
347,671,150,328
346,668,150,328
345,666,150,328
344,663,150,328
343,660,150,328
342,658,150,328
341,655,150,328
340,653,161,331
339,649,161,331
339,646,161,331
338,643,161,331
338,640,161,331
338,637,161,331
337,633,161,331
337,630,161,331
336,627,161,331
336,624,161,331
336,621,167,336
335,618,167,336
335,615,167,336
335,612,167,336
335,609,167,336
335,606,167,336
334,603,167,336
334,600,167,336
334,597,167,336
334,594,167,336
334,592,158,338
333,589,158,338
332,586,158,338
331,584,158,338
330,581,158,338
330,579,158,338
329,576,158,338
328,573,158,338
327,571,158,338
326,568,158,338
326,566,161,331
326,563,161,331
326,560,161,331
327,557,161,331
327,554,161,331
328,551,161,331
328,548,161,331
328,545,161,331
329,542,161,331
329,539,161,331
330,536,158,334
329,533,158,334
328,530,158,334
327,527,158,334
326,524,158,334
326,521,158,334
325,518,158,334
324,515,158,334
323,512,158,334
322,509,158,334
322,506,161,328
321,503,161,328
321,501,161,328
320,499,161,328
320,497,161,328
320,495,161,328
319,492,161,328
319,490,161,328
318,488,161,328
318,486,161,328
318,484,178,323
317,481,178,323
317,478,178,323
316,475,178,323
316,472,178,323
316,469,178,323
315,466,178,323
315,463,178,323
314,460,178,323
314,457,178,323
314,455,186,344
312,453,186,344
311,451,186,344
310,449,186,344
309,447,186,344
308,445,186,344
307,443,186,344
306,441,186,344
305,439,186,344
304,437,186,344
303,435,189,349
302,432,189,349
302,430,189,349
302,428,189,349
302,425,189,349
302,423,189,349
301,421,189,349
301,418,189,349
301,416,189,349
301,414,189,349
301,412,210,355
301,410,210,355
301,409,210,355
301,408,210,355
301,406,210,355
301,405,210,355
301,404,210,355
301,402,210,355
301,401,210,355
301,400,210,355
302,399,223,355
301,398,223,355
301,397,223,355
301,396,223,355
301,395,223,355
301,394,223,355
300,393,223,355
300,392,223,355
300,391,223,355
300,390,223,355
300,390,243,352
300,389,243,352
300,388,243,352
300,387,243,352
300,386,243,352
300,386,243,352
300,385,243,352
300,384,243,352
300,383,243,352
300,382,243,352
301,382,267,354
301,381,267,354
302,380,267,354
303,379,267,354
303,378,267,354
304,377,267,354
305,376,267,354
305,375,267,354
306,374,267,354
307,373,267,354
308,373,268,361
308,373,268,361
308,373,268,361
308,373,268,361
308,373,268,361
308,373,268,361
308,373,268,361
308,373,268,361
308,373,268,361
308,373,268,361
309,374,298,366
309,373,298,366
309,373,298,366
309,373,298,366
310,372,298,366
310,372,298,366
310,372,298,366
311,371,298,366
311,371,298,366
311,371,298,366
312,371,323,360
313,371,323,360
314,371,323,360
315,371,323,360
316,371,323,360
318,372,323,360
319,372,323,360
320,372,323,360
321,372,323,360
322,372,323,360
324,373,341,365
324,374,341,365
325,375,341,365
326,376,341,365
327,378,341,365
328,379,341,365
329,380,341,365
330,382,341,365
331,383,341,365
332,384,341,365
333,386,357,358
335,387,357,358
338,389,357,358
340,390,357,358
343,392,357,358
345,394,357,358
348,395,357,358
350,397,357,358
353,398,357,358
355,400,357,358
358,402,372,346
359,400,372,346
361,399,372,346
362,397,372,346
364,396,372,346
366,395,372,346
367,393,372,346
369,392,372,346
370,390,372,346
372,389,372,346
374,388,417,374
376,390,417,374
379,393,417,374
382,396,417,374
385,398,417,374
388,401,417,374
391,404,417,374
394,406,417,374
397,409,417,374
400,412,417,374
403,415,434,369
406,416,434,369
409,417,434,369
413,418,434,369
416,419,434,369
420,420,434,369
423,421,434,369
426,422,434,369
430,423,434,369
433,424,434,369
437,426,459,381
440,428,459,381
444,430,459,381
447,432,459,381
451,434,459,381
455,437,459,381
458,439,459,381
462,441,459,381
465,443,459,381
469,445,459,381
473,448,483,393
471,450,483,393
469,453,483,393
467,456,483,393
465,458,483,393
463,461,483,393
461,464,483,393
459,466,483,393
457,469,483,393
455,472,483,393
453,475,517,378
443,478,517,378
434,481,517,378
425,484,517,378
415,487,517,378
406,490,517,378
397,493,517,378
387,496,517,378
378,499,517,378
369,502,517,378
360,506,550,393
355,509,550,393
350,512,550,393
345,515,550,393
340,518,550,393
335,521,550,393
330,524,550,393
325,527,550,393
320,530,550,393
315,533,550,393
311,537,554,388
310,539,554,388
309,542,554,388
308,545,554,388
307,548,554,388
306,551,554,388
305,554,554,388
304,557,554,388
303,560,554,388
302,563,554,388
302,566,577,406
303,568,577,406
304,571,577,406
305,574,577,406
306,576,577,406
308,579,577,406
309,582,577,406
310,584,577,406
311,587,577,406
312,590,577,406
314,593,589,395
314,594,589,395
315,595,589,395
315,596,589,395
316,598,589,395
316,599,589,395
317,600,589,395
317,602,589,395
318,603,589,395
318,604,589,395
319,606,600,417
320,610,600,417
322,615,600,417
324,620,600,417
325,625,600,417
327,630,600,417
329,635,600,417
330,640,600,417
332,645,600,417
334,650,600,417
336,655,602,397
373,655,602,397
411,656,602,397
449,656,602,397
487,657,602,397
525,658,602,397
563,658,602,397
601,659,602,397
639,659,602,397
677,660,602,397
715,661,651,419
719,657,651,419
723,654,651,419
728,651,651,419
732,648,651,419
737,645,651,419
741,642,651,419
745,639,651,419
750,636,651,419
754,633,651,419
759,630,646,449
763,624,646,449
768,618,646,449
773,612,646,449
778,606,646,449
783,600,646,449
787,594,646,449
792,588,646,449
797,582,646,449
802,576,646,449
807,571,629,498
808,567,629,498
809,563,629,498
810,560,629,498
811,556,629,498
812,553,629,498
813,549,629,498
814,545,629,498
815,542,629,498
816,538,629,498
818,535,620,483
813,528,620,483
809,522,620,483
805,516,620,483
801,510,620,483
797,504,620,483
793,497,620,483
789,491,620,483
785,485,620,483
781,479,620,483
777,473,606,504
771,468,606,504
766,464,606,504
761,460,606,504
755,455,606,504
750,451,606,504
745,447,606,504
739,442,606,504
734,438,606,504
729,434,606,504
724,430,577,491
715,423,577,491
707,417,577,491
699,411,577,491
691,405,577,491
683,399,577,491
674,392,577,491
666,386,577,491
658,380,577,491
650,374,577,491
642,368,569,487
635,361,569,487
628,354,569,487
622,347,569,487
615,340,569,487
609,334,569,487
602,327,569,487
595,320,569,487
589,313,569,487
582,306,569,487
576,300,577,482
581,293,577,482
587,286,577,482
593,279,577,482
599,272,577,482
605,265,577,482
611,258,577,482
617,251,577,482
623,244,577,482
629,237,577,482
635,230,532,493
645,221,532,493
655,213,532,493
665,205,532,493
675,197,532,493
685,189,532,493
695,181,532,493
705,173,532,493
715,165,532,493
725,157,532,493
735,149,542,494
746,143,542,494
758,138,542,494
770,132,542,494
782,127,542,494
794,122,542,494
805,116,542,494
817,111,542,494
829,105,542,494
841,100,542,494
853,95,506,487
869,90,506,487
885,85,506,487
901,80,506,487
917,76,506,487
933,71,506,487
949,66,506,487
965,62,506,487
981,57,506,487
997,52,506,487
1013,48,494,482
1028,45,494,482
1043,43,494,482
1058,40,494,482
1073,38,494,482
1088,36,494,482
1103,33,494,482
1118,31,494,482
1133,28,494,482
1148,26,494,482
1164,24,479,466
1179,21,479,466
1194,19,479,466
1209,17,479,466
1224,15,479,466
1239,13,479,466
1254,10,479,466
1269,8,479,466
1284,6,479,466
1299,4,479,466
1314,2,465,441
1329,2,465,441
1344,2,465,441
1359,2,465,441
1374,2,465,441
1390,3,465,441
1405,3,465,441
1420,3,465,441
1435,3,465,441
1450,3,465,441
1466,4,441,402
1466,4,441,402
1466,4,441,402
1466,4,441,402
1466,4,441,402
1466,4,441,402
