983,438,94,132
982,438,94,132
982,438,94,132
981,438,94,132
981,438,94,132
981,439,94,132
980,439,94,132
980,439,94,132
979,439,94,132
979,439,94,132
979,440,98,130
978,440,98,130
978,440,98,130
978,440,98,130
978,440,98,130
978,441,98,130
977,441,98,130
977,441,98,130
977,441,98,130
977,441,98,130
977,442,95,128
976,442,95,128
976,442,95,128
976,442,95,128
976,442,95,128
976,443,95,128
975,443,95,128
975,443,95,128
975,443,95,128
975,443,95,128
975,444,100,128
974,444,100,128
974,444,100,128
973,444,100,128
973,444,100,128
972,444,100,128
972,444,100,128
971,444,100,128
971,444,100,128
970,444,100,128
970,444,98,130
966,444,98,130
963,445,98,130
959,446,98,130
956,446,98,130
953,447,98,130
949,448,98,130
946,448,98,130
942,449,98,130
939,450,98,130
936,451,98,124
929,451,98,124
923,451,98,124
916,452,98,124
910,452,98,124
904,453,98,124
897,453,98,124
891,453,98,124
884,454,98,124
878,454,98,124
872,455,98,122
870,455,98,122
869,455,98,122
868,455,98,122
867,455,98,122
866,456,98,122
865,456,98,122
864,456,98,122
863,456,98,122
862,456,98,122
861,457,90,128
861,457,90,128
862,457,90,128
863,457,90,128
864,458,90,128
865,458,90,128
866,458,90,128
867,459,90,128
868,459,90,128
869,459,90,128
870,460,85,123
873,460,85,123
876,460,85,123
879,461,85,123
882,461,85,123
886,462,85,123
889,462,85,123
892,462,85,123
895,463,85,123
898,463,85,123
902,464,90,124
902,464,90,124
902,464,90,124
902,464,90,124
902,464,90,124
902,465,90,124
902,465,90,124
902,465,90,124
902,465,90,124
902,465,90,124
903,466,82,124
902,466,82,124
902,467,82,124
902,467,82,124
902,468,82,124
902,469,82,124
902,469,82,124
902,470,82,124
902,470,82,124
902,471,82,124
902,472,79,124
902,472,79,124
903,472,79,124
904,473,79,124
905,473,79,124
906,474,79,124
907,474,79,124
908,474,79,124
909,475,79,124
910,475,79,124
911,476,77,125
911,476,77,125
912,477,77,125
912,477,77,125
913,478,77,125
913,479,77,125
914,479,77,125
914,480,77,125
915,480,77,125
915,481,77,125
916,482,72,123
915,482,72,123
915,482,72,123
915,482,72,123
915,483,72,123
915,483,72,123
914,483,72,123
914,484,72,123
914,484,72,123
914,484,72,123
914,485,69,126
922,471,69,126
931,458,69,126
939,444,69,126
948,431,69,126
957,418,69,126
965,404,69,126
974,391,69,126
982,377,69,126
991,364,69,126
1000,351,74,141
999,350,74,141
999,350,74,141
999,350,74,141
999,350,74,141
999,350,74,141
998,349,74,141
998,349,74,141
998,349,74,141
998,349,74,141
998,349,76,141
997,348,76,141
997,348,76,141
997,348,76,141
997,347,76,141
997,347,76,141
996,347,76,141
996,346,76,141
996,346,76,141
996,346,76,141
996,346,76,140
996,345,76,140
996,345,76,140
996,345,76,140
996,345,76,140
997,345,76,140
997,344,76,140
997,344,76,140
997,344,76,140
997,344,76,140
998,344,74,139
997,343,74,139
997,343,74,139
997,343,74,139
997,343,74,139
997,343,74,139
996,342,74,139
996,342,74,139
996,342,74,139
996,342,74,139
996,342,78,141
995,342,78,141
995,342,78,141
994,343,78,141
994,343,78,141
994,344,78,141
993,344,78,141
993,344,78,141
992,345,78,141
992,345,78,141
992,346,80,137
992,348,80,137
992,350,80,137
992,353,80,137
992,355,80,137
993,358,80,137
993,360,80,137
993,362,80,137
993,365,80,137
993,367,80,137
994,370,76,135
993,372,76,135
993,374,76,135
993,377,76,135
993,379,76,135
993,382,76,135
992,384,76,135
992,386,76,135
992,389,76,135
992,391,76,135
992,394,76,137
991,396,76,137
991,399,76,137
991,401,76,137
991,404,76,137
991,407,76,137
990,409,76,137
990,412,76,137
990,414,76,137
990,417,76,137
990,420,76,139
990,420,76,139
990,420,76,139
990,421,76,139
990,421,76,139
990,422,76,139
990,422,76,139
990,422,76,139
990,423,76,139
990,423,76,139
990,424,74,138
989,424,74,138
989,424,74,138
989,424,74,138
988,424,74,138
988,424,74,138
988,424,74,138
987,424,74,138
987,424,74,138
987,424,74,138
987,424,74,138
986,423,74,138
986,423,74,138
985,423,74,138
985,423,74,138
985,423,74,138
984,422,74,138
984,422,74,138
983,422,74,138
983,422,74,138
983,422,78,142
983,422,78,142
983,422,78,142
983,422,78,142
983,422,78,142
983,423,78,142
983,423,78,142
983,423,78,142
983,423,78,142
983,423,78,142
983,424,76,137
983,424,76,137
983,424,76,137
983,424,76,137
983,424,76,137
984,424,76,137
984,424,76,137
984,424,76,137
984,424,76,137
984,424,76,137
985,425,72,136
984,424,72,136
983,424,72,136
983,424,72,136
982,424,72,136
982,424,72,136
981,424,72,136
980,424,72,136
980,424,72,136
979,424,72,136
979,424,74,138
979,424,74,138
979,424,74,138
979,424,74,138
979,425,74,138
980,425,74,138
980,425,74,138
980,426,74,138
980,426,74,138
980,426,74,138
981,427,70,134
981,426,70,134
981,426,70,134
981,426,70,134
981,426,70,134
981,426,70,134
981,425,70,134
981,425,70,134
981,425,70,134
981,425,70,134
981,425,72,137
981,425,72,137
981,425,72,137
981,426,72,137
981,426,72,137
981,427,72,137
981,427,72,137
981,427,72,137
981,428,72,137
981,428,72,137
981,429,69,137
981,429,69,137
981,429,69,137
981,429,69,137
981,429,69,137
981,429,69,137
981,429,69,137
981,429,69,137
981,429,69,137
981,429,69,137
981,429,69,137
980,429,69,137
980,429,69,137
980,429,69,137
980,429,69,137
980,430,69,137
979,430,69,137
979,430,69,137
979,430,69,137
979,430,69,137
979,431,69,137
979,431,69,137
979,431,69,137
979,432,69,137
979,432,69,137
980,433,69,137
980,433,69,137
980,433,69,137
980,434,69,137
980,434,69,137
981,435,72,135
980,434,72,135
980,434,72,135
980,434,72,135
980,434,72,135
980,434,72,135
979,433,72,135
979,433,72,135
979,433,72,135
979,433,72,135
979,433,76,139
979,433,76,139
979,433,76,139
979,433,76,139
979,433,76,139
979,434,76,139
979,434,76,139
979,434,76,139
979,434,76,139
979,434,76,139
979,435,80,137
979,435,80,137
980,435,80,137
980,435,80,137
981,435,80,137
982,435,80,137
982,435,80,137
983,435,80,137
983,435,80,137
984,435,80,137
985,436,76,136
985,436,76,136
985,436,76,136
985,436,76,136
985,436,76,136
986,436,76,136
986,436,76,136
986,436,76,136
986,436,76,136
986,436,76,136
987,436,76,136
987,435,76,136
987,435,76,136
987,435,76,136
987,435,76,136
987,435,76,136
987,435,76,136
987,435,76,136
987,435,76,136
987,435,76,136
988,435,71,139
988,435,71,139
988,435,71,139
989,435,71,139
989,435,71,139
990,435,71,139
990,435,71,139
990,435,71,139
991,435,71,139
991,435,71,139
992,436,71,139
992,435,71,139
992,435,71,139
992,435,71,139
992,435,71,139
992,435,71,139
992,435,71,139
992,435,71,139
992,435,71,139
992,435,71,139
992,435,71,140
992,435,71,140
992,435,71,140
992,435,71,140
992,435,71,140
992,435,71,140
992,435,71,140
992,435,71,140
992,435,71,140
992,435,71,140
992,435,71,137
991,435,71,137
991,435,71,137
991,435,71,137
991,435,71,137
991,435,71,137
990,435,71,137
990,435,71,137
990,435,71,137
990,435,71,137
990,435,73,139
989,435,73,139
989,435,73,139
989,435,73,139
988,435,73,139
988,435,73,139
988,435,73,139
987,435,73,139
987,435,73,139
987,435,73,139
987,435,76,137
987,435,76,137
987,435,76,137
987,435,76,137
987,435,76,137
987,435,76,137
987,435,76,137
987,435,76,137
987,435,76,137
987,435,76,137
988,435,75,137
987,435,75,137
987,435,75,137
987,435,75,137
986,435,75,137
986,435,75,137
986,435,75,137
985,435,75,137
985,435,75,137
985,435,75,137
985,435,72,133
985,434,72,133
985,434,72,133
985,434,72,133
985,434,72,133
985,434,72,133
985,433,72,133
985,433,72,133
985,433,72,133
985,433,72,133
985,433,76,135
984,433,76,135
984,433,76,135
983,433,76,135
983,433,76,135
983,433,76,135
982,433,76,135
982,433,76,135
981,433,76,135
981,433,76,135
981,433,78,135
980,432,78,135
980,432,78,135
980,432,78,135
980,432,78,135
980,432,78,135
979,431,78,135
979,431,78,135
979,431,78,135
979,431,78,135
979,431,80,137
978,431,80,137
978,431,80,137
978,431,80,137
978,431,80,137
978,431,80,137
977,431,80,137
977,431,80,137
977,431,80,137
977,431,80,137
977,431,82,137
977,431,82,137
977,431,82,137
977,431,82,137
977,431,82,137
977,431,82,137
977,431,82,137
977,431,82,137
977,431,82,137
977,431,82,137
977,431,82,139
976,431,82,139
976,431,82,139
976,431,82,139
976,431,82,139
976,432,82,139
975,432,82,139
975,432,82,139
975,432,82,139
975,432,82,139
975,433,82,137
974,433,82,137
974,433,82,137
974,433,82,137
974,433,82,137
974,433,82,137
974,433,82,137
974,433,82,137
974,433,82,137
974,433,82,137
974,433,83,141
973,433,83,141
973,433,83,141
973,433,83,141
973,434,83,141
973,434,83,141
972,434,83,141
972,435,83,141
972,435,83,141
972,435,83,141
972,436,81,136
972,436,81,136
972,436,81,136
972,436,81,136
972,436,81,136
972,436,81,136
972,436,81,136
972,436,81,136
972,436,81,136
972,436,81,136
972,436,79,136
972,436,79,136
972,436,79,136
972,436,79,136
972,436,79,136
972,437,79,136
972,437,79,136
972,437,79,136
972,437,79,136
972,437,79,136
972,438,76,136
972,437,76,136
972,437,76,136
972,437,76,136
972,436,76,136
973,436,76,136
973,436,76,136
973,435,76,136
973,435,76,136
973,435,76,136
974,435,74,137
974,435,74,137
974,435,74,137
974,435,74,137
974,435,74,137
974,435,74,137
974,435,74,137
974,435,74,137
974,435,74,137
974,435,74,137
974,435,72,137
974,435,72,137
974,435,72,137
974,435,72,137
974,435,72,137
974,435,72,137
974,435,72,137
974,435,72,137
974,435,72,137
974,435,72,137
975,436,73,132
975,435,73,132
975,435,73,132
975,435,73,132
975,434,73,132
975,434,73,132
975,434,73,132
975,433,73,132
975,433,73,132
975,433,73,132
975,433,80,135
975,432,80,135
975,432,80,135
975,432,80,135
975,432,80,135
975,432,80,135
975,431,80,135
975,431,80,135
975,431,80,135
975,431,80,135
975,431,86,135
975,431,86,135
976,431,86,135
976,431,86,135
977,431,86,135
978,432,86,135
978,432,86,135
979,432,86,135
979,432,86,135
980,432,86,135
981,433,91,137
981,432,91,137
981,432,91,137
981,432,91,137
981,432,91,137
981,432,91,137
981,431,91,137
981,431,91,137
981,431,91,137
981,431,91,137
981,431,96,135
981,430,96,135
981,429,96,135
982,428,96,135
982,428,96,135
983,427,96,135
983,426,96,135
983,426,96,135
984,425,96,135
984,424,96,135
985,424,100,138
985,423,100,138
985,422,100,138
985,422,100,138
986,421,100,138
986,421,100,138
986,420,100,138
987,419,100,138
987,419,100,138
987,418,100,138
988,418,99,137
988,417,99,137
989,416,99,137
989,415,99,137
990,414,99,137
991,413,99,137
991,412,99,137
992,411,99,137
992,410,99,137
993,409,99,137
994,409,94,137
994,408,94,137
994,407,94,137
994,406,94,137
994,405,94,137
995,404,94,137
995,403,94,137
995,402,94,137
995,401,94,137
995,400,94,137
996,399,96,137
996,397,96,137
996,396,96,137
997,395,96,137
997,394,96,137
998,393,96,137
998,392,96,137
998,391,96,137
999,390,96,137
999,389,96,137
1000,388,94,137
1000,387,94,137
1000,386,94,137
1000,385,94,137
1001,384,94,137
1001,383,94,137
1001,382,94,137
1002,381,94,137
1002,380,94,137
1002,379,94,137
1003,379,91,135
1003,378,91,135
1003,377,91,135
1004,376,91,135
1004,375,91,135
1005,374,91,135
1005,373,91,135
1005,372,91,135
1006,371,91,135
1006,370,91,135
1007,370,87,135
1007,369,87,135
1007,368,87,135
1007,368,87,135
1007,367,87,135
1007,367,87,135
1007,366,87,135
1007,365,87,135
1007,365,87,135
1007,364,87,135
1007,364,89,137
1007,363,89,137
1007,363,89,137
1007,363,89,137
1007,362,89,137
1008,362,89,137
1008,362,89,137
1008,361,89,137
1008,361,89,137
1008,361,89,137
1009,361,83,137
1009,362,83,137
1009,364,83,137
1009,366,83,137
1009,368,83,137
1009,370,83,137
1009,371,83,137
1009,373,83,137
1009,375,83,137
1009,377,83,137
1009,379,79,135
1008,381,79,135
1008,384,79,135
1008,386,79,135
1008,389,79,135
1008,392,79,135
1007,394,79,135
1007,397,79,135
1007,399,79,135
1007,402,79,135
1007,405,81,139
1007,407,81,139
1007,410,81,139
1007,412,81,139
1007,415,81,139
1007,418,81,139
1007,420,81,139
1007,423,81,139
1007,425,81,139
1007,428,81,139
1007,431,76,139
1006,431,76,139
1006,432,76,139
1005,433,76,139
1005,433,76,139
1005,434,76,139
1004,435,76,139
1004,435,76,139
1003,436,76,139
1003,437,76,139
1003,438,82,137
1002,437,82,137
1002,437,82,137
1002,437,82,137
1001,437,82,137
1001,437,82,137
1001,436,82,137
1000,436,82,137
1000,436,82,137
1000,436,82,137
1000,436,81,139
999,435,81,139
999,435,81,139
998,435,81,139
998,435,81,139
998,435,81,139
997,435,81,139
997,435,81,139
996,435,81,139
996,435,81,139
996,435,83,140
995,434,83,140
995,434,83,140
995,433,83,140
995,433,83,140
995,433,83,140
994,432,83,140
994,432,83,140
994,431,83,140
994,431,83,140
994,431,85,143
993,431,85,143
992,431,85,143
991,431,85,143
991,431,85,143
990,431,85,143
989,431,85,143
989,431,85,143
988,431,85,143
987,431,85,143
987,431,90,146
987,430,90,146
987,430,90,146
987,430,90,146
987,430,90,146
987,430,90,146
987,429,90,146
987,429,90,146
987,429,90,146
987,429,90,146
987,429,85,148
986,429,85,148
986,429,85,148
985,429,85,148
985,429,85,148
985,430,85,148
984,430,85,148
984,430,85,148
983,430,85,148
983,430,85,148
983,431,85,150
982,431,85,150
982,431,85,150
981,432,85,150
981,432,85,150
981,433,85,150
980,433,85,150
980,433,85,150
979,434,85,150
979,434,85,150
979,435,89,153
978,434,89,153
978,434,89,153
977,433,89,153
977,433,89,153
977,433,89,153
976,432,89,153
976,432,89,153
975,431,89,153
975,431,89,153
975,431,93,159
974,431,93,159
974,431,93,159
974,432,93,159
973,432,93,159
973,433,93,159
973,433,93,159
972,433,93,159
972,434,93,159
972,434,93,159
972,435,89,151
971,435,89,151
971,435,89,151
970,435,89,151
970,435,89,151
970,435,89,151
969,435,89,151
969,435,89,151
968,435,89,151
968,435,89,151
968,436,91,154
967,436,91,154
967,436,91,154
966,437,91,154
966,437,91,154
966,438,91,154
965,438,91,154
965,438,91,154
964,439,91,154
964,439,91,154
964,440,93,158
963,440,93,158
963,440,93,158
962,441,93,158
962,441,93,158
961,442,93,158
961,442,93,158
960,442,93,158
960,443,93,158
959,443,93,158
959,444,92,161
958,444,92,161
958,444,92,161
957,444,92,161
957,444,92,161
957,445,92,161
956,445,92,161
956,445,92,161
955,445,92,161
955,445,92,161
955,446,96,150
954,446,96,150
954,446,96,150
953,446,96,150
953,446,96,150
953,446,96,150
952,446,96,150
952,446,96,150
951,446,96,150
951,446,96,150
951,446,97,157
950,446,97,157
950,446,97,157
949,446,97,157
949,447,97,157
949,447,97,157
948,447,97,157
948,448,97,157
947,448,97,157
947,448,97,157
947,449,99,160
946,449,99,160
946,450,99,160
946,450,99,160
945,451,99,160
945,452,99,160
945,452,99,160
944,453,99,160
944,453,99,160
944,454,99,160
944,455,96,167
945,465,96,167
946,475,96,167
948,485,96,167
949,496,96,167
951,506,96,167
952,516,96,167
953,527,96,167
955,537,96,167
956,547,96,167
958,558,99,199
958,558,99,199
958,558,99,199
958,558,99,199
958,558,99,199
958,558,99,199
958,558,99,199
958,558,99,199
958,558,99,199
958,558,99,199
958,558,99,201
958,558,99,201
958,558,99,201
958,558,99,201
958,558,99,201
958,558,99,201
958,558,99,201
958,558,99,201
958,558,99,201
958,558,99,201
958,558,97,204
958,558,97,204
958,558,97,204
958,558,97,204
958,558,97,204
958,558,97,204
958,558,97,204
958,558,97,204
958,558,97,204
958,558,97,204
958,558,99,208
958,558,99,208
958,558,99,208
958,558,99,208
958,558,99,208
958,559,99,208
958,559,99,208
958,559,99,208
958,559,99,208
958,559,99,208
958,560,99,208
958,560,99,208
958,560,99,208
958,560,99,208
958,560,99,208
958,560,99,208
958,560,99,208
958,560,99,208
958,560,99,208
958,560,99,208
958,560,97,208
958,559,97,208
958,559,97,208
958,559,97,208
958,559,97,208
958,559,97,208
958,558,97,208
958,558,97,208
958,558,97,208
958,558,97,208
958,558,99,201
958,558,99,201
958,558,99,201
958,558,99,201
958,558,99,201
958,558,99,201
958,558,99,201
958,558,99,201
958,558,99,201
958,558,99,201
958,558,99,203
958,558,99,203
958,558,99,203
958,558,99,203
958,558,99,203
958,558,99,203
958,558,99,203
958,558,99,203
958,558,99,203
958,558,99,203
958,558,99,203
958,558,99,203
958,558,99,203
958,558,99,203
958,558,99,203
958,558,99,203
958,558,99,203
958,558,99,203
958,558,99,203
958,558,99,203
958,558,99,206
958,558,99,206
958,558,99,206
958,558,99,206
958,558,99,206
958,558,99,206
958,558,99,206
958,558,99,206
958,558,99,206
958,558,99,206
958,558,99,203
958,558,99,203
958,558,99,203
958,558,99,203
958,558,99,203
958,558,99,203
958,558,99,203
958,558,99,203
958,558,99,203
958,558,99,203
958,558,101,201
958,558,101,201
958,558,101,201
958,558,101,201
958,558,101,201
958,558,101,201
958,558,101,201
958,558,101,201
958,558,101,201
958,558,101,201
958,558,99,203
958,558,99,203
958,558,99,203
958,558,99,203
958,558,99,203
958,558,99,203
958,558,99,203
958,558,99,203
958,558,99,203
958,558,99,203
958,558,99,203
958,558,99,203
958,558,99,203
958,558,99,203
958,558,99,203
958,558,99,203
958,558,99,203
958,558,99,203
958,558,99,203
958,558,99,203
958,558,99,201
958,558,99,201
958,558,99,201
958,558,99,201
958,558,99,201
958,558,99,201
958,558,99,201
958,558,99,201
958,558,99,201
958,558,99,201
958,558,101,199
958,558,101,199
958,558,101,199
958,558,101,199
958,558,101,199
958,558,101,199
958,558,101,199
958,558,101,199
958,558,101,199
958,558,101,199
958,558,99,204
958,558,99,204
958,558,99,204
958,558,99,204
958,558,99,204
958,558,99,204
958,558,99,204
958,558,99,204
958,558,99,204
958,558,99,204
958,558,95,204
958,558,95,204
958,558,95,204
958,558,95,204
958,558,95,204
958,558,95,204
958,558,95,204
958,558,95,204
958,558,95,204
958,558,95,204
958,558,97,210
958,558,97,210
958,558,97,210
958,558,97,210
958,558,97,210
958,558,97,210
958,558,97,210
958,558,97,210
958,558,97,210
958,558,97,210
958,558,97,201
958,558,97,201
958,558,97,201
958,558,97,201
958,558,97,201
958,558,97,201
958,558,97,201
958,558,97,201
958,558,97,201
958,558,97,201
958,558,101,203
958,558,101,203
958,558,101,203
959,558,101,203
959,558,101,203
960,558,101,203
960,558,101,203
960,558,101,203
961,558,101,203
961,558,101,203
962,558,99,201
962,557,99,201
962,557,99,201
962,557,99,201
962,557,99,201
962,557,99,201
962,556,99,201
962,556,99,201
962,556,99,201
962,556,99,201
962,556,102,203
962,556,102,203
962,556,102,203
962,556,102,203
962,556,102,203
962,556,102,203
962,556,102,203
962,556,102,203
962,556,102,203
962,556,102,203
962,556,99,205
962,556,99,205
962,556,99,205
962,556,99,205
962,556,99,205
962,556,99,205
962,556,99,205
962,556,99,205
962,556,99,205
962,556,99,205
962,556,97,206
962,556,97,206
962,556,97,206
962,556,97,206
962,556,97,206
962,556,97,206
962,556,97,206
962,556,97,206
962,556,97,206
962,556,97,206
962,556,99,206
961,556,99,206
961,556,99,206
960,556,99,206
960,556,99,206
960,557,99,206
959,557,99,206
959,557,99,206
958,557,99,206
958,557,99,206
958,558,99,206
957,558,99,206
957,558,99,206
957,558,99,206
957,558,99,206
957,559,99,206
957,559,99,206
957,559,99,206
957,559,99,206
957,559,99,206
957,560,96,206
957,559,96,206
957,559,96,206
957,559,96,206
957,559,96,206
957,559,96,206
957,558,96,206
957,558,96,206
957,558,96,206
957,558,96,206
957,558,98,208
957,558,98,208
957,558,98,208
957,558,98,208
957,558,98,208
957,558,98,208
957,558,98,208
957,558,98,208
957,558,98,208
957,558,98,208
957,558,98,210
957,558,98,210
957,558,98,210
957,558,98,210
957,558,98,210
957,558,98,210
957,558,98,210
957,558,98,210
957,558,98,210
957,558,98,210
957,558,100,208
957,558,100,208
957,558,100,208
957,558,100,208
957,558,100,208
957,558,100,208
957,558,100,208
957,558,100,208
957,558,100,208
957,558,100,208
957,558,100,212
957,558,100,212
957,558,100,212
957,558,100,212
957,558,100,212
957,558,100,212
957,558,100,212
957,558,100,212
957,558,100,212
957,558,100,212
957,558,102,208
957,558,102,208
957,558,102,208
957,558,102,208
957,558,102,208
957,558,102,208
957,558,102,208
957,558,102,208
957,558,102,208
957,558,102,208
957,558,102,206
957,558,102,206
957,558,102,206
957,558,102,206
957,558,102,206
957,558,102,206
957,558,102,206
957,558,102,206
957,558,102,206
957,558,102,206
957,558,102,204
957,558,102,204
957,558,102,204
957,558,102,204
957,558,102,204
957,558,102,204
957,558,102,204
957,558,102,204
957,558,102,204
957,558,102,204
957,558,102,206
957,558,102,206
957,558,102,206
957,558,102,206
957,558,102,206
957,558,102,206
957,558,102,206
957,558,102,206
957,558,102,206
957,558,102,206
957,558,100,204
957,558,100,204
957,558,100,204
957,558,100,204
957,558,100,204
957,558,100,204
957,558,100,204
957,558,100,204
957,558,100,204
957,558,100,204
957,558,102,203
957,558,102,203
957,558,102,203
957,558,102,203
957,558,102,203
957,558,102,203
957,558,102,203
957,558,102,203
957,558,102,203
957,558,102,203
957,558,102,204
957,558,102,204
957,558,102,204
957,558,102,204
957,558,102,204
957,558,102,204
957,558,102,204
957,558,102,204
957,558,102,204
957,558,102,204
957,558,102,203
957,558,102,203
957,558,102,203
957,558,102,203
957,558,102,203
957,558,102,203
957,558,102,203
957,558,102,203
957,558,102,203
957,558,102,203
957,558,100,206
957,558,100,206
957,558,100,206
957,558,100,206
957,558,100,206
957,558,100,206
957,558,100,206
957,558,100,206
957,558,100,206
957,558,100,206
957,558,102,201
957,558,102,201
957,558,102,201
957,558,102,201
957,558,102,201
957,558,102,201
957,558,102,201
957,558,102,201
957,558,102,201
957,558,102,201
957,558,102,201
957,557,102,201
957,557,102,201
957,557,102,201
957,557,102,201
957,557,102,201
957,556,102,201
957,556,102,201
957,556,102,201
957,556,102,201
957,556,102,203
957,556,102,203
957,556,102,203
957,556,102,203
957,556,102,203
957,556,102,203
957,556,102,203
957,556,102,203
957,556,102,203
957,556,102,203
957,556,100,206
957,556,100,206
957,556,100,206
957,556,100,206
957,556,100,206
957,556,100,206
957,556,100,206
957,556,100,206
957,556,100,206
957,556,100,206
957,556,102,206
957,556,102,206
957,556,102,206
957,556,102,206
957,556,102,206
957,557,102,206
957,557,102,206
957,557,102,206
957,557,102,206
957,557,102,206
957,558,102,210
957,558,102,210
957,558,102,210
957,558,102,210
957,558,102,210
957,558,102,210
957,558,102,210
957,558,102,210
957,558,102,210
957,558,102,210
957,558,98,204
956,558,98,204
956,558,98,204
956,558,98,204
956,558,98,204
956,559,98,204
955,559,98,204
955,559,98,204
955,559,98,204
955,559,98,204
955,560,102,201
955,560,102,201
955,560,102,201
955,560,102,201
955,560,102,201
955,560,102,201
955,560,102,201
955,560,102,201
955,560,102,201
955,560,102,201
955,560,100,201
955,560,100,201
955,560,100,201
955,560,100,201
955,560,100,201
955,560,100,201
955,560,100,201
955,560,100,201
955,560,100,201
955,560,100,201
955,560,104,204
955,560,104,204
955,560,104,204
955,560,104,204
955,560,104,204
955,560,104,204
955,560,104,204
955,560,104,204
955,560,104,204
955,560,104,204
955,560,104,204
955,559,104,204
955,559,104,204
955,559,104,204
955,559,104,204
955,559,104,204
955,558,104,204
955,558,104,204
955,558,104,204
955,558,104,204
955,558,104,203
955,558,104,203
955,558,104,203
956,558,104,203
956,558,104,203
957,558,104,203
957,558,104,203
957,558,104,203
958,558,104,203
958,558,104,203
959,558,98,201
959,557,98,201
959,557,98,201
959,556,98,201
959,556,98,201
959,556,98,201
959,555,98,201
959,555,98,201
959,554,98,201
959,554,98,201
959,554,100,205
959,553,100,205
959,553,100,205
959,553,100,205
959,553,100,205
959,553,100,205
959,552,100,205
959,552,100,205
959,552,100,205
959,552,100,205
959,552,102,197
959,551,102,197
959,551,102,197
959,550,102,197
959,550,102,197
959,550,102,197
959,549,102,197
959,549,102,197
959,548,102,197
959,548,102,197
959,548,100,198
959,547,100,198
959,546,100,198
959,545,100,198
959,544,100,198
959,544,100,198
959,543,100,198
959,542,100,198
959,541,100,198
959,540,100,198
959,540,100,198
959,539,100,198
959,538,100,198
959,537,100,198
959,537,100,198
959,536,100,198
959,535,100,198
959,535,100,198
959,534,100,198
959,533,100,198
959,533,100,196
958,532,100,196
958,531,100,196
958,530,100,196
958,529,100,196
958,528,100,196
957,527,100,196
957,526,100,196
957,525,100,196
957,524,100,196
957,524,98,196
956,523,98,196
956,522,98,196
956,521,98,196
956,520,98,196
956,520,98,196
955,519,98,196
955,518,98,196
955,517,98,196
955,516,98,196
955,516,99,184
955,515,99,184
955,515,99,184
956,514,99,184
956,514,99,184
957,514,99,184
957,513,99,184
957,513,99,184
958,512,99,184
958,512,99,184
959,512,94,195
958,512,94,195
958,512,94,195
958,512,94,195
958,512,94,195
958,512,94,195
957,512,94,195
957,512,94,195
957,512,94,195
957,512,94,195
957,512,96,197
956,511,96,197
956,511,96,197
956,511,96,197
956,511,96,197
956,511,96,197
955,511,96,197
955,511,96,197
955,511,96,197
955,511,96,197
955,511,96,196
954,511,96,196
954,512,96,196
954,512,96,196
954,513,96,196
954,513,96,196
953,514,96,196
953,514,96,196
953,515,96,196
953,515,96,196
953,516,95,196
953,516,95,196
953,516,95,196
953,517,95,196
953,517,95,196
953,518,95,196
953,518,95,196
953,518,95,196
953,519,95,196
953,519,95,196
953,520,93,198
952,520,93,198
952,521,93,198
952,522,93,198
951,522,93,198
951,523,93,198
951,524,93,198
950,524,93,198
950,525,93,198
950,526,93,198
950,527,92,197
949,527,92,197
949,528,92,197
949,529,92,197
949,530,92,197
949,531,92,197
948,531,92,197
948,532,92,197
948,533,92,197
948,534,92,197
948,535,92,197
947,535,92,197
947,536,92,197
946,536,92,197
946,537,92,197
946,537,92,197
945,538,92,197
945,538,92,197
944,539,92,197
944,539,92,197
944,540,93,198
943,540,93,198
943,541,93,198
942,541,93,198
942,542,93,198
942,543,93,198
941,543,93,198
941,544,93,198
940,544,93,198
940,545,93,198
940,546,95,200
939,546,95,200
939,547,95,200
939,548,95,200
938,548,95,200
938,549,95,200
938,550,95,200
937,550,95,200
937,551,95,200
937,552,95,200
937,553,94,200
937,553,94,200
938,554,94,200
939,555,94,200
939,556,94,200
940,557,94,200
941,557,94,200
941,558,94,200
942,559,94,200
943,560,94,200
944,561,91,200
955,561,91,200
967,561,91,200
978,561,91,200
990,562,91,200
1001,562,91,200
1013,562,91,200
1024,563,91,200
1036,563,91,200
1047,563,91,200
1059,564,94,202
1061,564,94,202
1063,565,94,202
1065,565,94,202
1067,566,94,202
1069,567,94,202
1071,567,94,202
1073,568,94,202
1075,568,94,202
1077,569,94,202
1080,570,91,198
1079,570,91,198
1078,570,91,198
1077,571,91,198
1076,571,91,198
1076,572,91,198
1075,572,91,198
1074,572,91,198
1073,573,91,198
1072,573,91,198
1072,574,96,200
1072,574,96,200
1072,575,96,200
1072,576,96,200
1072,576,96,200
1072,577,96,200
1072,578,96,200
1072,578,96,200
1072,579,96,200
1072,580,96,200
1072,581,94,200
1072,581,94,200
1072,582,94,200
1072,583,94,200
1072,583,94,200
1072,584,94,200
1072,585,94,200
1072,585,94,200
1072,586,94,200
1072,587,94,200
1072,588,91,195
1071,588,91,195
1071,588,91,195
1071,589,91,195
1071,589,91,195
1071,590,91,195
1070,590,91,195
1070,590,91,195
1070,591,91,195
1070,591,91,195
1070,592,93,196
1069,592,93,196
1068,592,93,196
1067,593,93,196
1066,593,93,196
1065,594,93,196
1064,594,93,196
1063,594,93,196
1062,595,93,196
1061,595,93,196
1061,596,90,194
1056,591,90,194
1051,587,90,194
1046,583,90,194
1042,578,90,194
1037,574,90,194
1032,570,90,194
1028,565,90,194
1023,561,90,194
1018,557,90,194
1014,553,71,156
1013,554,71,156
1013,555,71,156
1013,556,71,156
1013,558,71,156
1013,559,71,156
1013,560,71,156
1013,562,71,156
1013,563,71,156
1013,564,71,156
1013,566,72,159
1013,567,72,159
1013,569,72,159
1013,570,72,159
1013,572,72,159
1013,573,72,159
1013,575,72,159
1013,576,72,159
1013,578,72,159
1013,579,72,159
1014,581,73,157
1014,582,73,157
1014,584,73,157
1014,586,73,157
1014,587,73,157
1014,589,73,157
1014,591,73,157
1014,592,73,157
1014,594,73,157
1014,596,73,157
1014,598,73,164
1014,599,73,164
1014,601,73,164
1014,603,73,164
1014,605,73,164
1015,607,73,164
1015,608,73,164
1015,610,73,164
1015,612,73,164
1015,614,73,164
1016,616,72,161
1016,615,72,161
1016,615,72,161
1016,614,72,161
1016,614,72,161
1017,613,72,161
1017,613,72,161
1017,612,72,161
1017,612,72,161
1017,611,72,161
1018,611,70,159
1018,609,70,159
1018,608,70,159
1018,607,70,159
1018,605,70,159
1018,604,70,159
1018,603,70,159
1018,601,70,159
1018,600,70,159
1018,599,70,159
1018,598,69,164
1018,597,69,164
1018,596,69,164
1018,595,69,164
1018,594,69,164
1018,593,69,164
1018,592,69,164
1018,591,69,164
1018,590,69,164
1018,589,69,164
1018,588,74,163
1017,587,74,163
1016,587,74,163
1015,587,74,163
1014,587,74,163
1013,587,74,163
1012,586,74,163
1011,586,74,163
1010,586,74,163
1009,586,74,163
1009,586,76,165
1008,585,76,165
1007,585,76,165
1007,585,76,165
1006,585,76,165
1006,585,76,165
1005,585,76,165
1004,585,76,165
1004,585,76,165
1003,585,76,165
1003,585,72,163
1002,584,72,163
1002,584,72,163
1001,584,72,163
1001,584,72,163
1000,584,72,163
1000,583,72,163
999,583,72,163
999,583,72,163
998,583,72,163
998,583,70,163
998,582,70,163
998,581,70,163
998,580,70,163
998,579,70,163
999,579,70,163
999,578,70,163
999,577,70,163
999,576,70,163
999,575,70,163
1000,575,70,163
999,574,70,163
998,573,70,163
997,572,70,163
996,571,70,163
996,570,70,163
995,569,70,163
994,568,70,163
993,567,70,163
992,566,70,163
992,566,72,163
987,565,72,163
983,565,72,163
978,564,72,163
974,564,72,163
970,563,72,163
965,563,72,163
961,562,72,163
956,562,72,163
952,561,72,163
948,561,68,166
945,559,68,166
942,558,68,166
940,557,68,166
937,555,68,166
935,554,68,166
932,553,68,166
929,551,68,166
927,550,68,166
924,549,68,166
922,548,66,170
922,546,66,170
922,545,66,170
922,544,66,170
922,543,66,170
922,542,66,170
922,540,66,170
922,539,66,170
922,538,66,170
922,537,66,170
922,536,68,163
923,535,68,163
924,534,68,163
925,533,68,163
926,533,68,163
927,532,68,163
928,531,68,163
929,531,68,163
930,530,68,163
931,529,68,163
933,529,70,163
933,527,70,163
934,526,70,163
935,525,70,163
936,524,70,163
937,523,70,163
938,522,70,163
939,521,70,163
940,520,70,163
941,519,70,163
942,518,65,167
944,517,65,167
946,517,65,167
948,517,65,167
950,517,65,167
953,517,65,167
955,516,65,167
957,516,65,167
959,516,65,167
961,516,65,167
964,516,69,165
964,516,69,165
964,516,69,165
964,516,69,165
964,516,69,165
964,517,69,165
964,517,69,165
964,517,69,165
964,517,69,165
964,517,69,165
964,518,73,170
964,518,73,170
964,519,73,170
964,520,73,170
964,521,73,170
965,522,73,170
965,523,73,170
965,524,73,170
965,525,73,170
965,526,73,170
966,527,71,169
966,527,71,169
966,528,71,169
966,529,71,169
966,530,71,169
966,531,71,169
966,531,71,169
966,532,71,169
966,533,71,169
966,534,71,169
966,535,74,170
966,536,74,170
966,537,74,170
966,538,74,170
966,540,74,170
966,541,74,170
966,542,74,170
966,544,74,170
966,545,74,170
966,546,74,170
967,548,74,170
966,549,74,170
966,550,74,170
966,551,74,170
966,553,74,170
966,554,74,170
965,555,74,170
965,557,74,170
965,558,74,170
965,559,74,170
965,561,74,170
965,562,74,170
966,564,74,170
967,565,74,170
968,567,74,170
969,568,74,170
969,570,74,170
970,571,74,170
971,573,74,170
972,574,74,170
973,576,62,168
973,577,62,168
973,578,62,168
973,579,62,168
973,580,62,168
973,581,62,168
973,582,62,168
973,583,62,168
973,584,62,168
973,585,62,168
973,587,62,168
973,588,62,168
973,589,62,168
973,590,62,168
973,591,62,168
973,592,62,168
973,593,62,168
973,594,62,168
973,595,62,168
973,596,62,168
973,597,62,168
972,598,62,168
972,599,62,168
972,600,62,168
972,601,62,168
972,602,62,168
971,603,62,168
971,604,62,168
971,605,62,168
971,606,62,168
971,608,66,171
873,547,66,171
776,486,66,171
679,425,66,171
582,364,66,171
485,303,66,171
387,242,66,171
290,181,66,171
193,120,66,171
96,59,66,171
-1,-1,-1,-1
-1,-1,-1,-1
-1,-1,-1,-1
-1,-1,-1,-1
-1,-1,-1,-1
-1,-1,-1,-1
-1,-1,-1,-1
-1,-1,-1,-1
-1,-1,-1,-1
-1,-1,-1,-1
-1,-1,-1,-1
-1,-1,-1,-1
-1,-1,-1,-1
-1,-1,-1,-1
-1,-1,-1,-1
-1,-1,-1,-1
-1,-1,-1,-1
-1,-1,-1,-1
-1,-1,-1,-1
-1,-1,-1,-1
-1,-1,-1,-1
-1,-1,-1,-1
-1,-1,-1,-1
-1,-1,-1,-1
-1,-1,-1,-1
-1,-1,-1,-1
-1,-1,-1,-1
-1,-1,-1,-1
-1,-1,-1,-1
-1,-1,-1,-1
-1,-1,-1,-1
95,62,-1,-1
192,125,-1,-1
289,188,-1,-1
385,251,-1,-1
482,315,-1,-1
579,378,-1,-1
675,441,-1,-1
772,504,-1,-1
869,567,-1,-1
966,631,71,159
965,631,71,159
965,631,71,159
965,632,71,159
964,632,71,159
964,633,71,159
964,633,71,159
963,633,71,159
963,634,71,159
963,634,71,159
963,635,74,151
962,635,74,151
962,635,74,151
962,635,74,151
962,635,74,151
962,635,74,151
961,635,74,151
961,635,74,151
961,635,74,151
961,635,74,151
961,636,74,162
961,636,74,162
961,636,74,162
961,636,74,162
961,636,74,162
962,637,74,162
962,637,74,162
962,637,74,162
962,637,74,162
962,637,74,162
963,638,72,167
963,637,72,167
963,637,72,167
963,637,72,167
963,637,72,167
963,637,72,167
963,636,72,167
963,636,72,167
963,636,72,167
963,636,72,167
963,636,72,169
963,635,72,169
963,635,72,169
963,635,72,169
963,635,72,169
963,635,72,169
963,635,72,169
963,635,72,169
963,635,72,169
963,635,72,169
963,635,74,168
962,635,74,168
962,635,74,168
962,635,74,168
962,635,74,168
962,635,74,168
961,635,74,168
961,635,74,168
961,635,74,168
961,635,74,168
961,635,72,168
961,634,72,168
961,634,72,168
961,634,72,168
961,634,72,168
961,634,72,168
961,633,72,168
961,633,72,168
961,633,72,168
961,633,72,168
961,633,70,168
961,633,70,168
961,633,70,168
961,633,70,168
962,633,70,168
962,634,70,168
962,634,70,168
963,634,70,168
963,634,70,168
963,634,70,168
964,635,67,163
964,635,67,163
964,635,67,163
964,635,67,163
964,635,67,163
964,635,67,163
964,635,67,163
964,635,67,163
964,635,67,163
964,635,67,163
964,635,65,163
964,635,65,163
964,635,65,163
964,635,65,163
964,635,65,163
964,635,65,163
964,635,65,163
964,635,65,163
964,635,65,163
964,635,65,163
964,635,69,163
964,635,69,163
964,636,69,163
964,636,69,163
964,637,69,163
964,637,69,163
964,638,69,163
964,638,69,163
964,639,69,163
964,639,69,163
964,640,69,159
963,640,69,159
963,640,69,159
963,640,69,159
963,640,69,159
963,641,69,159
963,641,69,159
963,641,69,159
963,641,69,159
963,641,69,159
963,642,68,159
962,642,68,159
962,642,68,159
961,642,68,159
961,642,68,159
961,642,68,159
960,642,68,159
960,642,68,159
959,642,68,159
959,642,68,159
959,642,72,159
959,642,72,159
959,642,72,159
959,642,72,159
959,642,72,159
959,643,72,159
959,643,72,159
959,643,72,159
959,643,72,159
959,643,72,159
959,644,70,165
959,644,70,165
959,645,70,165
959,645,70,165
959,646,70,165
959,646,70,165
959,647,70,165
959,647,70,165
959,648,70,165
959,648,70,165
959,649,66,162
958,649,66,162
958,649,66,162
957,649,66,162
957,649,66,162
957,650,66,162
956,650,66,162
956,650,66,162
955,650,66,162
955,650,66,162
955,651,70,161
954,651,70,161
954,651,70,161
953,651,70,161
953,651,70,161
953,652,70,161
952,652,70,161
952,652,70,161
951,652,70,161
951,652,70,161
951,653,69,158
950,653,69,158
950,653,69,158
950,653,69,158
950,653,69,158
950,653,69,158
950,653,69,158
950,653,69,158
950,653,69,158
950,653,69,158
950,653,66,159
950,653,66,159
950,653,66,159
950,653,66,159
950,653,66,159
950,653,66,159
950,653,66,159
950,653,66,159
950,653,66,159
950,653,66,159
950,653,64,158
950,652,64,158
950,652,64,158
950,652,64,158
950,652,64,158
950,652,64,158
950,651,64,158
950,651,64,158
950,651,64,158
950,651,64,158
951,651,62,160
950,650,62,160
950,650,62,160
950,650,62,160
950,650,62,160
950,650,62,160
950,649,62,160
950,649,62,160
950,649,62,160
950,649,62,160
950,649,64,156
950,648,64,156
950,648,64,156
950,647,64,156
950,647,64,156
950,646,64,156
950,646,64,156
950,645,64,156
950,645,64,156
950,644,64,156
950,644,63,157
950,643,63,157
950,642,63,157
950,642,63,157
950,641,63,157
950,641,63,157
950,640,63,157
950,639,63,157
950,639,63,157
950,638,63,157
950,638,64,154
950,637,64,154
950,637,64,154
950,637,64,154
950,636,64,154
950,636,64,154
950,636,64,154
950,635,64,154
950,635,64,154
950,635,64,154
950,635,63,153
950,634,63,153
950,634,63,153
950,633,63,153
950,633,63,153
950,633,63,153
950,632,63,153
950,632,63,153
950,631,63,153
950,631,63,153
950,631,68,154
950,630,68,154
950,630,68,154
950,630,68,154
950,630,68,154
950,630,68,154
950,629,68,154
950,629,68,154
950,629,68,154
950,629,68,154
951,629,63,150
951,628,63,150
951,628,63,150
952,627,63,150
952,627,63,150
953,627,63,150
953,626,63,150
953,626,63,150
954,625,63,150
954,625,63,150
955,625,63,149
954,624,63,149
954,624,63,149
954,624,63,149
954,623,63,149
954,623,63,149
953,623,63,149
953,622,63,149
953,622,63,149
953,622,63,149
953,622,69,148
952,621,69,148
952,620,69,148
952,620,69,148
952,619,69,148
952,619,69,148
951,618,69,148
951,617,69,148
951,617,69,148
951,616,69,148
951,616,63,148
950,615,63,148
950,615,63,148
950,614,63,148
950,614,63,148
950,613,63,148
950,613,63,148
950,612,63,148
950,612,63,148
950,611,63,148
950,611,63,148
949,610,63,148
949,609,63,148
949,609,63,148
949,608,63,148
949,608,63,148
948,607,63,148
948,606,63,148
948,606,63,148
948,605,63,148
948,605,61,150
948,604,61,150
948,603,61,150
948,603,61,150
948,602,61,150
949,602,61,150
949,601,61,150
949,600,61,150
949,600,61,150
949,599,61,150
950,599,63,147
949,598,63,147
949,598,63,147
949,597,63,147
949,597,63,147
949,596,63,147
948,596,63,147
948,595,63,147
948,595,63,147
948,594,63,147
948,594,63,144
947,593,63,144
947,592,63,144
947,592,63,144
947,591,63,144
947,591,63,144
946,590,63,144
946,589,63,144
946,589,63,144
946,588,63,144
946,588,61,143
945,587,61,143
945,587,61,143
944,586,61,143
944,586,61,143
944,585,61,143
943,585,61,143
943,584,61,143
942,584,61,143
942,583,61,143
942,583,61,142
942,582,61,142
942,581,61,142
942,581,61,142
942,580,61,142
942,580,61,142
942,579,61,142
942,578,61,142
942,578,61,142
942,577,61,142
942,577,63,145
944,574,63,145
947,572,63,145
949,569,63,145
952,567,63,145
955,565,63,145
957,562,63,145
960,560,63,145
962,557,63,145
965,555,63,145
968,553,61,135
968,553,61,135
968,553,61,135
969,554,61,135
969,554,61,135
970,555,61,135
970,555,61,135
970,555,61,135
971,556,61,135
971,556,61,135
972,557,59,135
971,557,59,135
971,557,59,135
970,558,59,135
970,558,59,135
970,559,59,135
969,559,59,135
969,559,59,135
968,560,59,135
968,560,59,135
968,561,61,137
967,561,61,137
967,562,61,137
967,562,61,137
967,563,61,137
967,563,61,137
966,564,61,137
966,564,61,137
966,565,61,137
966,565,61,137
966,566,59,135
965,566,59,135
965,566,59,135
965,567,59,135
965,567,59,135
965,568,59,135
964,568,59,135
964,568,59,135
964,569,59,135
964,569,59,135
964,570,61,133
964,570,61,133
964,570,61,133
964,571,61,133
964,571,61,133
964,572,61,133
964,572,61,133
964,572,61,133
964,573,61,133
964,573,61,133
964,574,61,137
964,574,61,137
964,575,61,137
964,575,61,137
964,576,61,137
964,576,61,137
964,577,61,137
964,577,61,137
964,578,61,137
964,578,61,137
964,579,60,135
964,579,60,135
964,579,60,135
964,580,60,135
964,580,60,135
964,581,60,135
964,581,60,135
964,581,60,135
964,582,60,135
964,582,60,135
964,583,60,137
964,583,60,137
964,584,60,137
964,585,60,137
964,585,60,137
964,586,60,137
964,587,60,137
964,587,60,137
964,588,60,137
964,589,60,137
964,590,58,135
964,590,58,135
964,590,58,135
964,590,58,135
964,590,58,135
964,591,58,135
964,591,58,135
964,591,58,135
964,591,58,135
964,591,58,135
964,592,58,137
964,592,58,137
964,592,58,137
964,592,58,137
964,592,58,137
964,592,58,137
964,592,58,137
964,592,58,137
964,592,58,137
964,592,58,137
964,592,60,143
964,592,60,143
964,593,60,143
964,593,60,143
964,594,60,143
964,595,60,143
964,595,60,143
964,596,60,143
964,596,60,143
964,597,60,143
964,598,61,138
964,598,61,138
964,598,61,138
964,598,61,138
964,599,61,138
965,599,61,138
965,599,61,138
965,600,61,138
965,600,61,138
965,600,61,138
966,601,58,141
966,601,58,141
966,602,58,141
966,602,58,141
966,603,58,141
966,604,58,141
966,604,58,141
966,605,58,141
966,605,58,141
966,606,58,141
966,607,58,139
966,607,58,139
966,607,58,139
966,608,58,139
966,608,58,139
967,609,58,139
967,609,58,139
967,609,58,139
967,610,58,139
967,610,58,139
968,611,57,142
968,611,57,142
968,611,57,142
968,611,57,142
968,611,57,142
968,611,57,142
968,611,57,142
968,611,57,142
968,611,57,142
