1185,987,87,93
1184,983,87,93
1183,979,87,93
1182,975,87,93
1181,972,87,93
1181,968,87,93
1180,964,87,93
1179,961,87,93
1178,957,87,93
1177,953,87,93
1177,950,92,130
1176,946,92,130
1175,943,92,130
1175,939,92,130
1174,936,92,130
1174,932,92,130
1173,929,92,130
1172,925,92,130
1172,922,92,130
1171,918,92,130
1171,915,97,165
1171,911,97,165
1171,908,97,165
1171,904,97,165
1171,901,97,165
1172,898,97,165
1172,894,97,165
1172,891,97,165
1172,887,97,165
1172,884,97,165
1173,881,92,199
1172,878,92,199
1172,875,92,199
1171,872,92,199
1171,870,92,199
1170,867,92,199
1170,864,92,199
1169,862,92,199
1169,859,92,199
1168,856,92,199
1168,854,97,226
1167,851,97,226
1167,848,97,226
1166,845,97,226
1166,842,97,226
1165,840,97,226
1165,837,97,226
1164,834,97,226
1164,831,97,226
1163,828,97,226
1163,826,95,234
1162,823,95,234
1162,820,95,234
1162,817,95,234
1162,814,95,234
1162,811,95,234
1162,808,95,234
1162,805,95,234
1162,802,95,234
1162,799,95,234
1162,796,93,231
1161,793,93,231
1161,791,93,231
1160,789,93,231
1160,787,93,231
1160,785,93,231
1159,783,93,231
1159,781,93,231
1158,779,93,231
1158,777,93,231
1158,775,93,223
1157,772,93,223
1157,769,93,223
1157,766,93,223
1157,763,93,223
1157,760,93,223
1157,757,93,223
1157,754,93,223
1157,751,93,223
1157,748,93,223
1157,745,92,227
1157,743,92,227
1157,742,92,227
1157,740,92,227
1157,739,92,227
1157,738,92,227
1157,736,92,227
1157,735,92,227
1157,733,92,227
1157,732,92,227
1157,731,88,219
1157,729,88,219
1157,727,88,219
1157,726,88,219
1157,724,88,219
1157,723,88,219
1157,721,88,219
1157,719,88,219
1157,718,88,219
1157,716,88,219
1158,715,87,218
1157,712,87,218
1157,710,87,218
1157,707,87,218
1157,705,87,218
1157,703,87,218
1157,700,87,218
1157,698,87,218
1157,695,87,218
1157,693,87,218
1157,691,88,214
1157,688,88,214
1157,686,88,214
1158,684,88,214
1158,682,88,214
1159,680,88,214
1159,678,88,214
1159,676,88,214
1160,674,88,214
1160,672,88,214
1161,670,83,211
1160,668,83,211
1160,666,83,211
1160,664,83,211
1160,662,83,211
1160,660,83,211
1160,658,83,211
1160,656,83,211
1160,654,83,211
1160,652,83,211
1160,650,83,209
1160,647,83,209
1160,645,83,209
1160,642,83,209
1160,640,83,209
1160,638,83,209
1160,635,83,209
1160,633,83,209
1160,630,83,209
1160,628,83,209
1160,626,84,209
1158,597,84,209
1156,568,84,209
1154,540,84,209
1152,511,84,209
1151,483,84,209
1149,454,84,209
1147,425,84,209
1145,397,84,209
1143,368,84,209
1142,340,80,172
1142,340,80,172
1142,340,80,172
1142,340,80,172
1142,340,80,172
1142,340,80,172
1142,340,80,172
1142,340,80,172
1142,340,80,172
1142,340,80,172
1142,340,77,166
1141,339,77,166
1141,339,77,166
1141,339,77,166
1141,339,77,166
1141,339,77,166
1140,338,77,166
1140,338,77,166
1140,338,77,166
1140,338,77,166
1140,338,79,164
1140,337,79,164
1140,337,79,164
1140,336,79,164
1140,336,79,164
1140,336,79,164
1140,335,79,164
1140,335,79,164
1140,334,79,164
1140,334,79,164
1140,334,78,166
1140,333,78,166
1140,332,78,166
1140,331,78,166
1140,331,78,166
1140,330,78,166
1140,329,78,166
1140,329,78,166
1140,328,78,166
1140,327,78,166
1140,327,79,167
1139,326,79,167
1139,326,79,167
1139,326,79,167
1139,325,79,167
1139,325,79,167
1138,325,79,167
1138,324,79,167
1138,324,79,167
1138,324,79,167
1138,324,81,165
1138,323,81,165
1138,323,81,165
1138,323,81,165
1138,323,81,165
1138,323,81,165
1138,323,81,165
1138,323,81,165
1138,323,81,165
1138,323,81,165
1138,323,78,164
1137,322,78,164
1137,321,78,164
1137,321,78,164
1136,320,78,164
1136,320,78,164
1136,319,78,164
1135,318,78,164
1135,318,78,164
1135,317,78,164
1135,317,81,162
1135,316,81,162
1135,316,81,162
1135,316,81,162
1135,316,81,162
1135,316,81,162
1135,316,81,162
1135,316,81,162
1135,316,81,162
1135,316,81,162
1136,316,79,161
1135,315,79,161
1135,315,79,161
1135,314,79,161
1135,314,79,161
1135,314,79,161
1134,313,79,161
1134,313,79,161
1134,312,79,161
1134,312,79,161
1134,312,80,161
1134,311,80,161
1134,311,80,161
1134,310,80,161
1134,310,80,161
1135,309,80,161
1135,309,80,161
1135,308,80,161
1135,308,80,161
1135,307,80,161
1136,307,75,165
1135,306,75,165
1135,306,75,165
1135,306,75,165
1135,305,75,165
1135,305,75,165
1134,305,75,165
1134,304,75,165
1134,304,75,165
1134,304,75,165
1134,304,76,163
1134,304,76,163
1134,304,76,163
1134,304,76,163
1134,304,76,163
1135,304,76,163
1135,304,76,163
1135,304,76,163
1135,304,76,163
1135,304,76,163
1136,304,74,163
1136,304,74,163
1136,304,74,163
1136,304,74,163
1136,304,74,163
1136,304,74,163
1136,304,74,163
1136,304,74,163
1136,304,74,163
1136,304,74,163
1136,305,72,162
1135,304,72,162
1135,304,72,162
1135,303,72,162
1135,303,72,162
1135,303,72,162
1135,302,72,162
1135,302,72,162
1135,301,72,162
1135,301,72,162
1135,301,73,164
1135,301,73,164
1135,301,73,164
1135,302,73,164
1135,302,73,164
1135,303,73,164
1135,303,73,164
1135,303,73,164
1135,304,73,164
1135,304,73,164
1135,305,72,163
1135,304,72,163
1135,304,72,163
1135,304,72,163
1135,304,72,163
1135,304,72,163
1135,304,72,163
1135,304,72,163
1135,304,72,163
1135,304,72,163
1136,304,74,161
1135,304,74,161
1135,304,74,161
1135,305,74,161
1135,305,74,161
1135,306,74,161
1134,306,74,161
1134,306,74,161
1134,307,74,161
1134,307,74,161
1134,308,74,160
1133,307,74,160
1133,307,74,160
1133,307,74,160
1132,307,74,160
1132,307,74,160
1132,306,74,160
1131,306,74,160
1131,306,74,160
1131,306,74,160
1131,306,76,165
1130,306,76,165
1130,307,76,165
1130,307,76,165
1130,308,76,165
1130,308,76,165
1130,309,76,165
1130,309,76,165
1130,310,76,165
1130,310,76,165
1130,311,77,165
1129,311,77,165
1129,311,77,165
1129,311,77,165
1129,311,77,165
1129,312,77,165
1129,312,77,165
1129,312,77,165
1129,312,77,165
1129,312,77,165
1129,313,73,164
1128,313,73,164
1128,313,73,164
1128,313,73,164
1128,313,73,164
1128,313,73,164
1128,313,73,164
1128,313,73,164
1128,313,73,164
1128,313,73,164
1128,313,73,163
1127,313,73,163
1126,314,73,163
1125,315,73,163
1124,316,73,163
1123,317,73,163
1122,318,73,163
1121,319,73,163
1120,320,73,163
1119,321,73,163
1118,322,76,163
1117,322,76,163
1117,322,76,163
1117,322,76,163
1117,322,76,163
1117,322,76,163
1116,322,76,163
1116,322,76,163
1116,322,76,163
1116,322,76,163
1116,323,73,167
1115,323,73,167
1115,323,73,167
1114,323,73,167
1114,324,73,167
1114,324,73,167
1113,324,73,167
1113,325,73,167
1112,325,73,167
1112,325,73,167
1112,326,75,161
1111,325,75,161
1111,325,75,161
1110,324,75,161
1110,324,75,161
1110,324,75,161
1109,323,75,161
1109,323,75,161
1108,322,75,161
1108,322,75,161
1108,322,74,161
1107,321,74,161
1107,320,74,161
1107,319,74,161
1106,318,74,161
1106,318,74,161
1106,317,74,161
1105,316,74,161
1105,315,74,161
1105,314,74,161
1105,314,72,161
1104,313,72,161
1104,312,72,161
1103,311,72,161
1103,310,72,161
1102,310,72,161
1102,309,72,161
1101,308,72,161
1101,307,72,161
1100,306,72,161
1100,306,70,161
1099,304,70,161
1098,303,70,161
1097,302,70,161
1097,301,70,161
1096,300,70,161
1095,298,70,161
1095,297,70,161
1094,296,70,161
1093,295,70,161
1093,294,73,156
1092,292,73,156
1092,291,73,156
1092,290,73,156
1092,289,73,156
1092,288,73,156
1091,287,73,156
1091,286,73,156
1091,285,73,156
1091,284,73,156
1091,283,69,156
1090,281,69,156
1089,279,69,156
1088,278,69,156
1088,276,69,156
1087,275,69,156
1086,273,69,156
1086,271,69,156
1085,270,69,156
1084,268,69,156
1084,267,71,154
1083,265,71,154
1082,264,71,154
1082,262,71,154
1081,261,71,154
1081,259,71,154
1080,258,71,154
1079,256,71,154
1079,255,71,154
1078,253,71,154
1078,252,70,149
1077,250,70,149
1076,248,70,149
1076,247,70,149
1075,245,70,149
1075,244,70,149
1074,242,70,149
1073,240,70,149
1073,239,70,149
1072,237,70,149
1072,236,71,148
1071,234,71,148
1070,232,71,148
1069,230,71,148
1069,228,71,148
1068,227,71,148
1067,225,71,148
1067,223,71,148
1066,221,71,148
1065,219,71,148
1065,218,71,145
1064,216,71,145
1064,214,71,145
1064,212,71,145
1064,210,71,145
1064,208,71,145
1063,206,71,145
1063,204,71,145
1063,202,71,145
1063,200,71,145
1063,198,65,148
1062,196,65,148
1061,195,65,148
1061,193,65,148
1060,192,65,148
1060,190,65,148
1059,189,65,148
1058,187,65,148
1058,186,65,148
1057,184,65,148
1057,183,70,143
1056,181,70,143
1056,179,70,143
1055,177,70,143
1055,175,70,143
1054,174,70,143
1054,172,70,143
1053,170,70,143
1053,168,70,143
1052,166,70,143
1052,165,67,137
1051,163,67,137
1051,161,67,137
1050,160,67,137
1050,158,67,137
1050,157,67,137
1049,155,67,137
1049,153,67,137
1048,152,67,137
1048,150,67,137
1048,149,68,140
1047,147,68,140
1046,145,68,140
1045,144,68,140
1045,142,68,140
1044,141,68,140
1043,139,68,140
1043,137,68,140
1042,136,68,140
1041,134,68,140
1041,133,71,139
1040,131,71,139
1040,130,71,139
1039,128,71,139
1039,127,71,139
1039,126,71,139
1038,124,71,139
1038,123,71,139
1037,121,71,139
1037,120,71,139
1037,119,69,135
1036,117,69,135
1036,116,69,135
1035,115,69,135
1035,114,69,135
1035,113,69,135
1034,111,69,135
1034,110,69,135
1033,109,69,135
1033,108,69,135
1033,107,70,135
1032,105,70,135
1032,104,70,135
1032,103,70,135
1031,102,70,135
1031,101,70,135
1031,99,70,135
1030,98,70,135
1030,97,70,135
1030,96,70,135
1030,95,68,131
1029,93,68,131
1029,92,68,131
1028,91,68,131
1028,90,68,131
1027,89,68,131
1027,87,68,131
1026,86,68,131
1026,85,68,131
1025,84,68,131
1025,83,68,135
1024,81,68,135
1024,79,68,135
1024,78,68,135
1023,76,68,135
1023,75,68,135
1023,73,68,135
1022,71,68,135
1022,70,68,135
1022,68,68,135
1022,67,68,141
1022,66,68,141
1022,66,68,141
1022,65,68,141
1022,65,68,141
1022,64,68,141
1022,64,68,141
1022,63,68,141
1022,63,68,141
1022,62,68,141
1023,62,60,132
1023,61,60,132
1023,60,60,132
1024,59,60,132
1024,59,60,132
1025,58,60,132
1025,57,60,132
1025,57,60,132
1026,56,60,132
1026,55,60,132
1027,55,54,130
1026,54,54,130
1026,53,54,130
1026,52,54,130
1026,51,54,130
1026,51,54,130
1025,50,54,130
1025,49,54,130
1025,48,54,130
1025,47,54,130
1025,47,57,136
1024,46,57,136
1024,45,57,136
1024,44,57,136
1024,44,57,136
1024,43,57,136
1024,42,57,136
1024,42,57,136
1024,41,57,136
1024,40,57,136
1024,40,57,133
1024,39,57,133
1024,39,57,133
1024,38,57,133
1024,38,57,133
1024,38,57,133
1024,37,57,133
1024,37,57,133
1024,36,57,133
1024,36,57,133
1025,36,57,135
1025,35,57,135
1025,35,57,135
1025,35,57,135
1025,34,57,135
1025,34,57,135
1025,34,57,135
1025,33,57,135
1025,33,57,135
1025,33,57,135
1026,33,52,130
1026,32,52,130
1026,32,52,130
1026,32,52,130
1026,32,52,130
1027,32,52,130
1027,32,52,130
1027,32,52,130
1027,32,52,130
1027,32,52,130
1028,32,54,135
1027,32,54,135
1027,32,54,135
1027,32,54,135
1027,33,54,135
1027,33,54,135
1027,33,54,135
1027,34,54,135
1027,34,54,135
1027,34,54,135
1027,35,56,132
1026,35,56,132
1026,35,56,132
1026,35,56,132
1026,35,56,132
1026,35,56,132
1025,35,56,132
1025,35,56,132
1025,35,56,132
1025,35,56,132
1025,36,60,132
1024,36,60,132
1024,36,60,132
1024,36,60,132
1024,36,60,132
1024,36,60,132
1023,36,60,132
1023,36,60,132
1023,36,60,132
1023,36,60,132
1023,37,62,130
1023,37,62,130
1023,37,62,130
1023,37,62,130
1023,37,62,130
1023,37,62,130
1023,37,62,130
1023,37,62,130
1023,37,62,130
1023,37,62,130
1024,37,59,131
1024,37,59,131
1024,38,59,131
1025,39,59,131
1025,40,59,131
1026,41,59,131
1026,42,59,131
1026,43,59,131
1027,44,59,131
1027,45,59,131
1028,46,52,124
1028,46,52,124
1028,46,52,124
1028,46,52,124
1028,46,52,124
1028,47,52,124
1028,47,52,124
1028,47,52,124
1028,47,52,124
1028,47,52,124
1028,48,52,124
1027,48,52,124
1027,48,52,124
1026,48,52,124
1026,49,52,124
1025,49,52,124
1025,49,52,124
1024,50,52,124
1024,50,52,124
1023,50,52,124
1023,51,56,124
1022,51,56,124
1022,51,56,124
1021,51,56,124
1021,51,56,124
1021,52,56,124
1020,52,56,124
1020,52,56,124
1019,52,56,124
1019,52,56,124
1019,53,61,123
1018,53,61,123
1017,54,61,123
1016,54,61,123
1016,55,61,123
1015,55,61,123
1014,56,61,123
1014,56,61,123
1013,57,61,123
1012,57,61,123
1012,58,66,125
1011,58,66,125
1011,58,66,125
1010,59,66,125
1010,59,66,125
1010,60,66,125
1009,60,66,125
1009,60,66,125
1008,61,66,125
1008,61,66,125
1008,62,68,134
1007,62,68,134
1007,63,68,134
1006,64,68,134
1006,64,68,134
1005,65,68,134
1005,66,68,134
1004,66,68,134
1004,67,68,134
1003,68,68,134
1003,69,69,124
1002,68,69,124
1002,68,69,124
1001,68,69,124
1001,68,69,124
1000,68,69,124
1000,67,69,124
999,67,69,124
999,67,69,124
998,67,69,124
998,67,70,133
997,67,70,133
997,67,70,133
996,68,70,133
996,68,70,133
996,69,70,133
995,69,70,133
995,69,70,133
994,70,70,133
994,70,70,133
994,71,70,134
993,70,70,134
993,70,70,134
992,70,70,134
992,70,70,134
991,70,70,134
991,70,70,134
990,70,70,134
990,70,70,134
989,70,70,134
989,70,71,138
989,70,71,138
989,70,71,138
989,71,71,138
989,71,71,138
989,72,71,138
989,72,71,138
989,72,71,138
989,73,71,138
989,73,71,138
989,74,66,134
988,73,66,134
988,73,66,134
987,73,66,134
987,73,66,134
987,73,66,134
986,73,66,134
986,73,66,134
985,73,66,134
985,73,66,134
985,73,63,139
985,72,63,139
985,72,63,139
985,72,63,139
985,72,63,139
985,72,63,139
985,71,63,139
985,71,63,139
985,71,63,139
985,71,63,139
986,71,63,135
986,70,63,135
986,70,63,135
986,70,63,135
986,70,63,135
987,70,63,135
987,70,63,135
987,70,63,135
987,70,63,135
987,70,63,135
988,70,57,135
987,70,57,135
987,70,57,135
987,70,57,135
986,71,57,135
986,71,57,135
986,71,57,135
985,72,57,135
985,72,57,135
985,72,57,135
985,73,62,131
985,72,62,131
985,72,62,131
985,72,62,131
985,72,62,131
985,72,62,131
985,71,62,131
985,71,62,131
985,71,62,131
985,71,62,131
985,71,64,130
984,71,64,130
984,71,64,130
983,71,64,130
983,71,64,130
983,71,64,130
982,71,64,130
982,71,64,130
981,71,64,130
981,71,64,130
981,71,66,133
981,70,66,133
981,70,66,133
981,69,66,133
981,69,66,133
981,69,66,133
981,68,66,133
981,68,66,133
981,67,66,133
981,67,66,133
982,67,63,129
981,66,63,129
981,65,63,129
981,65,63,129
981,64,63,129
981,64,63,129
980,63,63,129
980,62,63,129
980,62,63,129
980,61,63,129
980,61,64,135
979,61,64,135
979,61,64,135
979,61,64,135
979,61,64,135
979,62,64,135
979,62,64,135
979,62,64,135
979,62,64,135
979,62,64,135
979,63,62,134
979,62,62,134
979,62,62,134
979,62,62,134
979,61,62,134
979,61,62,134
979,61,62,134
979,60,62,134
979,60,62,134
979,60,62,134
979,60,62,132
978,59,62,132
977,59,62,132
977,58,62,132
976,58,62,132
976,57,62,132
975,57,62,132
974,56,62,132
974,56,62,132
973,55,62,132
973,55,64,133
973,55,64,133
973,55,64,133
973,55,64,133
973,56,64,133
974,56,64,133
974,56,64,133
974,57,64,133
974,57,64,133
974,57,64,133
975,58,65,130
974,57,65,130
974,57,65,130
974,57,65,130
973,56,65,130
973,56,65,130
973,56,65,130
972,55,65,130
972,55,65,130
972,55,65,130
972,55,65,134
971,54,65,134
971,54,65,134
970,54,65,134
970,54,65,134
970,54,65,134
969,53,65,134
969,53,65,134
968,53,65,134
968,53,65,134
968,53,63,132
967,52,63,132
967,52,63,132
966,51,63,132
966,51,63,132
966,51,63,132
965,50,63,132
965,50,63,132
964,49,63,132
964,49,63,132
964,49,66,135
963,49,66,135
963,49,66,135
963,49,66,135
963,49,66,135
963,49,66,135
963,49,66,135
963,49,66,135
963,49,66,135
963,49,66,135
963,50,64,131
962,49,64,131
962,49,64,131
961,49,64,131
961,48,64,131
961,48,64,131
960,48,64,131
960,47,64,131
959,47,64,131
959,47,64,131
959,47,68,130
958,46,68,130
958,46,68,130
958,45,68,130
958,45,68,130
958,45,68,130
957,44,68,130
957,44,68,130
957,43,68,130
957,43,68,130
957,43,62,134
956,43,62,134
955,43,62,134
954,43,62,134
953,43,62,134
953,43,62,134
952,43,62,134
951,43,62,134
950,43,62,134
949,43,62,134
949,44,69,132
948,43,69,132
947,43,69,132
947,43,69,132
946,43,69,132
946,43,69,132
945,42,69,132
944,42,69,132
944,42,69,132
943,42,69,132
943,42,75,131
942,41,75,131
942,41,75,131
942,41,75,131
942,41,75,131
942,41,75,131
942,41,75,131
942,41,75,131
942,41,75,131
942,41,75,131
942,41,70,128
938,37,70,128
935,33,70,128
931,29,70,128
928,25,70,128
925,21,70,128
921,17,70,128
918,13,70,128
914,9,70,128
911,5,70,128
908,1,50,76
907,1,50,76
907,1,50,76
907,1,50,76
907,1,50,76
907,1,50,76
906,1,50,76
906,1,50,76
906,1,50,76
906,1,50,76
906,1,50,68
906,1,50,68
906,1,50,68
906,1,50,68
906,1,50,68
906,1,50,68
906,1,50,68
906,1,50,68
906,1,50,68
906,1,50,68
906,1,49,63
905,1,49,63
905,1,49,63
905,1,49,63
905,1,49,63
905,1,49,63
905,1,49,63
905,1,49,63
905,1,49,63
905,1,49,63
905,1,46,61
904,1,46,61
904,1,46,61
904,1,46,61
904,1,46,61
904,1,46,61
904,1,46,61
904,1,46,61
904,1,46,61
904,1,46,61
904,1,44,57
903,1,44,57
903,1,44,57
903,1,44,57
903,1,44,57
903,1,44,57
902,1,44,57
902,1,44,57
902,1,44,57
902,1,44,57
902,2,46,56
901,1,46,56
901,1,46,56
901,1,46,56
901,1,46,56
901,1,46,56
900,1,46,56
900,1,46,56
900,1,46,56
900,1,46,56
900,1,44,50
899,1,44,50
899,1,44,50
899,1,44,50
899,1,44,50
899,1,44,50
899,1,44,50
899,1,44,50
899,1,44,50
899,1,44,50
899,1,44,46
898,1,44,46
898,1,44,46
898,1,44,46
898,1,44,46
898,1,44,46
897,1,44,46
897,1,44,46
897,1,44,46
897,1,44,46
897,1,42,42
896,1,42,42
896,1,42,42
896,1,42,42
896,1,42,42
896,1,42,42
896,1,42,42
896,1,42,42
896,1,42,42
896,1,42,42
896,1,43,43
895,1,43,43
894,1,43,43
893,1,43,43
892,1,43,43
891,1,43,43
890,1,43,43
889,1,43,43
888,1,43,43
887,1,43,43
887,1,50,34
887,1,50,34
887,1,50,34
887,1,50,34
887,1,50,34
888,1,50,34
888,1,50,34
888,1,50,34
888,1,50,34
888,1,50,34
889,1,43,42
888,1,43,42
888,1,43,42
888,1,43,42
887,1,43,42
887,1,43,42
887,1,43,42
886,1,43,42
886,1,43,42
886,1,43,42
886,1,46,37
885,1,46,37
885,1,46,37
884,1,46,37
884,1,46,37
883,1,46,37
883,1,46,37
882,1,46,37
882,1,46,37
881,1,46,37
881,1,49,38
880,1,49,38
880,1,49,38
880,1,49,38
880,1,49,38
880,1,49,38
880,1,49,38
880,1,49,38
880,1,49,38
880,1,49,38
880,1,46,36
879,1,46,36
878,1,46,36
878,1,46,36
877,1,46,36
877,1,46,36
876,1,46,36
875,1,46,36
875,1,46,36
874,1,46,36
874,1,46,34
873,1,46,34
873,1,46,34
873,1,46,34
872,1,46,34
872,1,46,34
872,1,46,34
871,1,46,34
871,1,46,34
871,1,46,34
871,1,47,39
870,1,47,39
870,1,47,39
870,1,47,39
869,1,47,39
869,1,47,39
869,1,47,39
868,1,47,39
868,1,47,39
868,1,47,39
868,1,47,34
867,1,47,34
867,1,47,34
866,1,47,34
866,1,47,34
865,1,47,34
865,1,47,34
864,1,47,34
864,1,47,34
863,1,47,34
863,1,53,33
862,1,53,33
862,1,53,33
861,1,53,33
861,1,53,33
860,1,53,33
860,1,53,33
859,1,53,33
859,1,53,33
858,1,53,33
858,1,49,36
857,1,49,36
857,1,49,36
857,1,49,36
856,1,49,36
856,1,49,36
856,1,49,36
855,1,49,36
855,1,49,36
855,1,49,36
855,1,52,36
854,1,52,36
854,1,52,36
853,1,52,36
853,1,52,36
853,1,52,36
852,1,52,36
852,1,52,36
851,1,52,36
851,1,52,36
851,1,47,37
850,1,47,37
850,1,47,37
850,1,47,37
850,1,47,37
850,1,47,37
849,1,47,37
849,1,47,37
849,1,47,37
849,1,47,37
849,1,45,37
848,1,45,37
848,1,45,37
847,1,45,37
847,1,45,37
847,1,45,37
846,1,45,37
846,1,45,37
845,1,45,37
845,1,45,37
845,1,48,39
844,1,48,39
844,1,48,39
844,1,48,39
843,1,48,39
843,1,48,39
843,1,48,39
842,1,48,39
842,1,48,39
842,1,48,39
842,1,48,38
841,1,48,38
840,1,48,38
840,1,48,38
839,1,48,38
839,1,48,38
838,1,48,38
837,1,48,38
837,1,48,38
836,1,48,38
836,1,50,38
836,1,50,38
836,1,50,38
836,1,50,38
836,1,50,38
836,1,50,38
836,1,50,38
836,1,50,38
836,1,50,38
836,1,50,38
836,1,47,38
836,1,47,38
836,1,47,38
836,1,47,38
836,1,47,38
836,1,47,38
836,1,47,38
836,1,47,38
836,1,47,38
836,1,47,38
836,1,49,39
836,1,49,39
836,1,49,39
836,1,49,39
836,1,49,39
836,1,49,39
836,1,49,39
836,1,49,39
836,1,49,39
836,1,49,39
836,1,45,39
836,1,45,39
836,1,45,39
836,1,45,39
836,1,45,39
836,1,45,39
836,1,45,39
836,1,45,39
836,1,45,39
836,1,45,39
836,1,47,39
836,1,47,39
836,1,47,39
836,1,47,39
836,1,47,39
837,1,47,39
837,1,47,39
837,1,47,39
837,1,47,39
837,1,47,39
838,1,48,41
838,1,48,41
838,1,48,41
838,1,48,41
838,1,48,41
838,1,48,41
838,1,48,41
838,1,48,41
838,1,48,41
838,1,48,41
839,1,48,39
839,1,48,39
839,1,48,39
840,1,48,39
840,1,48,39
841,1,48,39
841,1,48,39
841,1,48,39
842,1,48,39
842,1,48,39
843,1,48,32
843,1,48,32
843,1,48,32
843,1,48,32
843,1,48,32
844,1,48,32
844,1,48,32
844,1,48,32
844,1,48,32
844,1,48,32
845,1,49,29
845,1,49,29
845,1,49,29
845,1,49,29
846,1,49,29
846,1,49,29
846,1,49,29
847,1,49,29
847,1,49,29
847,1,49,29
848,1,49,25
848,1,49,25
849,1,49,25
849,1,49,25
850,1,49,25
850,1,49,25
851,1,49,25
851,1,49,25
852,1,49,25
852,1,49,25
853,1,44,18
853,1,44,18
853,1,44,18
853,1,44,18
854,1,44,18
854,1,44,18
854,1,44,18
855,1,44,18
855,1,44,18
855,1,44,18
856,1,46,23
857,1,46,23
858,1,46,23
859,1,46,23
860,1,46,23
861,1,46,23
862,1,46,23
863,1,46,23
864,1,46,23
865,1,46,23
866,1,41,16
779,0,41,16
692,0,41,16
605,0,41,16
519,0,41,16
432,0,41,16
345,0,41,16
259,0,41,16
172,0,41,16
85,0,41,16
-1,-1,-1,-1
-1,-1,-1,-1
-1,-1,-1,-1
-1,-1,-1,-1
-1,-1,-1,-1
-1,-1,-1,-1
-1,-1,-1,-1
-1,-1,-1,-1
-1,-1,-1,-1
-1,-1,-1,-1
-1,-1,-1,-1
-1,-1,-1,-1
-1,-1,-1,-1
-1,-1,-1,-1
-1,-1,-1,-1
-1,-1,-1,-1
-1,-1,-1,-1
-1,-1,-1,-1
-1,-1,-1,-1
-1,-1,-1,-1
-1,-1,-1,-1
-1,-1,-1,-1
-1,-1,-1,-1
-1,-1,-1,-1
-1,-1,-1,-1
-1,-1,-1,-1
-1,-1,-1,-1
-1,-1,-1,-1
-1,-1,-1,-1
-1,-1,-1,-1
-1,-1,-1,-1
-1,-1,-1,-1
-1,-1,-1,-1
-1,-1,-1,-1
-1,-1,-1,-1
-1,-1,-1,-1
-1,-1,-1,-1
-1,-1,-1,-1
-1,-1,-1,-1
-1,-1,-1,-1
-1,-1,-1,-1
-1,-1,-1,-1
-1,-1,-1,-1
-1,-1,-1,-1
-1,-1,-1,-1
-1,-1,-1,-1
-1,-1,-1,-1
-1,-1,-1,-1
-1,-1,-1,-1
-1,-1,-1,-1
-1,-1,-1,-1
-1,-1,-1,-1
-1,-1,-1,-1
-1,-1,-1,-1
-1,-1,-1,-1
-1,-1,-1,-1
-1,-1,-1,-1
-1,-1,-1,-1
-1,-1,-1,-1
-1,-1,-1,-1
-1,-1,-1,-1
-1,-1,-1,-1
-1,-1,-1,-1
-1,-1,-1,-1
-1,-1,-1,-1
-1,-1,-1,-1
-1,-1,-1,-1
-1,-1,-1,-1
-1,-1,-1,-1
-1,-1,-1,-1
-1,-1,-1,-1
-1,-1,-1,-1
-1,-1,-1,-1
-1,-1,-1,-1
-1,-1,-1,-1
-1,-1,-1,-1
-1,-1,-1,-1
-1,-1,-1,-1
-1,-1,-1,-1
-1,-1,-1,-1
-1,-1,-1,-1
-1,-1,-1,-1
-1,-1,-1,-1
-1,-1,-1,-1
-1,-1,-1,-1
-1,-1,-1,-1
-1,-1,-1,-1
-1,-1,-1,-1
-1,-1,-1,-1
-1,-1,-1,-1
-1,-1,-1,-1
-1,-1,-1,-1
-1,-1,-1,-1
-1,-1,-1,-1
-1,-1,-1,-1
-1,-1,-1,-1
-1,-1,-1,-1
-1,-1,-1,-1
-1,-1,-1,-1
-1,-1,-1,-1
-1,-1,-1,-1
-1,-1,-1,-1
-1,-1,-1,-1
-1,-1,-1,-1
-1,-1,-1,-1
-1,-1,-1,-1
-1,-1,-1,-1
-1,-1,-1,-1
-1,-1,-1,-1
-1,-1,-1,-1
-1,-1,-1,-1
-1,-1,-1,-1
-1,-1,-1,-1
-1,-1,-1,-1
-1,-1,-1,-1
-1,-1,-1,-1
-1,-1,-1,-1
-1,-1,-1,-1
-1,-1,-1,-1
-1,-1,-1,-1
-1,-1,-1,-1
-1,-1,-1,-1
-1,-1,-1,-1
-1,-1,-1,-1
-1,-1,-1,-1
-1,-1,-1,-1
-1,-1,-1,-1
-1,-1,-1,-1
-1,-1,-1,-1
-1,-1,-1,-1
-1,-1,-1,-1
-1,-1,-1,-1
-1,-1,-1,-1
-1,-1,-1,-1
-1,-1,-1,-1
-1,-1,-1,-1
-1,-1,-1,-1
-1,-1,-1,-1
-1,-1,-1,-1
-1,-1,-1,-1
-1,-1,-1,-1
-1,-1,-1,-1
-1,-1,-1,-1
-1,-1,-1,-1
-1,-1,-1,-1
-1,-1,-1,-1
-1,-1,-1,-1
-1,-1,-1,-1
-1,-1,-1,-1
-1,-1,-1,-1
-1,-1,-1,-1
-1,-1,-1,-1
-1,-1,-1,-1
-1,-1,-1,-1
-1,-1,-1,-1
-1,-1,-1,-1
-1,-1,-1,-1
-1,-1,-1,-1
-1,-1,-1,-1
-1,-1,-1,-1
-1,-1,-1,-1
88,0,-1,-1
178,0,-1,-1
267,0,-1,-1
357,0,-1,-1
446,0,-1,-1
536,0,-1,-1
625,0,-1,-1
715,0,-1,-1
804,0,-1,-1
894,1,42,11
894,1,42,11
894,1,42,11
894,1,42,11
894,1,42,11
895,1,42,11
895,1,42,11
895,1,42,11
895,1,42,11
895,1,42,11
896,2,44,11
895,1,44,11
895,1,44,11
895,1,44,11
895,1,44,11
895,1,44,11
894,1,44,11
894,1,44,11
894,1,44,11
894,1,44,11
894,1,36,13
893,1,36,13
893,1,36,13
893,1,36,13
893,1,36,13
893,1,36,13
893,1,36,13
893,1,36,13
893,1,36,13
893,1,36,13
893,1,43,26
892,1,43,26
892,1,43,26
892,1,43,26
892,1,43,26
892,1,43,26
891,1,43,26
891,1,43,26
891,1,43,26
891,1,43,26
891,1,48,33
890,1,48,33
890,1,48,33
890,1,48,33
890,1,48,33
890,1,48,33
889,1,48,33
889,1,48,33
889,1,48,33
889,1,48,33
889,1,43,51
888,1,43,51
888,1,43,51
888,1,43,51
888,1,43,51
888,1,43,51
887,1,43,51
887,1,43,51
887,1,43,51
887,1,43,51
887,1,43,67
886,1,43,67
886,1,43,67
886,1,43,67
885,1,43,67
885,1,43,67
885,1,43,67
884,1,43,67
884,1,43,67
884,1,43,67
884,1,49,72
883,1,49,72
883,1,49,72
883,1,49,72
882,1,49,72
882,1,49,72
882,1,49,72
881,1,49,72
881,1,49,72
881,1,49,72
881,2,55,87
880,1,55,87
880,1,55,87
880,1,55,87
879,1,55,87
879,1,55,87
879,1,55,87
878,1,55,87
878,1,55,87
878,1,55,87
878,1,50,93
877,1,50,93
876,1,50,93
876,1,50,93
875,1,50,93
875,1,50,93
874,1,50,93
873,1,50,93
873,1,50,93
872,1,50,93
872,1,55,108
871,1,55,108
871,1,55,108
870,1,55,108
870,1,55,108
870,1,55,108
869,1,55,108
869,1,55,108
868,1,55,108
868,1,55,108
868,1,56,121
867,1,56,121
867,2,56,121
866,2,56,121
866,3,56,121
866,4,56,121
865,4,56,121
865,5,56,121
864,5,56,121
864,6,56,121
864,7,59,131
863,8,59,131
863,10,59,131
863,12,59,131
863,13,59,131
863,15,59,131
863,17,59,131
863,18,59,131
863,20,59,131
863,22,59,131
863,24,59,127
862,24,59,127
862,25,59,127
862,26,59,127
862,27,59,127
862,28,59,127
861,28,59,127
861,29,59,127
861,30,59,127
861,31,59,127
861,32,61,137
861,33,61,137
861,34,61,137
861,35,61,137
861,36,61,137
861,38,61,137
861,39,61,137
861,40,61,137
861,41,61,137
861,42,61,137
861,44,59,137
861,45,59,137
861,47,59,137
861,49,59,137
861,51,59,137
861,53,59,137
861,54,59,137
861,56,59,137
861,58,59,137
861,60,59,137
861,62,62,134
860,63,62,134
860,64,62,134
860,65,62,134
860,67,62,134
860,68,62,134
860,69,62,134
860,71,62,134
860,72,62,134
860,73,62,134
860,75,60,138
859,76,60,138
859,77,60,138
859,78,60,138
858,80,60,138
858,81,60,138
858,82,60,138
857,84,60,138
857,85,60,138
857,86,60,138
857,88,59,141
857,89,59,141
857,90,59,141
857,92,59,141
857,93,59,141
857,95,59,141
857,96,59,141
857,97,59,141
857,99,59,141
857,100,59,141
858,102,60,142
857,103,60,142
857,105,60,142
857,107,60,142
857,109,60,142
857,111,60,142
856,112,60,142
856,114,60,142
856,116,60,142
856,118,60,142
856,120,60,142
856,121,60,142
856,123,60,142
856,125,60,142
856,127,60,142
857,129,60,142
857,131,60,142
857,133,60,142
857,135,60,142
857,137,60,142
858,139,57,141
857,140,57,141
856,142,57,141
856,143,57,141
855,145,57,141
855,146,57,141
854,148,57,141
853,149,57,141
853,151,57,141
852,152,57,141
852,154,63,142
852,156,63,142
852,158,63,142
852,160,63,142
853,162,63,142
853,164,63,142
853,166,63,142
854,168,63,142
854,170,63,142
854,172,63,142
855,175,60,142
854,176,60,142
854,178,60,142
854,180,60,142
854,182,60,142
854,184,60,142
853,186,60,142
853,188,60,142
853,190,60,142
853,192,60,142
853,194,63,143
852,196,63,143
852,198,63,143
852,200,63,143
852,202,63,143
852,205,63,143
852,207,63,143
852,209,63,143
852,211,63,143
852,213,63,143
852,216,66,143
852,218,66,143
852,221,66,143
852,223,66,143
853,226,66,143
853,228,66,143
853,231,66,143
854,233,66,143
854,236,66,143
854,238,66,143
855,241,63,142
854,242,63,142
854,244,63,142
854,246,63,142
854,248,63,142
854,250,63,142
853,252,63,142
853,254,63,142
853,256,63,142
853,258,63,142
853,260,64,140
852,261,64,140
852,263,64,140
852,264,64,140
852,266,64,140
852,267,64,140
852,269,64,140
852,270,64,140
852,272,64,140
852,273,64,140
852,275,66,152
852,277,66,152
852,279,66,152
852,281,66,152
852,283,66,152
852,285,66,152
852,287,66,152
852,289,66,152
852,291,66,152
852,293,66,152
853,296,66,156
853,298,66,156
853,300,66,156
853,302,66,156
853,305,66,156
853,307,66,156
853,309,66,156
853,312,66,156
853,314,66,156
853,316,66,156
853,319,66,152
853,333,66,152
854,347,66,152
855,361,66,152
856,375,66,152
857,390,66,152
858,404,66,152
859,418,66,152
860,432,66,152
861,446,66,152
862,461,69,174
861,460,69,174
861,460,69,174
861,460,69,174
861,460,69,174
861,460,69,174
860,459,69,174
860,459,69,174
860,459,69,174
860,459,69,174
860,459,71,172
860,459,71,172
860,459,71,172
860,460,71,172
860,460,71,172
861,461,71,172
861,461,71,172
861,461,71,172
861,462,71,172
861,462,71,172
862,463,68,170
862,462,68,170
862,462,68,170
862,461,68,170
862,461,68,170
862,460,68,170
862,460,68,170
862,459,68,170
862,459,68,170
862,458,68,170
862,458,71,175
861,458,71,175
861,458,71,175
861,459,71,175
861,459,71,175
861,460,71,175
861,460,71,175
861,460,71,175
861,461,71,175
861,461,71,175
861,462,70,172
860,461,70,172
860,461,70,172
860,461,70,172
860,461,70,172
860,461,70,172
860,461,70,172
860,461,70,172
860,461,70,172
860,461,70,172
860,461,70,170
859,460,70,170
859,460,70,170
859,460,70,170
859,460,70,170
859,460,70,170
859,459,70,170
859,459,70,170
859,459,70,170
859,459,70,170
859,459,73,176
858,459,73,176
858,459,73,176
858,459,73,176
858,459,73,176
858,459,73,176
857,459,73,176
857,459,73,176
857,459,73,176
857,459,73,176
857,459,71,174
857,459,71,174
857,459,71,174
857,459,71,174
857,459,71,174
857,460,71,174
857,460,71,174
857,460,71,174
857,460,71,174
857,460,71,174
858,461,72,173
858,460,72,173
858,460,72,173
858,460,72,173
858,460,72,173
859,460,72,173
859,460,72,173
859,460,72,173
859,460,72,173
859,460,72,173
860,460,70,175
859,460,70,175
859,460,70,175
859,460,70,175
859,460,70,175
859,461,70,175
858,461,70,175
858,461,70,175
858,461,70,175
858,461,70,175
858,462,72,172
857,461,72,172
857,461,72,172
857,461,72,172
857,461,72,172
857,461,72,172
857,460,72,172
857,460,72,172
857,460,72,172
857,460,72,172
857,460,73,173
857,460,73,173
857,460,73,173
857,460,73,173
858,460,73,173
858,460,73,173
858,460,73,173
859,460,73,173
859,460,73,173
859,460,73,173
860,460,70,174
859,460,70,174
859,460,70,174
859,460,70,174
859,460,70,174
859,460,70,174
858,460,70,174
858,460,70,174
858,460,70,174
858,460,70,174
858,461,72,177
857,460,72,177
857,460,72,177
857,460,72,177
857,460,72,177
857,460,72,177
857,460,72,177
857,460,72,177
857,460,72,177
857,460,72,177
857,460,70,174
857,460,70,174
857,460,70,174
857,460,70,174
858,460,70,174
858,460,70,174
858,460,70,174
859,460,70,174
859,460,70,174
859,460,70,174
860,461,68,173
859,461,68,173
859,461,68,173
859,461,68,173
859,461,68,173
859,462,68,173
859,462,68,173
859,462,68,173
859,462,68,173
859,462,68,173
859,463,69,171
858,462,69,171
858,462,69,171
858,461,69,171
857,461,69,171
857,461,69,171
857,460,69,171
856,460,69,171
856,459,69,171
856,459,69,171
856,459,72,174
856,459,72,174
856,459,72,174
856,459,72,174
856,459,72,174
856,460,72,174
856,460,72,174
856,460,72,174
856,460,72,174
856,460,72,174
857,461,73,170
857,461,73,170
857,461,73,170
857,461,73,170
857,461,73,170
857,461,73,170
857,461,73,170
857,461,73,170
857,461,73,170
857,461,73,170
857,461,70,176
857,461,70,176
857,461,70,176
857,461,70,176
858,461,70,176
858,461,70,176
858,461,70,176
859,461,70,176
859,461,70,176
859,461,70,176
860,462,67,173
859,461,67,173
859,461,67,173
859,461,67,173
859,461,67,173
859,461,67,173
858,460,67,173
858,460,67,173
858,460,67,173
858,460,67,173
858,460,73,178
858,460,73,178
858,460,73,178
858,460,73,178
858,460,73,178
859,460,73,178
859,460,73,178
859,460,73,178
859,460,73,178
859,460,73,178
860,461,71,172
860,461,71,172
860,461,71,172
860,461,71,172
860,461,71,172
860,461,71,172
860,461,71,172
860,461,71,172
860,461,71,172
860,461,71,172
860,461,67,174
860,461,67,174
860,461,67,174
860,461,67,174
860,462,67,174
860,462,67,174
860,462,67,174
860,463,67,174
860,463,67,174
860,463,67,174
860,464,68,173
859,463,68,173
859,463,68,173
859,463,68,173
859,463,68,173
859,463,68,173
858,463,68,173
858,463,68,173
858,463,68,173
858,463,68,173
858,463,70,176
858,462,70,176
858,462,70,176
858,462,70,176
858,461,70,176
858,461,70,176
858,461,70,176
858,460,70,176
858,460,70,176
858,460,70,176
859,460,71,177
859,460,71,177
859,460,71,177
859,460,71,177
859,460,71,177
859,460,71,177
859,460,71,177
859,460,71,177
859,460,71,177
859,460,71,177
860,460,71,171
860,460,71,171
860,461,71,171
860,461,71,171
860,462,71,171
860,462,71,171
860,463,71,171
860,463,71,171
860,464,71,171
860,464,71,171
860,465,71,169
859,464,71,169
859,464,71,169
859,464,71,169
859,463,71,169
859,463,71,169
859,463,71,169
859,462,71,169
859,462,71,169
859,462,71,169
859,462,69,171
859,462,69,171
859,462,69,171
860,462,69,171
860,463,69,171
861,463,69,171
861,463,69,171
861,464,69,171
862,464,69,171
862,464,69,171
863,465,64,169
862,464,64,169
862,464,64,169
861,463,64,169
861,463,64,169
861,462,64,169
860,462,64,169
860,461,64,169
859,461,64,169
859,460,64,169
859,460,71,175
859,459,71,175
859,459,71,175
859,459,71,175
859,459,71,175
859,459,71,175
859,458,71,175
859,458,71,175
859,458,71,175
859,458,71,175
859,458,71,180
858,458,71,180
858,458,71,180
858,458,71,180
858,458,71,180
858,458,71,180
858,458,71,180
858,458,71,180
858,458,71,180
858,458,71,180
858,459,70,174
858,459,70,174
858,459,70,174
858,459,70,174
858,459,70,174
859,460,70,174
859,460,70,174
859,460,70,174
859,460,70,174
859,460,70,174
860,461,70,168
859,460,70,168
859,460,70,168
859,459,70,168
859,459,70,168
859,458,70,168
858,458,70,168
858,457,70,168
858,457,70,168
858,456,70,168
858,456,69,173
858,456,69,173
858,456,69,173
858,457,69,173
858,457,69,173
859,458,69,173
859,458,69,173
859,458,69,173
859,459,69,173
859,459,69,173
860,460,68,169
859,459,68,169
859,459,68,169
859,459,68,169
859,458,68,169
859,458,68,169
858,458,68,169
858,457,68,169
858,457,68,169
858,457,68,169
858,457,69,173
858,456,69,173
858,456,69,173
858,456,69,173
858,456,69,173
858,456,69,173
858,456,69,173
858,456,69,173
858,456,69,173
858,456,69,173
859,456,67,174
859,455,67,174
859,455,67,174
859,454,67,174
859,454,67,174
860,454,67,174
860,453,67,174
860,453,67,174
860,452,67,174
860,452,67,174
861,452,66,171
861,452,66,171
861,452,66,171
861,452,66,171
861,453,66,171
861,453,66,171
861,453,66,171
861,454,66,171
861,454,66,171
861,454,66,171
862,455,64,174
861,455,64,174
861,455,64,174
861,455,64,174
860,455,64,174
860,455,64,174
860,455,64,174
859,455,64,174
859,455,64,174
859,455,64,174
859,456,65,169
859,455,65,169
859,455,65,169
859,454,65,169
859,454,65,169
859,454,65,169
859,453,65,169
859,453,65,169
859,452,65,169
859,452,65,169
860,452,68,174
860,451,68,174
860,451,68,174
860,451,68,174
860,451,68,174
860,451,68,174
860,451,68,174
860,451,68,174
860,451,68,174
860,451,68,174
860,451,67,168
860,450,67,168
860,450,67,168
860,450,67,168
860,450,67,168
860,450,67,168
860,449,67,168
860,449,67,168
860,449,67,168
860,449,67,168
860,449,67,172
860,448,67,172
860,448,67,172
860,448,67,172
860,448,67,172
861,448,67,172
861,448,67,172
861,448,67,172
861,448,67,172
861,448,67,172
862,448,64,171
861,447,64,171
861,447,64,171
861,447,64,171
860,447,64,171
860,447,64,171
860,447,64,171
859,447,64,171
859,447,64,171
859,447,64,171
859,447,68,168
859,447,68,168
859,447,68,168
859,447,68,168
859,448,68,168
859,448,68,168
859,448,68,168
859,449,68,168
859,449,68,168
859,449,68,168
859,450,68,165
858,449,68,165
858,448,68,165
858,447,68,165
858,446,68,165
858,445,68,165
857,444,68,165
857,443,68,165
857,442,68,165
857,441,68,165
857,441,71,177
857,441,71,177
857,441,71,177
857,441,71,177
857,441,71,177
858,442,71,177
858,442,71,177
858,442,71,177
858,442,71,177
858,442,71,177
859,443,71,172
859,442,71,172
859,442,71,172
859,441,71,172
859,441,71,172
859,441,71,172
859,440,71,172
859,440,71,172
859,439,71,172
859,439,71,172
859,439,68,173
858,439,68,173
858,440,68,173
857,440,68,173
857,441,68,173
857,441,68,173
856,442,68,173
856,442,68,173
855,443,68,173
855,443,68,173
855,444,72,173
855,443,72,173
855,442,72,173
855,441,72,173
855,441,72,173
855,440,72,173
855,439,72,173
855,439,72,173
855,438,72,173
855,437,72,173
856,437,72,171
856,436,72,171
856,436,72,171
856,436,72,171
856,436,72,171
856,436,72,171
856,436,72,171
856,436,72,171
856,436,72,171
856,436,72,171
857,436,69,169
856,434,69,169
856,432,69,169
856,430,69,169
856,429,69,169
856,427,69,169
856,425,69,169
856,424,69,169
856,422,69,169
856,420,69,169
856,419,70,162
856,419,70,162
856,419,70,162
856,420,70,162
856,420,70,162
857,421,70,162
857,421,70,162
857,421,70,162
857,422,70,162
857,422,70,162
858,423,69,169
857,422,69,169
857,421,69,169
857,420,69,169
856,420,69,169
856,419,69,169
856,418,69,169
855,418,69,169
855,417,69,169
855,416,69,169
855,416,68,171
855,415,68,171
855,414,68,171
855,413,68,171
855,412,68,171
855,412,68,171
855,411,68,171
855,410,68,171
855,409,68,171
855,408,68,171
855,408,68,168
854,406,68,168
854,405,68,168
854,404,68,168
854,403,68,168
854,402,68,168
853,400,68,168
853,399,68,168
853,398,68,168
853,397,68,168
853,396,71,171
852,394,71,171
851,393,71,171
850,392,71,171
850,390,71,171
849,389,71,171
848,388,71,171
848,386,71,171
847,385,71,171
846,384,71,171
846,383,77,171
846,382,77,171
846,381,77,171
846,380,77,171
846,379,77,171
846,378,77,171
846,377,77,171
846,376,77,171
846,375,77,171
846,374,77,171
847,374,77,168
846,372,77,168
846,371,77,168
846,369,77,168
846,368,77,168
846,367,77,168
845,365,77,168
845,364,77,168
845,362,77,168
845,361,77,168
845,360,77,167
844,358,77,167
844,357,77,167
844,356,77,167
844,355,77,167
844,354,77,167
844,353,77,167
844,352,77,167
844,351,77,167
844,350,77,167
844,349,74,165
843,347,74,165
843,345,74,165
843,343,74,165
843,341,74,165
843,340,74,165
843,338,74,165
843,336,74,165
843,334,74,165
843,332,74,165
843,331,76,165
843,329,76,165
843,328,76,165
843,326,76,165
843,325,76,165
843,323,76,165
843,322,76,165
843,320,76,165
843,319,76,165
843,317,76,165
843,316,73,164
842,314,73,164
842,313,73,164
842,311,73,164
841,310,73,164
841,308,73,164
841,307,73,164
840,305,73,164
840,304,73,164
840,302,73,164
840,301,71,159
839,298,71,159
839,296,71,159
839,294,71,159
839,292,71,159
839,290,71,159
839,288,71,159
839,286,71,159
839,284,71,159
839,282,71,159
839,280,72,163
838,278,72,163
838,276,72,163
838,274,72,163
838,272,72,163
838,271,72,163
838,269,72,163
838,267,72,163
838,265,72,163
838,263,72,163
838,262,73,157
838,260,73,157
838,258,73,157
838,257,73,157
838,255,73,157
838,254,73,157
838,252,73,157
838,250,73,157
838,249,73,157
838,247,73,157
839,246,68,158
838,244,68,158
838,242,68,158
837,240,68,158
837,239,68,158
836,237,68,158
836,235,68,158
835,234,68,158
835,232,68,158
834,230,68,158
834,229,73,158
834,226,73,158
834,224,73,158
834,222,73,158
834,220,73,158
834,218,73,158
834,216,73,158
834,214,73,158
834,212,73,158
834,210,73,158
835,208,72,151
834,206,72,151
834,204,72,151
834,202,72,151
834,200,72,151
834,199,72,151
833,197,72,151
833,195,72,151
833,193,72,151
833,191,72,151
833,190,67,150
833,188,67,150
833,187,67,150
833,185,67,150
833,184,67,150
833,182,67,150
833,181,67,150
833,179,67,150
833,178,67,150
833,176,67,150
834,175,65,143
834,173,65,143
834,171,65,143
834,169,65,143
834,167,65,143
835,166,65,143
835,164,65,143
835,162,65,143
835,160,65,143
835,158,65,143
836,157,59,141
836,155,59,141
836,153,59,141
836,151,59,141
837,149,59,141
837,147,59,141
837,145,59,141
838,143,59,141
838,141,59,141
838,139,59,141
839,137,52,139
838,135,52,139
838,134,52,139
838,133,52,139
837,131,52,139
837,130,52,139
837,129,52,139
836,127,52,139
836,126,52,139
836,125,52,139
836,124,56,133
824,116,56,133
813,109,56,133
801,101,56,133
790,94,56,133
778,87,56,133
767,79,56,133
755,72,56,133
744,64,56,133
732,57,56,133
721,50,64,137
721,48,64,137
721,47,64,137
721,46,64,137
722,45,64,137
722,44,64,137
722,42,64,137
723,41,64,137
723,40,64,137
723,39,64,137
724,38,66,138
724,37,66,138
724,36,66,138
725,35,66,138
725,34,66,138
726,34,66,138
726,33,66,138
726,32,66,138
727,31,66,138
727,30,66,138
728,30,67,134
728,28,67,134
728,27,67,134
728,26,67,134
729,25,67,134
729,24,67,134
729,23,67,134
730,22,67,134
730,21,67,134
730,20,67,134
731,19,64,132
731,18,64,132
731,17,64,132
731,16,64,132
732,15,64,132
732,14,64,132
732,13,64,132
733,12,64,132
733,11,64,132
733,10,64,132
734,10,64,129
734,9,64,129
734,8,64,129
734,7,64,129
734,6,64,129
734,5,64,129
734,4,64,129
734,3,64,129
734,2,64,129
734,1,64,129
734,1,63,128
734,1,63,128
734,1,63,128
734,1,63,128
734,1,63,128
734,1,63,128
734,1,63,128
734,1,63,128
734,1,63,128
734,1,63,128
734,1,64,117
734,1,64,117
735,1,64,117
736,1,64,117
737,1,64,117
738,1,64,117
738,1,64,117
739,1,64,117
740,1,64,117
741,1,64,117
742,1,57,110
742,1,57,110
742,1,57,110
742,1,57,110
742,1,57,110
742,1,57,110
742,1,57,110
742,1,57,110
742,1,57,110
742,1,57,110
742,1,52,92
742,1,52,92
742,1,52,92
742,1,52,92
742,1,52,92
742,1,52,92
742,1,52,92
742,1,52,92
742,1,52,92
742,1,52,92
742,1,53,89
742,1,53,89
742,1,53,89
742,1,53,89
742,1,53,89
742,1,53,89
742,1,53,89
742,1,53,89
742,1,53,89
742,1,53,89
742,1,53,81
742,1,53,81
742,1,53,81
742,1,53,81
742,1,53,81
742,1,53,81
742,1,53,81
742,1,53,81
742,1,53,81
742,1,53,81
742,1,51,71
741,1,51,71
741,1,51,71
741,1,51,71
741,1,51,71
741,1,51,71
740,1,51,71
740,1,51,71
740,1,51,71
740,1,51,71
740,1,49,62
740,1,49,62
740,1,49,62
740,1,49,62
740,1,49,62
741,1,49,62
741,1,49,62
741,1,49,62
741,1,49,62
741,1,49,62
742,1,47,53
742,1,47,53
742,1,47,53
742,1,47,53
742,1,47,53
742,1,47,53
742,1,47,53
742,1,47,53
742,1,47,53
742,1,47,53
742,1,45,46
742,1,45,46
742,1,45,46
742,1,45,46
742,1,45,46
742,1,45,46
742,1,45,46
742,1,45,46
742,1,45,46
742,1,45,46
