617,619,316,461
617,630,316,461
618,642,316,461
619,654,316,461
620,666,316,461
621,678,316,461
621,690,316,461
622,702,316,461
623,714,316,461
624,726,316,461
625,738,313,342
626,749,313,342
627,760,313,342
628,771,313,342
629,782,313,342
630,794,313,342
631,805,313,342
632,816,313,342
633,827,313,342
634,838,313,342
636,850,311,230
636,861,311,230
637,872,311,230
638,883,311,230
638,895,311,230
639,906,311,230
640,917,311,230
640,929,311,230
641,940,311,230
642,951,311,230
643,963,316,117
578,866,316,117
514,770,316,117
449,673,316,117
385,577,316,117
321,481,316,117
256,384,316,117
192,288,316,117
127,191,316,117
63,95,316,117
-1,-1,-1,-1
-1,-1,-1,-1
-1,-1,-1,-1
-1,-1,-1,-1
-1,-1,-1,-1
-1,-1,-1,-1
-1,-1,-1,-1
-1,-1,-1,-1
-1,-1,-1,-1
-1,-1,-1,-1
-1,-1,-1,-1
-1,-1,-1,-1
-1,-1,-1,-1
-1,-1,-1,-1
-1,-1,-1,-1
-1,-1,-1,-1
-1,-1,-1,-1
-1,-1,-1,-1
-1,-1,-1,-1
-1,-1,-1,-1
-1,-1,-1,-1
-1,-1,-1,-1
-1,-1,-1,-1
-1,-1,-1,-1
-1,-1,-1,-1
-1,-1,-1,-1
-1,-1,-1,-1
-1,-1,-1,-1
-1,-1,-1,-1
-1,-1,-1,-1
-1,-1,-1,-1
-1,-1,-1,-1
-1,-1,-1,-1
-1,-1,-1,-1
-1,-1,-1,-1
-1,-1,-1,-1
-1,-1,-1,-1
-1,-1,-1,-1
-1,-1,-1,-1
-1,-1,-1,-1
-1,-1,-1,-1
-1,-1,-1,-1
-1,-1,-1,-1
-1,-1,-1,-1
-1,-1,-1,-1
-1,-1,-1,-1
-1,-1,-1,-1
-1,-1,-1,-1
-1,-1,-1,-1
-1,-1,-1,-1
-1,-1,-1,-1
-1,-1,-1,-1
-1,-1,-1,-1
-1,-1,-1,-1
-1,-1,-1,-1
-1,-1,-1,-1
-1,-1,-1,-1
-1,-1,-1,-1
-1,-1,-1,-1
-1,-1,-1,-1
-1,-1,-1,-1
-1,-1,-1,-1
-1,-1,-1,-1
-1,-1,-1,-1
-1,-1,-1,-1
-1,-1,-1,-1
-1,-1,-1,-1
-1,-1,-1,-1
-1,-1,-1,-1
-1,-1,-1,-1
-1,-1,-1,-1
-1,-1,-1,-1
-1,-1,-1,-1
-1,-1,-1,-1
-1,-1,-1,-1
-1,-1,-1,-1
-1,-1,-1,-1
-1,-1,-1,-1
-1,-1,-1,-1
-1,-1,-1,-1
-1,-1,-1,-1
-1,-1,-1,-1
-1,-1,-1,-1
-1,-1,-1,-1
-1,-1,-1,-1
-1,-1,-1,-1
-1,-1,-1,-1
-1,-1,-1,-1
-1,-1,-1,-1
-1,-1,-1,-1
-1,-1,-1,-1
-1,-1,-1,-1
-1,-1,-1,-1
-1,-1,-1,-1
-1,-1,-1,-1
-1,-1,-1,-1
-1,-1,-1,-1
-1,-1,-1,-1
-1,-1,-1,-1
-1,-1,-1,-1
-1,-1,-1,-1
68,21,-1,-1
138,43,-1,-1
208,66,-1,-1
278,88,-1,-1
348,111,-1,-1
418,133,-1,-1
488,155,-1,-1
558,178,-1,-1
628,200,-1,-1
698,223,309,490
698,224,309,490
699,226,309,490
699,228,309,490
700,230,309,490
701,232,309,490
701,234,309,490
702,236,309,490
702,238,309,490
703,240,309,490
704,242,301,488
704,243,301,488
704,245,301,488
704,246,301,488
704,248,301,488
704,249,301,488
704,251,301,488
704,252,301,488
704,254,301,488
704,255,301,488
704,257,303,484
703,258,303,484
703,260,303,484
703,262,303,484
703,264,303,484
703,266,303,484
703,267,303,484
703,269,303,484
703,271,303,484
703,273,303,484
703,275,301,481
702,275,301,481
702,275,301,481
702,275,301,481
702,275,301,481
702,275,301,481
702,275,301,481
702,275,301,481
702,275,301,481
702,275,301,481
702,275,309,481
702,275,309,481
703,276,309,481
704,276,309,481
704,277,309,481
705,278,309,481
706,278,309,481
706,279,309,481
707,279,309,481
708,280,309,481
709,281,302,482
708,282,302,482
708,283,302,482
708,284,302,482
708,286,302,482
708,287,302,482
707,288,302,482
707,290,302,482
707,291,302,482
707,292,302,482
707,294,301,479
707,295,301,479
707,296,301,479
707,297,301,479
707,298,301,479
708,299,301,479
708,300,301,479
708,301,301,479
708,302,301,479
708,303,301,479
709,304,299,490
709,305,299,490
709,307,299,490
709,309,299,490
709,311,299,490
710,313,299,490
710,315,299,490
710,317,299,490
710,319,299,490
710,321,299,490
711,323,304,482
710,324,304,482
709,325,304,482
709,326,304,482
708,327,304,482
708,329,304,482
707,330,304,482
706,331,304,482
706,332,304,482
705,333,304,482
705,335,310,477
705,335,310,477
705,335,310,477
705,335,310,477
705,335,310,477
705,336,310,477
705,336,310,477
705,336,310,477
705,336,310,477
705,336,310,477
705,337,311,487
704,338,311,487
703,339,311,487
702,340,311,487
702,341,311,487
701,342,311,487
700,343,311,487
700,344,311,487
699,345,311,487
698,346,311,487
698,347,317,488
697,347,317,488
696,348,317,488
696,349,317,488
695,350,317,488
695,351,317,488
694,351,317,488
693,352,317,488
693,353,317,488
692,354,317,488
692,355,321,484
691,355,321,484
690,355,321,484
689,356,321,484
689,356,321,484
688,357,321,484
687,357,321,484
687,357,321,484
686,358,321,484
685,358,321,484
685,359,326,485
685,359,326,485
685,360,326,485
686,361,326,485
686,362,326,485
687,363,326,485
687,364,326,485
687,365,326,485
688,366,326,485
688,367,326,485
689,368,318,488
688,369,318,488
687,370,318,488
686,371,318,488
686,372,318,488
685,373,318,488
684,374,318,488
684,375,318,488
683,376,318,488
682,377,318,488
682,379,322,485
681,379,322,485
681,380,322,485
680,381,322,485
680,382,322,485
680,383,322,485
679,383,322,485
679,384,322,485
678,385,322,485
678,386,322,485
678,387,322,490
678,388,322,490
679,390,322,490
680,391,322,490
681,393,322,490
682,395,322,490
683,396,322,490
684,398,322,490
685,399,322,490
686,401,322,490
687,403,313,492
687,404,313,492
688,406,313,492
689,407,313,492
690,409,313,492
691,411,313,492
692,412,313,492
693,414,313,492
694,415,313,492
695,417,313,492
696,419,302,493
696,420,302,493
697,422,302,493
697,424,302,493
698,425,302,493
699,427,302,493
699,429,302,493
700,430,302,493
700,432,302,493
701,434,302,493
702,436,299,496
703,438,299,496
704,440,299,496
705,442,299,496
706,444,299,496
708,447,299,496
709,449,299,496
710,451,299,496
711,453,299,496
712,455,299,496
714,458,294,497
715,459,294,497
717,461,294,497
718,463,294,497
720,465,294,497
721,467,294,497
723,469,294,497
724,471,294,497
726,473,294,497
727,475,294,497
729,477,284,501
730,478,284,501
731,480,284,501
732,481,284,501
734,483,284,501
735,485,284,501
736,486,284,501
738,488,284,501
739,489,284,501
740,491,284,501
742,493,289,501
744,493,289,501
747,494,289,501
749,494,289,501
752,495,289,501
754,495,289,501
757,496,289,501
759,496,289,501
762,497,289,501
764,497,289,501
767,498,285,500
768,498,285,500
770,499,285,500
772,499,285,500
773,500,285,500
775,501,285,500
777,501,285,500
778,502,285,500
780,502,285,500
782,503,285,500
784,504,286,497
785,505,286,497
787,506,286,497
788,508,286,497
790,509,286,497
791,511,286,497
793,512,286,497
794,513,286,497
796,515,286,497
797,516,286,497
799,518,292,499
801,519,292,499
804,520,292,499
806,521,292,499
809,522,292,499
811,524,292,499
814,525,292,499
816,526,292,499
819,527,292,499
821,528,292,499
824,530,286,491
825,532,286,491
826,534,286,491
827,536,286,491
828,538,286,491
830,540,286,491
831,542,286,491
832,544,286,491
833,546,286,491
834,548,286,491
836,550,290,496
837,551,290,496
838,552,290,496
839,553,290,496
841,554,290,496
842,555,290,496
843,556,290,496
845,557,290,496
846,558,290,496
847,559,290,496
849,560,294,509
851,562,294,509
853,564,294,509
855,566,294,509
857,568,294,509
859,570,294,509
861,572,294,509
863,574,294,509
865,576,294,509
867,578,294,509
869,580,297,500
870,581,297,500
871,582,297,500
873,583,297,500
874,584,297,500
876,585,297,500
877,586,297,500
878,587,297,500
880,588,297,500
881,589,297,500
883,591,289,489
883,593,289,489
884,595,289,489
884,597,289,489
885,599,289,489
886,602,289,489
886,604,289,489
887,606,289,489
887,608,289,489
888,610,289,489
889,613,298,467
890,615,298,467
891,617,298,467
892,619,298,467
894,621,298,467
895,623,298,467
896,625,298,467
898,627,298,467
899,629,298,467
900,631,298,467
902,634,296,446
903,634,296,446
904,635,296,446
905,636,296,446
906,636,296,446
907,637,296,446
908,638,296,446
909,638,296,446
910,639,296,446
911,640,296,446
913,641,292,439
913,642,292,439
914,644,292,439
914,645,292,439
915,647,292,439
916,648,292,439
916,650,292,439
917,651,292,439
917,653,292,439
918,654,292,439
919,656,300,424
920,656,300,424
921,657,300,424
922,658,300,424
923,658,300,424
924,659,300,424
925,660,300,424
926,660,300,424
927,661,300,424
928,662,300,424
929,663,298,417
929,663,298,417
930,664,298,417
931,664,298,417
932,665,298,417
933,666,298,417
933,666,298,417
934,667,298,417
935,667,298,417
936,668,298,417
937,669,300,411
937,669,300,411
938,669,300,411
939,670,300,411
940,670,300,411
941,671,300,411
941,671,300,411
942,671,300,411
943,672,300,411
944,672,300,411
945,673,298,407
945,673,298,407
946,673,298,407
947,673,298,407
947,673,298,407
948,673,298,407
949,673,298,407
949,673,298,407
950,673,298,407
951,673,298,407
952,673,302,407
953,672,302,407
954,672,302,407
955,672,302,407
956,671,302,407
957,671,302,407
958,671,302,407
959,670,302,407
960,670,302,407
961,670,302,407
962,670,296,410
962,668,296,410
963,667,296,410
964,666,296,410
965,665,296,410
966,664,296,410
967,663,296,410
968,662,296,410
969,661,296,410
970,660,296,410
971,659,297,421
971,656,297,421
972,654,297,421
973,652,297,421
973,650,297,421
974,648,297,421
975,646,297,421
975,644,297,421
976,642,297,421
977,640,297,421
978,638,299,442
978,636,299,442
979,634,299,442
979,632,299,442
980,630,299,442
981,628,299,442
981,626,299,442
982,624,299,442
982,622,299,442
983,620,299,442
984,619,302,461
984,616,302,461
984,614,302,461
984,612,302,461
984,609,302,461
985,607,302,461
985,605,302,461
985,602,302,461
985,600,302,461
985,598,302,461
986,596,307,484
986,593,307,484
987,591,307,484
988,589,307,484
989,586,307,484
990,584,307,484
990,582,307,484
991,579,307,484
992,577,307,484
993,575,307,484
994,573,310,507
993,571,310,507
993,570,310,507
993,569,310,507
993,568,310,507
993,567,310,507
993,566,310,507
993,565,310,507
993,564,310,507
993,563,310,507
993,562,311,514
994,560,311,514
995,559,311,514
996,558,311,514
997,556,311,514
998,555,311,514
999,554,311,514
1000,552,311,514
1001,551,311,514
1002,550,311,514
1004,549,309,522
1004,549,309,522
1004,550,309,522
1004,550,309,522
1005,551,309,522
1005,551,309,522
1005,552,309,522
1006,552,309,522
1006,553,309,522
1006,553,309,522
1007,554,316,505
1007,554,316,505
1007,554,316,505
1007,554,316,505
1007,555,316,505
1007,555,316,505
1007,555,316,505
1007,556,316,505
1007,556,316,505
1007,556,316,505
1008,557,317,507
1008,557,317,507
1009,557,317,507
1010,557,317,507
1011,557,317,507
1012,557,317,507
1012,557,317,507
1013,557,317,507
1014,557,317,507
1015,557,317,507
1016,558,309,506
1016,559,309,506
1017,561,309,506
1018,563,309,506
1018,565,309,506
1019,567,309,506
1020,568,309,506
1020,570,309,506
1021,572,309,506
1022,574,309,506
1023,576,312,502
1024,577,312,502
1025,579,312,502
1026,580,312,502
1028,582,312,502
1029,583,312,502
1030,585,312,502
1032,586,312,502
1033,588,312,502
1034,589,312,502
1036,591,312,489
1036,591,312,489
1036,592,312,489
1036,593,312,489
1037,594,312,489
1037,595,312,489
1037,595,312,489
1038,596,312,489
1038,597,312,489
1038,598,312,489
1039,599,313,481
1038,600,313,481
1038,602,313,481
1038,604,313,481
1038,605,313,481
1038,607,313,481
1038,609,313,481
1038,610,313,481
1038,612,313,481
1038,614,313,481
1038,616,323,464
1038,617,323,464
1038,618,323,464
1039,619,323,464
1039,620,323,464
1040,622,323,464
1040,623,323,464
1040,624,323,464
1041,625,323,464
1041,626,323,464
1042,628,323,452
1042,630,323,452
1042,632,323,452
1043,635,323,452
1043,637,323,452
1044,640,323,452
1044,642,323,452
1044,644,323,452
1045,647,323,452
1045,649,323,452
1046,652,322,428
1046,653,322,428
1046,655,322,428
1046,657,322,428
1046,658,322,428
1046,660,322,428
1046,662,322,428
1046,663,322,428
1046,665,322,428
1046,667,322,428
1047,669,325,411
1046,671,325,411
1046,674,325,411
1046,677,325,411
1046,679,325,411
1046,682,325,411
1045,685,325,411
1045,687,325,411
1045,690,325,411
1045,693,325,411
1045,696,337,384
1045,698,337,384
1046,700,337,384
1047,702,337,384
1048,705,337,384
1049,707,337,384
1050,709,337,384
1051,712,337,384
1052,714,337,384
1053,716,337,384
1054,719,329,361
1054,722,329,361
1054,725,329,361
1054,729,329,361
1054,732,329,361
1055,736,329,361
1055,739,329,361
1055,742,329,361
1055,746,329,361
1055,749,329,361
1056,753,331,327
1055,756,331,327
1054,760,331,327
1053,763,331,327
1053,767,331,327
1052,770,331,327
1051,774,331,327
1051,777,331,327
1050,781,331,327
1049,784,331,327
1049,788,324,292
1049,792,324,292
1049,796,324,292
1049,800,324,292
1049,804,324,292
1050,808,324,292
1050,812,324,292
1050,816,324,292
1050,820,324,292
1050,824,324,292
1051,828,331,252
1051,830,331,252
1051,832,331,252
1051,834,331,252
1051,836,331,252
1052,839,331,252
1052,841,331,252
1052,843,331,252
1052,845,331,252
1052,847,331,252
1053,850,326,230
1053,853,326,230
1053,857,326,230
1053,860,326,230
1053,864,326,230
1053,867,326,230
1053,871,326,230
1053,874,326,230
1053,878,326,230
1053,881,326,230
1054,885,323,195
1053,888,323,195
1053,891,323,195
1052,894,323,195
1052,897,323,195
1052,900,323,195
1051,903,323,195
1051,906,323,195
1050,909,323,195
1050,912,323,195
1050,916,320,164
1049,917,320,164
1049,918,320,164
1049,920,320,164
1049,921,320,164
1049,923,320,164
1049,924,320,164
1049,925,320,164
1049,927,320,164
1049,928,320,164
1049,930,323,150
1048,932,323,150
1048,934,323,150
1048,936,323,150
1048,939,323,150
1048,941,323,150
1047,943,323,150
1047,946,323,150
1047,948,323,150
1047,950,323,150
1047,953,315,127
1045,954,315,127
1043,955,315,127
1042,957,315,127
1040,958,315,127
1039,960,315,127
1037,961,315,127
1035,962,315,127
1034,964,315,127
1032,965,315,127
1031,967,323,113
1030,966,323,113
1029,966,323,113
1028,966,323,113
1027,966,323,113
1026,966,323,113
1025,966,323,113
1024,966,323,113
1023,966,323,113
1022,966,323,113
1022,966,315,114
1020,966,315,114
1019,967,315,114
1018,967,315,114
1017,968,315,114
1016,968,315,114
1015,969,315,114
1014,969,315,114
1013,970,315,114
1012,970,315,114
1011,971,316,109
1010,971,316,109
1010,971,316,109
1010,971,316,109
1010,971,316,109
1010,971,316,109
1010,971,316,109
1010,971,316,109
1010,971,316,109
1010,971,316,109
1010,971,315,109
1009,972,315,109
1009,973,315,109
1008,974,315,109
1008,975,315,109
1008,976,315,109
1007,977,315,109
1007,978,315,109
1006,979,315,109
1006,980,315,109
1006,982,317,98
1006,983,317,98
1007,984,317,98
1007,986,317,98
1008,987,317,98
1009,989,317,98
1009,990,317,98
1010,991,317,98
1010,993,317,98
1011,994,317,98
1012,996,314,84
1013,997,314,84
1014,999,314,84
1015,1001,314,84
1016,1002,314,84
1017,1004,314,84
1018,1006,314,84
1019,1007,314,84
1020,1009,314,84
1021,1011,314,84
1022,1013,305,67
1013,997,305,67
1005,981,305,67
996,965,305,67
988,949,305,67
979,933,305,67
971,917,305,67
962,901,305,67
954,885,305,67
945,869,305,67
937,853,320,227
934,848,320,227
931,843,320,227
928,839,320,227
926,834,320,227
923,830,320,227
920,825,320,227
918,820,320,227
915,816,320,227
912,811,320,227
910,807,316,273
908,803,316,273
906,799,316,273
904,795,316,273
902,792,316,273
900,788,316,273
898,784,316,273
896,781,316,273
894,777,316,273
892,773,316,273
891,770,318,310
890,766,318,310
889,762,318,310
888,759,318,310
887,755,318,310
887,752,318,310
886,748,318,310
885,744,318,310
884,741,318,310
883,737,318,310
883,734,322,346
885,732,322,346
888,730,322,346
890,728,322,346
893,727,322,346
895,725,322,346
898,723,322,346
900,722,322,346
903,720,322,346
905,718,322,346
908,717,328,363
910,714,328,363
912,711,328,363
915,708,328,363
917,705,328,363
920,703,328,363
922,700,328,363
924,697,328,363
927,694,328,363
929,691,328,363
932,689,337,391
932,687,337,391
933,686,337,391
934,684,337,391
934,683,337,391
935,681,337,391
936,680,337,391
936,678,337,391
937,677,337,391
938,675,337,391
939,674,324,406
937,672,324,406
936,671,324,406
934,669,324,406
933,668,324,406
931,666,324,406
930,665,324,406
928,663,324,406
927,662,324,406
925,660,324,406
924,659,328,421
923,657,328,421
922,655,328,421
922,653,328,421
921,651,328,421
921,649,328,421
920,647,328,421
919,645,328,421
919,643,328,421
918,641,328,421
918,639,312,441
917,637,312,441
916,636,312,441
916,634,312,441
915,633,312,441
915,632,312,441
914,630,312,441
913,629,312,441
913,627,312,441
912,626,312,441
912,625,317,455
910,623,317,455
909,621,317,455
908,619,317,455
907,617,317,455
906,615,317,455
905,613,317,455
904,611,317,455
903,609,317,455
902,607,317,455
901,605,318,475
900,603,318,475
899,602,318,475
899,601,318,475
898,599,318,475
898,598,318,475
897,597,318,475
896,595,318,475
896,594,318,475
895,593,318,475
895,592,314,488
893,590,314,488
892,588,314,488
891,586,314,488
890,585,314,488
889,583,314,488
888,581,314,488
887,580,314,488
886,578,314,488
885,576,314,488
884,575,317,505
883,575,317,505
883,575,317,505
883,575,317,505
883,575,317,505
883,576,317,505
882,576,317,505
882,576,317,505
882,576,317,505
882,576,317,505
882,577,319,503
882,576,319,503
882,575,319,503
882,575,319,503
882,574,319,503
882,574,319,503
882,573,319,503
882,572,319,503
882,572,319,503
882,571,319,503
882,571,320,509
882,571,320,509
883,572,320,509
883,573,320,509
884,574,320,509
884,575,320,509
885,576,320,509
885,577,320,509
886,578,320,509
886,579,320,509
887,580,321,500
887,582,321,500
888,584,321,500
888,586,321,500
889,588,321,500
889,590,321,500
890,592,321,500
890,594,321,500
891,596,321,500
891,598,321,500
892,600,317,480
892,602,317,480
893,604,317,480
893,606,317,480
894,608,317,480
895,610,317,480
895,612,317,480
896,614,317,480
896,616,317,480
897,618,317,480
898,620,314,460
898,622,314,460
898,625,314,460
898,627,314,460
899,630,314,460
899,633,314,460
899,635,314,460
900,638,314,460
900,640,314,460
900,643,314,460
901,646,314,434
901,649,314,434
901,652,314,434
901,655,314,434
902,658,314,434
902,661,314,434
902,664,314,434
903,667,314,434
903,670,314,434
903,673,314,434
904,677,319,403
903,679,319,403
902,682,319,403
901,684,319,403
901,687,319,403
900,689,319,403
899,692,319,403
899,694,319,403
898,697,319,403
897,699,319,403
897,702,326,378
898,703,326,378
899,704,326,378
900,705,326,378
901,706,326,378
902,707,326,378
903,708,326,378
904,709,326,378
905,710,326,378
906,711,326,378
907,713,319,367
907,714,319,367
907,716,319,367
907,718,319,367
907,720,319,367
907,722,319,367
907,723,319,367
907,725,319,367
907,727,319,367
907,729,319,367
907,731,322,349
907,731,322,349
907,731,322,349
907,731,322,349
907,731,322,349
907,731,322,349
907,731,322,349
907,731,322,349
907,731,322,349
907,731,322,349
908,732,318,348
908,731,318,348
909,731,318,348
909,731,318,348
910,731,318,348
911,731,318,348
911,731,318,348
912,731,318,348
912,731,318,348
913,731,318,348
914,731,315,349
914,730,315,349
914,730,315,349
914,730,315,349
914,730,315,349
914,730,315,349
914,730,315,349
914,730,315,349
914,730,315,349
914,730,315,349
914,730,318,350
914,728,318,350
914,727,318,350
915,726,318,350
915,725,318,350
916,724,318,350
916,723,318,350
916,722,318,350
917,721,318,350
917,720,318,350
918,719,318,361
918,718,318,361
918,718,318,361
918,717,318,361
918,717,318,361
919,716,318,361
919,716,318,361
919,715,318,361
919,715,318,361
919,714,318,361
920,714,317,366
920,713,317,366
920,712,317,366
920,711,317,366
920,710,317,366
920,709,317,366
920,708,317,366
920,707,317,366
920,706,317,366
920,705,317,366
921,705,322,375
921,705,322,375
921,706,322,375
921,707,322,375
921,708,322,375
922,709,322,375
922,710,322,375
922,711,322,375
922,712,322,375
922,713,322,375
923,714,327,366
923,714,327,366
924,715,327,366
924,716,327,366
925,717,327,366
926,718,327,366
926,719,327,366
927,720,327,366
927,721,327,366
928,722,327,366
929,723,328,357
929,723,328,357
929,724,328,357
929,724,328,357
929,725,328,357
929,725,328,357
929,726,328,357
929,726,328,357
929,727,328,357
929,727,328,357
930,728,327,352
930,729,327,352
931,730,327,352
932,731,327,352
933,732,327,352
934,733,327,352
934,734,327,352
935,735,327,352
936,736,327,352
937,737,327,352
938,739,319,341
938,740,319,341
938,742,319,341
938,744,319,341
938,745,319,341
938,747,319,341
938,749,319,341
938,750,319,341
938,752,319,341
938,754,319,341
939,756,309,324
939,757,309,324
940,758,309,324
941,759,309,324
941,760,309,324
942,761,309,324
943,762,309,324
943,763,309,324
944,764,309,324
945,765,309,324
946,766,309,314
946,766,309,314
947,767,309,314
948,768,309,314
948,769,309,314
949,770,309,314
950,770,309,314
950,771,309,314
951,772,309,314
952,773,309,314
953,774,308,306
953,774,308,306
954,775,308,306
954,776,308,306
955,776,308,306
956,777,308,306
956,778,308,306
957,778,308,306
957,779,308,306
958,780,308,306
959,781,304,299
959,781,304,299
960,781,304,299
961,781,304,299
962,781,304,299
963,781,304,299
963,781,304,299
964,781,304,299
965,781,304,299
966,781,304,299
967,781,296,299
968,780,296,299
969,779,296,299
970,778,296,299
971,777,296,299
973,777,296,299
974,776,296,299
975,775,296,299
976,774,296,299
977,773,296,299
979,773,291,307
980,773,291,307
981,774,291,307
982,775,291,307
983,776,291,307
984,777,291,307
985,777,291,307
986,778,291,307
987,779,291,307
988,780,291,307
990,781,293,299
991,781,293,299
992,781,293,299
993,781,293,299
994,782,293,299
995,782,293,299
996,782,293,299
997,783,293,299
998,783,293,299
999,783,293,299
1001,784,294,296
1001,784,294,296
1002,784,294,296
1002,784,294,296
1003,785,294,296
1003,785,294,296
1004,785,294,296
1004,786,294,296
1005,786,294,296
1005,786,294,296
1006,787,295,293
1008,787,295,293
1010,787,295,293
1013,788,295,293
1015,788,295,293
1018,789,295,293
1020,789,295,293
1022,789,295,293
1025,790,295,293
1027,790,295,293
1030,791,288,289
1030,792,288,289
1030,793,288,289
1030,794,288,289
1031,795,288,289
1031,796,288,289
1031,797,288,289
1032,798,288,289
1032,799,288,289
1032,800,288,289
1033,802,292,278
1034,802,292,278
1035,803,292,278
1036,804,292,278
1037,805,292,278
1039,806,292,278
1040,806,292,278
1041,807,292,278
1042,808,292,278
1043,809,292,278
1045,810,284,270
1045,811,284,270
1046,813,284,270
1047,815,284,270
1048,817,284,270
1049,819,284,270
1049,820,284,270
1050,822,284,270
1051,824,284,270
1052,826,284,270
1053,828,284,252
1054,829,284,252
1055,830,284,252
1056,831,284,252
1058,833,284,252
1059,834,284,252
1060,835,284,252
1062,837,284,252
1063,838,284,252
1064,839,284,252
1066,841,279,239
1067,843,279,239
1068,845,279,239
1069,847,279,239
1070,849,279,239
1071,852,279,239
1072,854,279,239
1073,856,279,239
1074,858,279,239
1075,860,279,239
1077,863,278,217
1078,865,278,217
1079,868,278,217
1080,870,278,217
1081,873,278,217
1083,875,278,217
1084,878,278,217
1085,880,278,217
1086,883,278,217
1087,885,278,217
1089,888,273,192
1089,889,273,192
1089,891,273,192
1089,892,273,192
1090,894,273,192
1090,895,273,192
1090,897,273,192
1091,898,273,192
1091,900,273,192
1091,901,273,192
1092,903,274,177
1093,905,274,177
1094,908,274,177
1095,911,274,177
1096,914,274,177
1097,917,274,177
1098,920,274,177
1099,923,274,177
1100,926,274,177
1101,929,274,177
1103,932,272,148
1104,935,272,148
1105,938,272,148
1106,941,272,148
1107,944,272,148
1108,947,272,148
1109,950,272,148
1110,953,272,148
1111,956,272,148
1112,959,272,148
1114,963,274,117
1114,964,274,117
1115,966,274,117
1116,968,274,117
1117,970,274,117
1118,972,274,117
1119,973,274,117
1120,975,274,117
1121,977,274,117
1122,979,274,117
1123,981,277,99
1124,983,277,99
1126,986,277,99
1127,988,277,99
1129,991,277,99
1131,994,277,99
1132,996,277,99
1134,999,277,99
1135,1001,277,99
1137,1004,277,99
1139,1007,272,73
1139,1008,272,73
1139,1010,272,73
1139,1011,272,73
1139,1013,272,73
1139,1015,272,73
1139,1016,272,73
1139,1018,272,73
1139,1019,272,73
1139,1021,272,73
1139,1023,265,57
1025,920,265,57
911,818,265,57
797,715,265,57
683,613,265,57
569,511,265,57
455,408,265,57
341,306,265,57
227,203,265,57
113,101,265,57
-1,-1,-1,-1
-1,-1,-1,-1
-1,-1,-1,-1
-1,-1,-1,-1
-1,-1,-1,-1
-1,-1,-1,-1
-1,-1,-1,-1
-1,-1,-1,-1
-1,-1,-1,-1
-1,-1,-1,-1
-1,-1,-1,-1
-1,-1,-1,-1
-1,-1,-1,-1
-1,-1,-1,-1
-1,-1,-1,-1
-1,-1,-1,-1
-1,-1,-1,-1
-1,-1,-1,-1
-1,-1,-1,-1
-1,-1,-1,-1
-1,-1,-1,-1
-1,-1,-1,-1
-1,-1,-1,-1
-1,-1,-1,-1
-1,-1,-1,-1
-1,-1,-1,-1
-1,-1,-1,-1
-1,-1,-1,-1
-1,-1,-1,-1
-1,-1,-1,-1
-1,-1,-1,-1
-1,-1,-1,-1
-1,-1,-1,-1
-1,-1,-1,-1
-1,-1,-1,-1
-1,-1,-1,-1
-1,-1,-1,-1
-1,-1,-1,-1
-1,-1,-1,-1
-1,-1,-1,-1
-1,-1,-1,-1
119,102,-1,-1
239,206,-1,-1
359,309,-1,-1
479,413,-1,-1
599,517,-1,-1
719,620,-1,-1
839,724,-1,-1
959,827,-1,-1
1079,931,-1,-1
1200,1035,213,45
1199,1033,213,45
1199,1031,213,45
1198,1030,213,45
1198,1028,213,45
1197,1027,213,45
1197,1025,213,45
1196,1023,213,45
1196,1022,213,45
1195,1020,213,45
1195,1019,255,61
1194,1017,255,61
1193,1015,255,61
1192,1013,255,61
1191,1011,255,61
1190,1009,255,61
1189,1007,255,61
1188,1005,255,61
1187,1003,255,61
1186,1001,255,61
1185,1000,270,80
1184,998,270,80
1184,996,270,80
1184,995,270,80
1184,993,270,80
1184,992,270,80
1183,990,270,80
1183,988,270,80
1183,987,270,80
1183,985,270,80
1183,984,272,96
1183,980,272,96
1184,977,272,96
1184,974,272,96
1185,971,272,96
1186,968,272,96
1186,964,272,96
1187,961,272,96
1187,958,272,96
1188,955,272,96
1189,952,263,128
1189,949,263,128
1189,947,263,128
1189,944,263,128
1190,942,263,128
1190,940,263,128
1190,937,263,128
1191,935,263,128
1191,932,263,128
1191,930,263,128
1192,928,255,152
1192,924,255,152
1192,921,255,152
1192,918,255,152
1192,914,255,152
1192,911,255,152
1192,908,255,152
1192,904,255,152
1192,901,255,152
1192,898,255,152
1193,895,259,185
1193,892,259,185
1194,890,259,185
1195,887,259,185
1195,885,259,185
1196,883,259,185
1197,880,259,185
1197,878,259,185
1198,875,259,185
1199,873,259,185
1200,871,255,209
1199,867,255,209
1199,864,255,209
1199,861,255,209
1199,858,255,209
1199,855,255,209
1199,851,255,209
1199,848,255,209
1199,845,255,209
1199,842,255,209
1199,839,256,241
1199,837,256,241
1200,836,256,241
1201,835,256,241
1202,834,256,241
1203,833,256,241
1203,832,256,241
1204,831,256,241
1205,830,256,241
1206,829,256,241
1207,828,256,252
1208,826,256,252
1209,825,256,252
1210,823,256,252
1211,822,256,252
1212,821,256,252
1213,819,256,252
1214,818,256,252
1215,816,256,252
1216,815,256,252
1217,814,252,266
1217,813,252,266
1218,813,252,266
1218,812,252,266
1219,812,252,266
1219,812,252,266
1220,811,252,266
1220,811,252,266
1221,810,252,266
1221,810,252,266
1222,810,254,270
1223,810,254,270
1224,810,254,270
1226,810,254,270
1227,811,254,270
1229,811,254,270
1230,811,254,270
1231,812,254,270
1233,812,254,270
1234,812,254,270
1236,813,250,267
1237,813,250,267
1239,814,250,267
1240,814,250,267
1242,815,250,267
1243,816,250,267
1245,816,250,267
1246,817,250,267
1248,817,250,267
1249,818,250,267
1251,819,247,261
1239,824,247,261
1227,830,247,261
1215,835,247,261
1204,841,247,261
1192,846,247,261
1180,852,247,261
1169,857,247,261
1157,863,247,261
1145,868,247,261
1134,874,249,206
1134,874,249,206
1134,874,249,206
1135,874,249,206
1135,874,249,206
1136,874,249,206
1136,874,249,206
1136,874,249,206
1137,874,249,206
1137,874,249,206
1138,875,244,205
1137,875,244,205
1137,875,244,205
1137,875,244,205
1137,875,244,205
1137,875,244,205
1136,875,244,205
1136,875,244,205
1136,875,244,205
1136,875,244,205
1136,875,244,205
1135,875,244,205
1135,875,244,205
1135,875,244,205
1134,875,244,205
1134,875,244,205
1134,875,244,205
1133,875,244,205
1133,875,244,205
1133,875,244,205
1133,875,249,205
1132,874,249,205
1132,873,249,205
1132,872,249,205
1131,871,249,205
1131,871,249,205
1131,870,249,205
1130,869,249,205
1130,868,249,205
1130,867,249,205
1130,867,250,213
1129,864,250,213
1128,862,250,213
1127,860,250,213
1127,858,250,213
1126,856,250,213
1125,854,250,213
1125,852,250,213
1124,850,250,213
1123,848,250,213
1123,846,252,234
1123,844,252,234
1123,843,252,234
1123,841,252,234
1123,840,252,234
1123,838,252,234
1123,837,252,234
1123,835,252,234
1123,834,252,234
1123,832,252,234
1123,831,252,249
1123,829,252,249
1124,828,252,249
1124,826,252,249
1125,825,252,249
1125,823,252,249
1126,822,252,249
1126,820,252,249
1127,819,252,249
1127,817,252,249
1128,816,252,264
1128,813,252,264
1128,811,252,264
1128,809,252,264
1128,807,252,264
1128,805,252,264
1128,802,252,264
1128,800,252,264
1128,798,252,264
1128,796,252,264
1128,794,245,286
1128,790,245,286
1129,787,245,286
1129,784,245,286
1130,781,245,286
1131,778,245,286
1131,775,245,286
1132,772,245,286
1132,769,245,286
1133,766,245,286
1134,763,242,317
1134,760,242,317
1135,757,242,317
1136,755,242,317
1136,752,242,317
1137,750,242,317
1138,747,242,317
1138,744,242,317
1139,742,242,317
1140,739,242,317
1141,737,241,343
1142,734,241,343
1143,731,241,343
1145,728,241,343
1146,725,241,343
1148,722,241,343
1149,719,241,343
1150,716,241,343
1152,713,241,343
1153,710,241,343
1155,707,236,373
1156,704,236,373
1157,701,236,373
1159,698,236,373
1160,695,236,373
1162,692,236,373
1163,689,236,373
1164,686,236,373
1166,683,236,373
1167,680,236,373
1169,677,231,403
1169,674,231,403
1169,671,231,403
1170,668,231,403
1170,665,231,403
1171,662,231,403
1171,659,231,403
1171,656,231,403
1172,653,231,403
1172,650,231,403
1173,647,238,419
1174,644,238,419
1176,641,238,419
1177,638,238,419
1179,636,238,419
1181,633,238,419
1182,630,238,419
1184,628,238,419
1185,625,238,419
1187,622,238,419
1189,620,236,418
1189,618,236,418
1190,617,236,418
1191,616,236,418
1192,614,236,418
1193,613,236,418
1193,612,236,418
1194,610,236,418
1195,609,236,418
1196,608,236,418
1197,607,232,404
1197,605,232,404
1197,603,232,404
1198,601,232,404
1198,599,232,404
1199,597,232,404
1199,595,232,404
1199,593,232,404
1200,591,232,404
1200,589,232,404
1201,587,231,400
1201,585,231,400
1202,583,231,400
1202,581,231,400
1203,579,231,400
1203,577,231,400
1204,575,231,400
1204,573,231,400
1205,571,231,400
1205,569,231,400
1206,567,235,401
1206,565,235,401
1207,564,235,401
1207,562,235,401
1208,561,235,401
1208,559,235,401
1209,558,235,401
1209,556,235,401
1210,555,235,401
1210,553,235,401
1211,552,237,397
1211,550,237,397
1211,548,237,397
1211,547,237,397
1212,545,237,397
1212,544,237,397
1212,542,237,397
1213,540,237,397
1213,539,237,397
1213,537,237,397
1214,536,239,397
1214,534,239,397
1215,532,239,397
1216,530,239,397
1216,528,239,397
1217,527,239,397
1218,525,239,397
1218,523,239,397
1219,521,239,397
1220,519,239,397
1221,518,242,396
1220,517,242,396
1220,516,242,396
1220,515,242,396
1220,515,242,396
1220,514,242,396
1220,513,242,396
1220,513,242,396
1220,512,242,396
1220,511,242,396
1220,511,244,392
1220,509,244,392
1221,508,244,392
1222,507,244,392
1223,505,244,392
1224,504,244,392
1224,503,244,392
1225,501,244,392
1226,500,244,392
1227,499,244,392
1228,498,243,392
1229,497,243,392
1230,496,243,392
1231,495,243,392
1233,494,243,392
1234,494,243,392
1235,493,243,392
1237,492,243,392
1238,491,243,392
1239,490,243,392
1241,490,242,393
1241,488,242,393
1242,487,242,393
1242,486,242,393
1243,485,242,393
1244,484,242,393
1244,483,242,393
1245,482,242,393
1245,481,242,393
1246,480,242,393
1247,479,244,394
1247,478,244,394
1247,478,244,394
1247,477,244,394
1248,477,244,394
1248,477,244,394
1248,476,244,394
1249,476,244,394
1249,475,244,394
1249,475,244,394
1250,475,246,393
1251,474,246,393
1252,473,246,393
1253,473,246,393
1254,472,246,393
1256,472,246,393
1257,471,246,393
1258,470,246,393
1259,470,246,393
1260,469,246,393
1262,469,246,393
1262,468,246,393
1263,468,246,393
1264,468,246,393
1265,467,246,393
1266,467,246,393
1267,467,246,393
1268,466,246,393
1269,466,246,393
1270,466,246,393
1271,466,244,392
1271,465,244,392
1272,465,244,392
1272,464,244,392
1273,464,244,392
1274,463,244,392
1274,463,244,392
1275,462,244,392
1275,462,244,392
1276,461,244,392
1277,461,241,391
1278,460,241,391
1279,460,241,391
1280,460,241,391
1281,460,241,391
1282,460,241,391
1283,460,241,391
1284,460,241,391
1285,460,241,391
1286,460,241,391
1287,460,237,389
1288,459,237,389
1290,459,237,389
1292,458,237,389
1293,458,237,389
1295,458,237,389
1297,457,237,389
1298,457,237,389
1300,456,237,389
1302,456,237,389
1304,456,240,391
1305,455,240,391
1307,454,240,391
1308,453,240,391
1310,452,240,391
1311,451,240,391
1313,450,240,391
1314,449,240,391
1316,448,240,391
1317,447,240,391
1319,447,236,392
1320,446,236,392
1321,446,236,392
1322,446,236,392
1323,446,236,392
1324,446,236,392
1325,445,236,392
1326,445,236,392
1327,445,236,392
1328,445,236,392
1329,445,239,392
1330,444,239,392
1331,443,239,392
1332,442,239,392
1334,441,239,392
1335,441,239,392
1336,440,239,392
1338,439,239,392
1339,438,239,392
1340,437,239,392
1342,437,241,393
1343,437,241,393
1344,438,241,393
1346,438,241,393
1347,439,241,393
1349,440,241,393
1350,440,241,393
1351,441,241,393
1353,441,241,393
1354,442,241,393
1356,443,238,392
1357,443,238,392
1359,444,238,392
1360,445,238,392
1362,446,238,392
1364,447,238,392
1365,447,238,392
1367,448,238,392
1368,449,238,392
1370,450,238,392
1372,451,240,391
1372,451,240,391
1373,452,240,391
1374,452,240,391
1375,453,240,391
1376,453,240,391
1376,454,240,391
1377,454,240,391
1378,455,240,391
1379,455,240,391
1380,456,244,392
1381,457,244,392
1383,458,244,392
1385,459,244,392
1387,460,244,392
1389,461,244,392
1390,462,244,392
1392,463,244,392
1394,464,244,392
1396,465,244,392
1398,467,247,394
1398,468,247,394
1398,469,247,394
1399,470,247,394
1399,472,247,394
1400,473,247,394
1400,474,247,394
1400,476,247,394
1401,477,247,394
1401,478,247,394
1402,480,252,389
1403,480,252,389
1404,481,252,389
1405,482,252,389
1407,483,252,389
1408,484,252,389
1409,485,252,389
1411,486,252,389
1412,487,252,389
1413,488,252,389
1415,489,253,392
1416,491,253,392
1417,493,253,392
1419,495,253,392
1420,497,253,392
1422,499,253,392
1423,501,253,392
1424,503,253,392
1426,505,253,392
1427,507,253,392
1429,509,253,394
1430,510,253,394
1432,511,253,394
1433,513,253,394
1435,514,253,394
1437,516,253,394
1438,517,253,394
1440,518,253,394
1441,520,253,394
1443,521,253,394
1445,523,253,394
1445,524,253,394
1445,526,253,394
1445,527,253,394
1446,529,253,394
1446,531,253,394
1446,532,253,394
1447,534,253,394
1447,535,253,394
1447,537,253,394
1448,539,255,401
1448,541,255,401
1449,543,255,401
1449,545,255,401
1450,547,255,401
1450,549,255,401
1451,551,255,401
1451,553,255,401
1452,555,255,401
1452,557,255,401
1453,559,257,404
1453,560,257,404
1453,562,257,404
1453,564,257,404
1454,566,257,404
1454,568,257,404
1454,570,257,404
1455,572,257,404
1455,574,257,404
1455,576,257,404
1456,578,258,402
1456,579,258,402
1457,580,258,402
1458,581,258,402
1459,583,258,402
1460,584,258,402
1460,585,258,402
1461,587,258,402
1462,588,258,402
1463,589,258,402
1464,591,262,406
1463,593,262,406
1463,595,262,406
1463,597,262,406
1463,599,262,406
1463,601,262,406
1462,603,262,406
1462,605,262,406
1462,607,262,406
1462,609,262,406
1462,611,257,409
1461,612,257,409
1460,614,257,409
1460,615,257,409
1459,617,257,409
1459,618,257,409
1458,620,257,409
1457,621,257,409
1457,623,257,409
1456,624,257,409
1456,626,260,416
1455,627,260,416
1455,629,260,416
1454,631,260,416
1454,632,260,416
1453,634,260,416
1453,636,260,416
1452,637,260,416
1452,639,260,416
1451,641,260,416
1451,643,261,414
1449,644,261,414
1448,646,261,414
1447,648,261,414
1445,650,261,414
1444,652,261,414
1443,654,261,414
1441,656,261,414
1440,658,261,414
1439,660,261,414
1438,662,262,418
1436,663,262,418
1434,664,262,418
1433,665,262,418
1431,667,262,418
1430,668,262,418
1428,669,262,418
1426,671,262,418
1425,672,262,418
1423,673,262,418
1422,675,255,405
1420,676,255,405
1419,677,255,405
1417,679,255,405
1416,680,255,405
1414,682,255,405
1413,683,255,405
1411,684,255,405
1410,686,255,405
1408,687,255,405
1407,689,252,391
1404,689,252,391
1401,690,252,391
1398,691,252,391
1395,691,252,391
1393,692,252,391
1390,693,252,391
1387,693,252,391
1384,694,252,391
1381,695,252,391
1379,696,253,384
1376,696,253,384
1374,696,253,384
1371,696,253,384
1369,697,253,384
1366,697,253,384
1364,697,253,384
1361,698,253,384
1359,698,253,384
1356,698,253,384
1354,699,248,381
1351,699,248,381
1348,699,248,381
1345,700,248,381
1342,700,248,381
1339,701,248,381
1336,701,248,381
1333,701,248,381
1330,702,248,381
1327,702,248,381
1325,703,254,377
1321,702,254,377
1317,702,254,377
1313,702,254,377
1310,702,254,377
1306,702,254,377
1302,702,254,377
1299,702,254,377
1295,702,254,377
1291,702,254,377
1288,702,250,378
1283,702,250,378
1279,702,250,378
1275,702,250,378
1271,702,250,378
1267,702,250,378
1263,702,250,378
1259,702,250,378
1255,702,250,378
1251,702,250,378
1247,703,253,377
1244,701,253,377
1242,700,253,377
1239,698,253,377
1237,697,253,377
1235,696,253,377
1232,694,253,377
1230,693,253,377
1227,691,253,377
1225,690,253,377
1223,689,252,391
1219,687,252,391
1216,686,252,391
1213,685,252,391
1210,684,252,391
1207,683,252,391
1203,682,252,391
1200,681,252,391
1197,680,252,391
1194,679,252,391
1191,678,245,402
1187,676,245,402
1184,675,245,402
1181,674,245,402
1177,673,245,402
1174,672,245,402
1171,671,245,402
1167,670,245,402
1164,669,245,402
1161,668,245,402
1158,667,248,413
1155,664,248,413
1152,662,248,413
1149,660,248,413
1147,658,248,413
1144,656,248,413
1141,654,248,413
1139,652,248,413
1136,650,248,413
1133,648,248,413
1131,646,255,423
1129,643,255,423
1127,641,255,423
1125,639,255,423
1123,636,255,423
1121,634,255,423
1119,632,255,423
1117,629,255,423
1115,627,255,423
1113,625,255,423
1112,623,246,421
1110,620,246,421
1108,618,246,421
1106,616,246,421
1105,614,246,421
1103,612,246,421
1101,609,246,421
1100,607,246,421
1098,605,246,421
1096,603,246,421
1095,601,241,416
1093,599,241,416
1092,598,241,416
1091,596,241,416
1090,595,241,416
1089,593,241,416
1087,592,241,416
1086,590,241,416
1085,589,241,416
1084,587,241,416
1083,586,236,416
1081,583,236,416
1080,581,236,416
1079,579,236,416
1078,577,236,416
1077,575,236,416
1075,572,236,416
1074,570,236,416
1073,568,236,416
1072,566,236,416
1071,564,234,414
1070,562,234,414
1069,561,234,414
1068,560,234,414
1067,558,234,414
1066,557,234,414
1065,556,234,414
1064,554,234,414
1063,553,234,414
1062,552,234,414
1062,551,233,412
1061,549,233,412
1061,548,233,412
1061,546,233,412
1061,545,233,412
1061,544,233,412
1061,542,233,412
1061,541,233,412
1061,539,233,412
1061,538,233,412
1061,537,230,409
1060,536,230,409
1059,535,230,409
1058,534,230,409
1057,533,230,409
1056,533,230,409
1055,532,230,409
1054,531,230,409
1053,530,230,409
1052,529,230,409
1051,529,235,406
1050,528,235,406
1050,528,235,406
1050,527,235,406
1050,527,235,406
1050,527,235,406
1049,526,235,406
1049,526,235,406
1049,525,235,406
1049,525,235,406
1049,525,233,405
1049,524,233,405
1049,524,233,405
1049,524,233,405
1050,524,233,405
1050,524,233,405
1050,523,233,405
1051,523,233,405
1051,523,233,405
1051,523,233,405
1052,523,236,409
1051,523,236,409
1051,524,236,409
1051,525,236,409
1050,526,236,409
1050,527,236,409
1050,527,236,409
1049,528,236,409
1049,529,236,409
1049,530,236,409
1049,531,237,406
1049,532,237,406
1049,533,237,406
1049,534,237,406
1049,536,237,406
1049,537,237,406
1049,538,237,406
1049,540,237,406
1049,541,237,406
1049,542,237,406
1049,544,235,404
1049,545,235,404
1049,546,235,404
1050,547,235,404
1050,548,235,404
1051,549,235,404
1051,550,235,404
1051,551,235,404
1052,552,235,404
1052,553,235,404
1053,554,242,413
1053,555,242,413
1053,557,242,413
1053,559,242,413
1053,560,242,413
1053,562,242,413
1053,564,242,413
1053,565,242,413
1053,567,242,413
1053,569,242,413
1053,571,242,418
1045,603,242,418
1038,636,242,418
1031,669,242,418
1024,702,242,418
1017,735,242,418
1009,767,242,418
1002,800,242,418
995,833,242,418
988,866,242,418
981,899,242,181
980,899,242,181
980,899,242,181
979,899,242,181
979,899,242,181
979,899,242,181
978,899,242,181
978,899,242,181
977,899,242,181
977,899,242,181
977,899,248,181
976,899,248,181
976,899,248,181
976,899,248,181
975,899,248,181
975,899,248,181
975,899,248,181
974,899,248,181
974,899,248,181
974,899,248,181
974,900,245,180
974,899,245,180
974,898,245,180
975,897,245,180
975,896,245,180
976,895,245,180
976,894,245,180
976,893,245,180
977,892,245,180
977,891,245,180
978,891,244,189
977,891,244,189
976,891,244,189
975,891,244,189
974,891,244,189
973,891,244,189
972,891,244,189
971,891,244,189
970,891,244,189
969,891,244,189
969,892,250,188
969,890,250,188
970,889,250,188
970,888,250,188
971,887,250,188
971,886,250,188
972,885,250,188
972,884,250,188
973,883,250,188
973,882,250,188
974,881,248,199
974,880,248,199
974,880,248,199
974,880,248,199
974,879,248,199
974,879,248,199
974,879,248,199
974,878,248,199
974,878,248,199
974,878,248,199
974,878,246,202
974,876,246,202
975,874,246,202
975,873,246,202
976,871,246,202
976,870,246,202
977,868,246,202
977,866,246,202
978,865,246,202
978,863,246,202
979,862,250,218
979,860,250,218
979,859,250,218
979,858,250,218
979,857,250,218
979,856,250,218
979,854,250,218
979,853,250,218
979,852,250,218
979,851,250,218
979,850,244,230
979,848,244,230
979,846,244,230
980,844,244,230
980,842,244,230
981,840,244,230
981,838,244,230
981,836,244,230
982,834,244,230
982,832,244,230
983,830,243,250
982,827,243,250
981,825,243,250
981,822,243,250
980,820,243,250
980,818,243,250
979,815,243,250
978,813,243,250
978,810,243,250
977,808,243,250
977,806,253,274
977,804,253,274
977,803,253,274
977,801,253,274
977,800,253,274
978,799,253,274
978,797,253,274
978,796,253,274
978,794,253,274
978,793,253,274
979,792,247,288
978,789,247,288
978,787,247,288
977,785,247,288
977,783,247,288
977,781,247,288
976,778,247,288
976,776,247,288
975,774,247,288
975,772,247,288
975,770,251,310
973,766,251,310
972,763,251,310
970,760,251,310
969,756,251,310
968,753,251,310
966,750,251,310
965,746,251,310
963,743,251,310
962,740,251,310
961,737,243,343
960,733,243,343
959,729,243,343
958,725,243,343
957,722,243,343
956,718,243,343
955,714,243,343
954,711,243,343
953,707,243,343
952,703,243,343
952,700,245,380
951,696,245,380
950,693,245,380
949,690,245,380
948,687,245,380
947,684,245,380
946,681,245,380
945,678,245,380
944,675,245,380
943,672,245,380
942,669,242,411
940,665,242,411
938,661,242,411
936,657,242,411
934,653,242,411
932,649,242,411
930,645,242,411
928,641,242,411
926,637,242,411
924,633,242,411
922,629,251,423
920,625,251,423
919,621,251,423
918,618,251,423
916,614,251,423
915,611,251,423
914,607,251,423
912,603,251,423
911,600,251,423
910,596,251,423
909,593,250,420
906,588,250,420
904,584,250,420
902,579,250,420
900,575,250,420
898,571,250,420
896,566,250,420
894,562,250,420
892,557,250,420
890,553,250,420
888,549,245,420
886,546,245,420
885,543,245,420
883,540,245,420
882,537,245,420
881,534,245,420
879,531,245,420
878,528,245,420
876,525,245,420
875,522,245,420
874,520,245,407
872,516,245,407
870,512,245,407
868,508,245,407
866,504,245,407
864,500,245,407
862,496,245,407
860,492,245,407
858,488,245,407
856,484,245,407
854,480,241,408
852,475,241,408
850,471,241,408
848,467,241,408
847,463,241,408
845,459,241,408
843,454,241,408
842,450,241,408
840,446,241,408
838,442,241,408
837,438,240,403
835,433,240,403
833,429,240,403
831,425,240,403
830,420,240,403
828,416,240,403
826,412,240,403
825,407,240,403
823,403,240,403
821,399,240,403
820,395,242,405
818,391,242,405
817,388,242,405
815,385,242,405
814,382,242,405
813,379,242,405
811,375,242,405
810,372,242,405
808,369,242,405
807,366,242,405
806,363,244,394
805,359,244,394
804,356,244,394
804,352,244,394
803,349,244,394
803,345,244,394
802,342,244,394
801,338,244,394
801,335,244,394
800,331,244,394
800,328,240,395
798,325,240,395
796,322,240,395
794,320,240,395
793,317,240,395
791,315,240,395
789,312,240,395
788,309,240,395
786,307,240,395
784,304,240,395
783,302,244,389
782,299,244,389
781,296,244,389
780,293,244,389
780,291,244,389
779,288,244,389
778,285,244,389
778,283,244,389
777,280,244,389
776,277,244,389
776,275,242,389
775,272,242,389
775,269,242,389
774,266,242,389
774,264,242,389
774,261,242,389
773,258,242,389
773,256,242,389
772,253,242,389
772,250,242,389
772,248,236,391
771,246,236,391
771,244,236,391
770,243,236,391
770,241,236,391
769,240,236,391
769,238,236,391
768,236,236,391
768,235,236,391
767,233,236,391
767,232,237,382
766,231,237,382
766,230,237,382
766,229,237,382
766,228,237,382
766,227,237,382
765,226,237,382
765,225,237,382
765,224,237,382
765,223,237,382
765,222,232,381
764,224,232,381
764,226,232,381
764,228,232,381
763,230,232,381
763,232,232,381
763,234,232,381
762,236,232,381
762,238,232,381
762,240,232,381
762,243,228,377
761,244,228,377
761,246,228,377
761,248,228,377
760,250,228,377
760,252,228,377
760,253,228,377
759,255,228,377
759,257,228,377
759,259,228,377
759,261,225,377
758,262,225,377
758,263,225,377
758,264,225,377
757,265,225,377
757,267,225,377
757,268,225,377
756,269,225,377
756,270,225,377
756,271,225,377
756,273,234,383
756,275,234,383
756,278,234,383
757,281,234,383
757,284,234,383
758,287,234,383
758,290,234,383
758,293,234,383
759,296,234,383
759,299,234,383
760,302,230,376
759,305,230,376
759,308,230,376
759,311,230,376
759,314,230,376
759,317,230,376
758,320,230,376
758,323,230,376
758,326,230,376
758,329,230,376
758,333,230,372
758,335,230,372
758,338,230,372
758,340,230,372
759,343,230,372
759,346,230,372
759,348,230,372
760,351,230,372
760,353,230,372
760,356,230,372
761,359,229,373
761,362,229,373
761,365,229,373
762,368,229,373
762,371,229,373
763,374,229,373
763,377,229,373
763,380,229,373
764,383,229,373
764,386,229,373
765,389,229,371
765,391,229,371
765,394,229,371
765,397,229,371
765,400,229,371
765,403,229,371
765,406,229,371
765,409,229,371
765,412,229,371
765,415,229,371
766,418,231,366
766,420,231,366
766,422,231,366
767,424,231,366
767,426,231,366
768,429,231,366
768,431,231,366
768,433,231,366
769,435,231,366
769,437,231,366
770,440,230,366
770,442,230,366
771,445,230,366
771,448,230,366
772,451,230,366
773,454,230,366
773,456,230,366
774,459,230,366
774,462,230,366
775,465,230,366
776,468,227,363
775,470,227,363
775,472,227,363
775,474,227,363
775,476,227,363
775,479,227,363
775,481,227,363
775,483,227,363
775,485,227,363
775,487,227,363
775,490,227,363
775,492,227,363
776,494,227,363
777,496,227,363
778,498,227,363
779,501,227,363
780,503,227,363
781,505,227,363
782,507,227,363
783,509,227,363
784,512,227,363
784,514,227,363
785,517,227,363
786,520,227,363
787,523,227,363
788,526,227,363
788,528,227,363
789,531,227,363
790,534,227,363
791,537,227,363
792,540,227,363
792,542,227,363
792,545,227,363
792,548,227,363
793,550,227,363
793,553,227,363
793,556,227,363
794,558,227,363
794,561,227,363
794,564,227,363
795,567,221,358
795,569,221,358
796,571,221,358
797,573,221,358
798,576,221,358
799,578,221,358
799,580,221,358
800,583,221,358
801,585,221,358
802,587,221,358
803,590,221,357
803,591,221,357
803,593,221,357
804,595,221,357
804,597,221,357
805,599,221,357
805,600,221,357
805,602,221,357
806,604,221,357
806,606,221,357
807,608,221,357
807,607,221,357
808,607,221,357
808,607,221,357
809,606,221,357
810,606,221,357
810,606,221,357
811,605,221,357
811,605,221,357
812,605,221,357
813,605,221,357
813,604,221,357
813,604,221,357
813,604,221,357
814,604,221,357
814,604,221,357
814,603,221,357
815,603,221,357
815,603,221,357
815,603,221,357
816,603,221,357
816,602,221,357
817,601,221,357
817,600,221,357
818,599,221,357
819,599,221,357
819,598,221,357
820,597,221,357
820,596,221,357
821,595,221,357
822,595,221,357
823,594,221,357
824,594,221,357
825,594,221,357
826,594,221,357
827,594,221,357
828,594,221,357
829,594,221,357
830,594,221,357
831,594,221,357
833,594,222,357
833,593,222,357
833,593,222,357
834,593,222,357
834,592,222,357
835,592,222,357
835,592,222,357
835,591,222,357
836,591,222,357
836,591,222,357
837,591,222,357
837,590,222,357
837,590,222,357
837,590,222,357
838,590,222,357
838,590,222,357
838,589,222,357
839,589,222,357
839,589,222,357
839,589,222,357
840,589,222,357
840,588,222,357
841,588,222,357
842,587,222,357
843,587,222,357
844,586,222,357
845,586,222,357
846,585,222,357
847,585,222,357
848,584,222,357
849,584,222,357
849,582,222,357
850,581,222,357
850,580,222,357
851,578,222,357
852,577,222,357
852,576,222,357
853,574,222,357
853,573,222,357
854,572,222,357
855,571,222,357
855,570,222,357
856,569,222,357
857,569,222,357
857,568,222,357
858,568,222,357
859,567,222,357
859,566,222,357
860,566,222,357
861,565,222,357
862,565,222,357
862,564,222,357
862,564,222,357
863,563,222,357
863,563,222,357
864,562,222,357
864,562,222,357
864,561,222,357
865,561,222,357
865,560,222,357
866,560,222,357
866,559,222,357
867,559,222,357
868,558,222,357
868,558,222,357
869,557,222,357
870,557,222,357
870,556,222,357
871,556,222,357
872,555,222,357
873,555,222,357
874,555,222,357
875,555,222,357
876,555,222,357
878,555,222,357
879,556,222,357
880,556,222,357
882,556,222,357
883,556,222,357
884,556,222,357
886,557,218,353
887,557,218,353
888,557,218,353
889,558,218,353
891,558,218,353
892,559,218,353
893,559,218,353
895,559,218,353
896,560,218,353
897,560,218,353
899,561,214,350
899,561,214,350
900,561,214,350
900,561,214,350
901,562,214,350
901,562,214,350
902,562,214,350
902,563,214,350
903,563,214,350
903,563,214,350
904,564,214,350
904,565,214,350
905,567,214,350
906,568,214,350
906,570,214,350
907,571,214,350
908,573,214,350
908,574,214,350
909,576,214,350
910,577,214,350
911,579,214,350
912,579,214,350
914,580,214,350
915,581,214,350
917,581,214,350
918,582,214,350
920,583,214,350
921,583,214,350
923,584,214,350
924,585,214,350
926,586,214,350
926,587,214,350
927,589,214,350
928,591,214,350
929,592,214,350
930,594,214,350
930,596,214,350
931,597,214,350
932,599,214,350
933,601,214,350
934,603,214,350
934,604,214,350
935,605,214,350
936,606,214,350
937,607,214,350
938,608,214,350
939,609,214,350
940,610,214,350
941,611,214,350
942,612,214,350
943,614,214,350
944,615,214,350
945,617,214,350
946,619,214,350
947,621,214,350
949,623,214,350
950,625,214,350
951,627,214,350
952,629,214,350
953,631,214,350
955,633,214,350
956,634,214,350
957,635,214,350
958,637,214,350
959,638,214,350
960,640,214,350
961,641,214,350
962,642,214,350
963,644,214,350
964,645,214,350
966,647,210,348
967,648,210,348
968,650,210,348
969,651,210,348
970,653,210,348
972,655,210,348
973,656,210,348
974,658,210,348
975,659,210,348
976,661,210,348
978,663,210,348
978,664,210,348
979,666,210,348
980,668,210,348
981,670,210,348
982,672,210,348
983,674,210,348
984,676,210,348
985,678,210,348
986,680,210,348
987,682,210,348
987,683,210,348
988,685,210,348
988,686,210,348
989,688,210,348
989,690,210,348
990,691,210,348
990,693,210,348
991,694,210,348
991,696,210,348
992,698,210,348
992,698,210,348
993,699,210,348
994,700,210,348
995,701,210,348
996,702,210,348
997,702,210,348
998,703,210,348
999,704,210,348
1000,705,210,348
1001,706,210,348
1001,707,210,348
1002,708,210,348
1003,710,210,348
1004,711,210,348
1005,713,210,348
1006,714,210,348
1007,715,210,348
1008,717,210,348
1009,718,210,348
1010,720,210,348
1010,720,210,348
1011,721,210,348
1012,722,210,348
1012,723,210,348
1013,724,210,348
1014,724,210,348
1014,725,210,348
1015,726,210,348
1016,727,210,348
1017,728,210,348
1017,728,210,348
1017,728,210,348
1017,728,210,348
1018,728,210,348
1018,728,210,348
1018,728,210,348
1019,728,210,348
1019,728,210,348
1019,728,210,348
1020,728,216,349
1020,727,216,349
1021,727,216,349
1021,726,216,349
1022,726,216,349
1022,726,216,349
1023,725,216,349
1023,725,216,349
1024,724,216,349
1024,724,216,349
1025,724,218,344
1034,712,218,344
1044,700,218,344
1054,688,218,344
1064,676,218,344
1074,664,218,344
1084,652,218,344
1094,640,218,344
1104,628,218,344
1114,616,218,344
1124,605,214,332
1122,604,214,332
1121,603,214,332
1120,602,214,332
1118,601,214,332
1117,601,214,332
1116,600,214,332
1114,599,214,332
1113,598,214,332
1112,597,214,332
1111,597,214,332
1109,596,214,332
1107,595,214,332
1105,594,214,332
1103,594,214,332
1101,593,214,332
1099,592,214,332
1097,592,214,332
1095,591,214,332
1093,590,214,332
1092,590,214,332
1089,589,214,332
1087,589,214,332
1085,589,214,332
1083,588,214,332
1081,588,214,332
1078,588,214,332
1076,587,214,332
1074,587,214,332
1072,587,214,332
1070,587,214,332
1067,586,214,332
1064,585,214,332
1062,584,214,332
1059,584,214,332
1057,583,214,332
1054,582,214,332
1051,582,214,332
1049,581,214,332
1046,580,214,332
1044,580,214,332
1040,579,214,332
1036,579,214,332
1033,579,214,332
1029,578,214,332
1026,578,214,332
1022,578,214,332
1018,577,214,332
1015,577,214,332
1011,577,214,332
1008,577,214,332
1004,576,214,332
1001,576,214,332
998,576,214,332
995,576,214,332
992,576,214,332
988,575,214,332
985,575,214,332
982,575,214,332
979,575,214,332
976,575,214,332
972,575,214,332
969,575,214,332
965,575,214,332
962,575,214,332
958,575,214,332
955,575,214,332
951,575,214,332
948,575,214,332
944,575,214,332
941,575,207,328
938,575,207,328
935,575,207,328
932,575,207,328
930,575,207,328
927,576,207,328
924,576,207,328
922,576,207,328
919,576,207,328
916,576,207,328
914,577,207,328
912,576,207,328
911,576,207,328
910,576,207,328
909,576,207,328
908,576,207,328
906,576,207,328
905,576,207,328
904,576,207,328
903,576,207,328
902,576,207,328
900,575,207,328
899,575,207,328
897,575,207,328
896,574,207,328
894,574,207,328
893,574,207,328
891,573,207,328
890,573,207,328
888,573,207,328
887,573,206,337
886,572,206,337
885,572,206,337
884,572,206,337
883,572,206,337
882,572,206,337
881,572,206,337
880,572,206,337
879,572,206,337
878,572,206,337
878,572,204,334
878,571,204,334
878,571,204,334
878,571,204,334
878,571,204,334
878,571,204,334
878,570,204,334
878,570,204,334
878,570,204,334
878,570,204,334
879,570,208,330
880,569,208,330
882,569,208,330
883,568,208,330
885,568,208,330
886,568,208,330
888,567,208,330
889,567,208,330
891,566,208,330
892,566,208,330
894,566,207,332
895,565,207,332
896,565,207,332
897,564,207,332
898,564,207,332
900,563,207,332
901,563,207,332
902,562,207,332
903,562,207,332
904,561,207,332
906,561,206,328
906,560,206,328
907,559,206,328
907,559,206,328
908,558,206,328
908,558,206,328
909,557,206,328
909,556,206,328
910,556,206,328
910,555,206,328
911,555,207,333
909,554,207,333
907,554,207,333
906,553,207,333
904,553,207,333
903,552,207,333
901,552,207,333
899,551,207,333
898,551,207,333
896,550,207,333
895,550,202,326
893,549,202,326
891,548,202,326
889,547,202,326
887,546,202,326
885,545,202,326
883,544,202,326
881,543,202,326
879,542,202,326
877,541,202,326
876,541,202,326
874,540,202,326
873,540,202,326
871,539,202,326
870,539,202,326
868,538,202,326
867,538,202,326
865,537,202,326
864,537,202,326
862,536,202,326
861,536,201,326
859,534,201,326
857,533,201,326
856,532,201,326
854,531,201,326
853,530,201,326
851,529,201,326
849,528,201,326
848,527,201,326
846,526,201,326
845,525,201,326
844,524,201,326
843,523,201,326
843,522,201,326
842,521,201,326
842,520,201,326
841,519,201,326
840,518,201,326
840,517,201,326
839,516,201,326
839,516,201,326
838,514,201,326
837,513,201,326
836,512,201,326
835,511,201,326
834,510,201,326
833,508,201,326
832,507,201,326
831,506,201,326
830,505,201,326
829,504,201,326
829,502,201,326
829,501,201,326
829,500,201,326
830,498,201,326
830,497,201,326
830,496,201,326
831,494,201,326
831,493,201,326
831,492,201,326
832,491,201,326
832,489,201,326
833,488,201,326
834,487,201,326
835,486,201,326
836,485,201,326
836,484,201,326
837,483,201,326
838,482,201,326
839,481,201,326
840,480,200,320
839,479,200,320
839,478,200,320
839,477,200,320
839,476,200,320
839,475,200,320
838,474,200,320
838,473,200,320
838,472,200,320
838,471,200,320
838,470,200,320
837,468,200,320
837,467,200,320
836,466,200,320
836,465,200,320
836,464,200,320
835,463,200,320
835,462,200,320
834,461,200,320
834,460,200,320
834,459,200,320
834,458,200,320
834,458,200,320
834,458,200,320
834,458,200,320
834,458,200,320
834,457,200,320
834,457,200,320
834,457,200,320
834,457,200,320
835,457,198,318
834,456,198,318
834,456,198,318
833,456,198,318
833,455,198,318
832,455,198,318
832,455,198,318
831,454,198,318
831,454,198,318
830,454,198,318
830,454,198,318
829,453,198,318
829,453,198,318
828,453,198,318
828,452,198,318
828,452,198,318
827,452,198,318
827,451,198,318
826,451,198,318
826,451,198,318
826,451,198,318
826,451,198,318
827,451,198,318
827,451,198,318
828,451,198,318
828,451,198,318
829,451,198,318
829,451,198,318
830,451,198,318
830,451,198,318
831,452,198,318
831,452,198,318
832,452,198,318
832,452,198,318
833,452,198,318
833,453,198,318
834,453,198,318
834,453,198,318
835,453,198,318
835,453,198,318
836,454,198,318
836,454,198,318
836,454,198,318
836,454,198,318
837,454,198,318
837,454,198,318
837,454,198,318
838,454,198,318
838,454,198,318
838,454,198,318
839,455,198,318
839,455,198,318
839,456,198,318
839,457,198,318
839,457,198,318
840,458,198,318
840,459,198,318
840,459,198,318
840,460,198,318
840,461,198,318
841,462,198,318
841,462,198,318
842,462,198,318
843,462,198,318
844,462,198,318
845,462,198,318
846,462,198,318
847,462,198,318
848,462,198,318
849,462,198,318
850,463,198,318
850,464,198,318
851,465,198,318
852,466,198,318
853,468,198,318
854,469,198,318
854,470,198,318
855,472,198,318
856,473,198,318
857,474,198,318
858,476,198,318
858,476,198,318
859,476,198,318
859,476,198,318
860,476,198,318
860,477,198,318
861,477,198,318
861,477,198,318
862,477,198,318
862,477,198,318
863,478,198,318
863,479,198,318
864,480,198,318
865,481,198,318
866,483,198,318
867,484,198,318
868,485,198,318
869,487,198,318
870,488,198,318
871,489,198,318
872,491,200,321
873,492,200,321
875,493,200,321
876,494,200,321
878,495,200,321
879,497,200,321
881,498,200,321
882,499,200,321
884,500,200,321
885,501,200,321
887,503,202,322
888,504,202,322
889,506,202,322
891,508,202,322
892,510,202,322
894,512,202,322
895,514,202,322
896,516,202,322
898,518,202,322
899,520,202,322
901,522,197,325
902,523,197,325
903,525,197,325
904,527,197,325
906,529,197,325
907,531,197,325
908,532,197,325
910,534,197,325
911,536,197,325
912,538,197,325
914,540,202,328
916,542,202,328
918,544,202,328
920,547,202,328
922,549,202,328
924,552,202,328
926,554,202,328
928,556,202,328
930,559,202,328
932,561,202,328
935,564,203,327
936,566,203,327
938,568,203,327
939,570,203,327
941,572,203,327
943,574,203,327
944,576,203,327
946,578,203,327
947,580,203,327
949,582,203,327
951,585,206,331
953,588,206,331
955,591,206,331
958,594,206,331
960,597,206,331
963,600,206,331
965,603,206,331
967,606,206,331
970,609,206,331
972,612,206,331
975,616,202,333
976,618,202,333
978,621,202,333
979,623,202,333
981,626,202,333
983,629,202,333
984,631,202,333
986,634,202,333
987,636,202,333
989,639,202,333
991,642,207,340
992,644,207,340
994,647,207,340
996,649,207,340
997,652,207,340
999,654,207,340
1001,657,207,340
1002,659,207,340
1004,662,207,340
1006,664,207,340
1008,667,208,341
1010,670,208,341
1012,673,208,341
1015,676,208,341
1017,679,208,341
1020,683,208,341
1022,686,208,341
1024,689,208,341
1027,692,208,341
1029,695,208,341
1032,699,208,346
1034,702,208,346
1036,706,208,346
1038,709,208,346
1040,713,208,346
1043,716,208,346
1045,720,208,346
1047,723,208,346
1049,727,208,346
1051,730,208,346
1054,734,208,346
1055,736,208,346
1057,738,208,346
1059,740,208,346
1061,743,208,346
1063,745,208,346
1064,747,208,346
1066,750,208,346
1068,752,208,346
1070,754,208,346
1072,757,214,323
1074,759,214,323
1076,761,214,323
1078,764,214,323
1080,766,214,323
1082,769,214,323
1084,771,214,323
1086,773,214,323
1088,776,214,323
1090,778,214,323
1093,781,212,299
1094,783,212,299
1096,785,212,299
1097,787,212,299
1099,789,212,299
1101,791,212,299
1102,793,212,299
1104,795,212,299
1105,797,212,299
1107,799,212,299
1109,802,213,278
1110,803,213,278
1111,805,213,278
1113,807,213,278
1114,809,213,278
1116,811,213,278
1117,813,213,278
1118,815,213,278
1120,817,213,278
1121,819,213,278
1123,821,218,259
1125,822,218,259
1127,823,218,259
1129,824,218,259
1131,825,218,259
1133,826,218,259
1135,827,218,259
1137,828,218,259
1139,829,218,259
1141,830,218,259
1143,831,211,249
1143,831,211,249
1144,832,211,249
1144,833,211,249
1145,833,211,249
1146,834,211,249
1146,835,211,249
1147,835,211,249
1147,836,211,249
1148,837,211,249
1149,838,213,242
1150,837,213,242
1151,837,213,242
1152,837,213,242
1154,837,213,242
1155,837,213,242
1156,837,213,242
1158,837,213,242
1159,837,213,242
1160,837,213,242
1162,837,214,243
1162,836,214,243
1163,835,214,243
1164,834,214,243
1165,834,214,243
1166,833,214,243
1166,832,214,243
1167,832,214,243
1168,831,214,243
1169,830,214,243
1170,830,212,250
1170,829,212,250
1171,828,212,250
1172,827,212,250
1173,826,212,250
1174,825,212,250
1175,824,212,250
1176,823,212,250
1177,822,212,250
1178,821,212,250
1179,820,214,260
1178,818,214,260
1178,817,214,260
1177,815,214,260
1177,814,214,260
1176,813,214,260
1176,811,214,260
1175,810,214,260
1175,808,214,260
1174,807,214,260
1174,806,224,274
1175,804,224,274
1176,803,224,274
1177,801,224,274
1178,800,224,274
1179,799,224,274
1180,797,224,274
1181,796,224,274
1182,794,224,274
1183,793,224,274
1184,792,213,288
1183,789,213,288
1183,787,213,288
1183,785,213,288
1183,782,213,288
1183,780,213,288
1182,778,213,288
1182,775,213,288
1182,773,213,288
1182,771,213,288
1182,769,216,311
1182,767,216,311
1182,765,216,311
1182,763,216,311
1182,761,216,311
1183,759,216,311
1183,757,216,311
1183,755,216,311
1183,753,216,311
1183,751,216,311
1184,749,214,331
1183,746,214,331
1183,743,214,331
1183,741,214,331
1183,738,214,331
1183,736,214,331
1183,733,214,331
1183,730,214,331
1183,728,214,331
1183,725,214,331
1183,723,210,351
1182,721,210,351
1182,719,210,351
1181,717,210,351
1181,715,210,351
1181,713,210,351
1180,711,210,351
1180,709,210,351
1179,707,210,351
1179,705,210,351
1179,704,209,344
1177,701,209,344
1176,699,209,344
1174,697,209,344
1173,694,209,344
1171,692,209,344
1170,690,209,344
1168,687,209,344
1167,685,209,344
1165,683,209,344
1164,681,209,344
1162,679,209,344
1161,677,209,344
1160,675,209,344
1159,673,209,344
1158,672,209,344
1157,670,209,344
1156,668,209,344
1155,666,209,344
1154,664,209,344
1153,663,209,344
1151,661,209,344
1149,659,209,344
1148,657,209,344
1146,656,209,344
1145,654,209,344
1143,652,209,344
1141,651,209,344
1140,649,209,344
1138,647,209,344
1137,646,209,344
1135,644,209,344
1134,643,209,344
1133,642,209,344
1132,641,209,344
1131,640,209,344
1129,639,209,344
1128,638,209,344
1127,637,209,344
1126,636,209,344
1125,635,209,344
1123,634,209,344
1122,634,209,344
1120,634,209,344
1119,634,209,344
1117,634,209,344
1116,633,209,344
1114,633,209,344
1113,633,209,344
1111,633,209,344
1110,633,202,337
1109,632,202,337
1108,632,202,337
1107,632,202,337
1107,632,202,337
1106,632,202,337
1105,631,202,337
1105,631,202,337
1104,631,202,337
1103,631,202,337
1103,631,202,337
1102,630,202,337
1101,630,202,337
1100,629,202,337
1099,629,202,337
1098,628,202,337
1097,628,202,337
1096,627,202,337
1095,627,202,337
1094,626,202,337
1094,626,202,337
1093,626,202,337
1092,626,202,337
1092,626,202,337
1091,626,202,337
1091,627,202,337
1090,627,202,337
1089,627,202,337
1089,627,202,337
1088,627,202,337
1088,628,202,337
1087,628,202,337
1086,629,202,337
1085,630,202,337
1084,631,202,337
1084,632,202,337
1083,633,202,337
1082,634,202,337
1081,635,202,337
1080,636,202,337
1080,637,202,337
1079,637,202,337
1079,637,202,337
1079,637,202,337
1079,638,202,337
1079,638,202,337
1078,638,202,337
1078,639,202,337
1078,639,202,337
1078,639,202,337
1078,640,205,338
1077,641,205,338
1077,642,205,338
1077,643,205,338
1077,645,205,338
1077,646,205,338
1076,647,205,338
1076,649,205,338
1076,650,205,338
1076,651,205,338
1076,653,204,341
1091,677,204,341
1106,701,204,341
1121,725,204,341
1136,749,204,341
1152,774,204,341
1167,798,204,341
1182,822,204,341
1197,846,204,341
1212,870,204,341
1228,895,230,185
1229,893,230,185
1230,892,230,185
1231,890,230,185
1232,889,230,185
1233,888,230,185
1234,886,230,185
1235,885,230,185
1236,883,230,185
1237,882,230,185
1239,881,220,199
1239,879,220,199
1240,877,220,199
1241,875,220,199
1242,873,220,199
1243,871,220,199
1244,869,220,199
1245,867,220,199
1246,865,220,199
1247,863,220,199
1248,862,228,218
1249,860,228,218
1251,859,228,218
1252,858,228,218
1254,856,228,218
1255,855,228,218
1257,854,228,218
1258,852,228,218
1260,851,228,218
1261,850,228,218
1263,849,216,231
1263,847,216,231
1263,846,216,231
1263,844,216,231
1263,843,216,231
1263,842,216,231
1263,840,216,231
1263,839,216,231
1263,837,216,231
1263,836,216,231
1263,835,225,245
1264,833,225,245
1266,832,225,245
1267,830,225,245
1269,829,225,245
1271,828,225,245
1272,826,225,245
1274,825,225,245
1275,823,225,245
1277,822,225,245
1279,821,222,259
1279,819,222,259
1279,818,222,259
1280,817,222,259
1280,816,222,259
1281,815,222,259
1281,813,222,259
1281,812,222,259
1282,811,222,259
1282,810,222,259
1283,809,218,271
1284,807,218,271
1285,806,218,271
1286,805,218,271
1288,804,218,271
1289,803,218,271
1290,802,218,271
1292,801,218,271
1293,800,218,271
1294,799,218,271
1296,798,224,282
1296,797,224,282
1297,796,224,282
1298,795,224,282
1298,794,224,282
1299,793,224,282
1300,792,224,282
1300,791,224,282
1301,790,224,282
1302,789,224,282
1303,788,224,292
1304,787,224,292
1305,786,224,292
1307,785,224,292
1308,785,224,292
1310,784,224,292
1311,783,224,292
1312,783,224,292
1314,782,224,292
1315,781,224,292
1317,781,215,299
1317,780,215,299
1317,780,215,299
1318,779,215,299
1318,779,215,299
1319,779,215,299
1319,778,215,299
1319,778,215,299
1320,777,215,299
1320,777,215,299
1321,777,215,303
1322,776,215,303
1323,775,215,303
1324,775,215,303
1325,774,215,303
1326,774,215,303
1327,773,215,303
1328,772,215,303
1329,772,215,303
1330,771,215,303
1332,771,220,309
1333,770,220,309
1334,769,220,309
1335,768,220,309
1336,768,220,309
1337,767,220,309
1338,766,220,309
1339,766,220,309
1340,765,220,309
1341,764,220,309
1342,764,220,316
1343,763,220,316
1344,763,220,316
1345,762,220,316
1346,762,220,316
1347,762,220,316
1348,761,220,316
1349,761,220,316
1350,760,220,316
1351,760,220,316
1352,760,224,320
1352,760,224,320
1353,760,224,320
1354,760,224,320
1355,760,224,320
1356,761,224,320
1357,761,224,320
1358,761,224,320
1359,761,224,320
1360,761,224,320
1361,762,216,318
1361,762,216,318
1361,763,216,318
1361,763,216,318
1361,764,216,318
1361,764,216,318
1361,765,216,318
1361,765,216,318
1361,766,216,318
1361,766,216,318
1362,767,221,313
1362,767,221,313
1362,767,221,313
1362,768,221,313
1362,768,221,313
1362,769,221,313
1362,769,221,313
1362,769,221,313
1362,770,221,313
1362,770,221,313
1363,771,232,309
1363,772,232,309
1364,773,232,309
1365,774,232,309
1365,775,232,309
1366,776,232,309
1367,777,232,309
1367,778,232,309
1368,779,232,309
1369,780,232,309
1370,781,228,299
1371,780,228,299
1372,780,228,299
1373,779,228,299
1374,779,228,299
1375,779,228,299
1376,778,228,299
1377,778,228,299
1378,777,228,299
1379,777,228,299
1381,777,224,303
1381,779,224,303
1381,781,224,303
1381,783,224,303
1381,786,224,303
1381,788,224,303
1381,790,224,303
1381,793,224,303
1381,795,224,303
1381,797,224,303
1381,800,226,280
1380,801,226,280
1380,802,226,280
1379,803,226,280
1379,805,226,280
1378,806,226,280
1378,807,226,280
1377,809,226,280
1377,810,226,280
1376,811,226,280
1376,813,225,267
1376,814,225,267
1377,815,225,267
1377,816,225,267
1378,817,225,267
1379,819,225,267
1379,820,225,267
1380,821,225,267
1380,822,225,267
1381,823,225,267
1382,825,215,255
1381,826,215,255
1381,827,215,255
1381,828,215,255
1381,829,215,255
1381,830,215,255
1381,831,215,255
1381,832,215,255
1381,833,215,255
1381,834,215,255
1381,835,223,245
1381,837,223,245
1382,839,223,245
1383,841,223,245
1383,843,223,245
1384,845,223,245
1385,847,223,245
1385,849,223,245
1386,851,223,245
1387,853,223,245
1388,855,224,225
1388,855,224,225
1388,856,224,225
1388,857,224,225
1388,858,224,225
1388,859,224,225
1388,859,224,225
1388,860,224,225
1388,861,224,225
1388,862,224,225
1389,863,219,217
1389,864,219,217
1389,865,219,217
1390,866,219,217
1390,867,219,217
1391,868,219,217
1391,869,219,217
1391,870,219,217
1392,871,219,217
1392,872,219,217
1393,874,218,206
1393,875,218,206
1393,876,218,206
1393,877,218,206
1393,878,218,206
1394,879,218,206
1394,880,218,206
1394,881,218,206
1394,882,218,206
1394,883,218,206
1395,884,217,196
1395,883,217,196
1395,883,217,196
1396,883,217,196
1396,883,217,196
1397,883,217,196
1397,882,217,196
1397,882,217,196
1398,882,217,196
1398,882,217,196
1399,882,226,198
1399,881,226,198
1400,881,226,198
1400,880,226,198
1401,880,226,198
1401,879,226,198
1402,879,226,198
1402,878,226,198
1403,878,226,198
1403,877,226,198
1404,877,222,203
1404,876,222,203
1405,876,222,203
1406,876,222,203
1406,875,222,203
1407,875,222,203
1408,875,222,203
1408,874,222,203
1409,874,222,203
1410,874,222,203
1411,874,216,206
1411,873,216,206
1411,873,216,206
1411,872,216,206
1411,872,216,206
1412,872,216,206
1412,871,216,206
1412,871,216,206
1412,870,216,206
1412,870,216,206
1413,870,224,210
1413,869,224,210
1413,869,224,210
1413,869,224,210
1413,868,224,210
1414,868,224,210
1414,868,224,210
1414,867,224,210
1414,867,224,210
1414,867,224,210
1415,867,218,213
1415,865,218,213
1415,864,218,213
1415,863,218,213
1415,862,218,213
1415,861,218,213
1415,859,218,213
1415,858,218,213
1415,857,218,213
1415,856,218,213
1415,855,223,225
1415,854,223,225
1416,853,223,225
1416,853,223,225
1417,852,223,225
1418,852,223,225
1418,851,223,225
1419,850,223,225
1419,850,223,225
1420,849,223,225
1421,849,226,231
1421,847,226,231
1422,845,226,231
1422,843,226,231
1423,842,226,231
1423,840,226,231
1424,838,226,231
1424,837,226,231
1425,835,226,231
1425,833,226,231
1426,832,228,248
1425,830,228,248
1425,828,228,248
1425,827,228,248
1424,825,228,248
1424,824,228,248
1424,822,228,248
1423,820,228,248
1423,819,228,248
1423,817,228,248
1423,816,234,264
1424,815,234,264
1425,814,234,264
1426,813,234,264
1427,812,234,264
1428,811,234,264
1429,810,234,264
1430,809,234,264
1431,808,234,264
1432,807,234,264
1433,807,230,273
1433,806,230,273
1434,805,230,273
1434,804,230,273
1435,803,230,273
1436,802,230,273
1436,801,230,273
1437,800,230,273
1437,799,230,273
1438,798,230,273
1439,798,227,282
1439,796,227,282
1439,795,227,282
1439,794,227,282
1439,792,227,282
1439,791,227,282
1439,790,227,282
1439,788,227,282
1439,787,227,282
1439,786,227,282
1440,785,223,295
1441,783,223,295
1442,782,223,295
1443,781,223,295
1444,780,223,295
1445,779,223,295
1446,777,223,295
1447,776,223,295
1448,775,223,295
1449,774,223,295
1450,773,225,307
1450,772,225,307
1450,772,225,307
1450,772,225,307
1450,771,225,307
1450,771,225,307
1450,771,225,307
1450,770,225,307
1450,770,225,307
1450,770,225,307
1451,770,226,310
1452,769,226,310
1453,769,226,310
1454,769,226,310
1456,768,226,310
1457,768,226,310
1458,768,226,310
1460,767,226,310
1461,767,226,310
1462,767,226,310
1464,767,224,313
1464,766,224,313
1465,765,224,313
1466,764,224,313
1467,764,224,313
1468,763,224,313
1468,762,224,313
1469,762,224,313
1470,761,224,313
1471,760,224,313
1472,760,223,320
1472,759,223,320
1473,759,223,320
1473,758,223,320
1474,758,223,320
1475,758,223,320
1475,757,223,320
1476,757,223,320
1476,756,223,320
1477,756,223,320
1478,756,223,324
1479,755,223,324
1480,754,223,324
1481,753,223,324
1482,753,223,324
1483,752,223,324
1484,751,223,324
1485,751,223,324
1486,750,223,324
1487,749,223,324
1489,749,223,331
1490,749,223,331
1491,749,223,331
1492,749,223,331
1493,750,223,331
1495,750,223,331
1496,750,223,331
1497,751,223,331
1498,751,223,331
1499,751,223,331
1501,752,217,328
1501,751,217,328
1501,751,217,328
1502,750,217,328
1502,750,217,328
1503,750,217,328
1503,749,217,328
1503,749,217,328
1504,748,217,328
1504,748,217,328
1505,748,225,332
1505,748,225,332
1506,748,225,332
1507,748,225,332
1507,748,225,332
1508,748,225,332
1509,748,225,332
1509,748,225,332
1510,748,225,332
1511,748,225,332
1512,748,228,332
1513,747,228,332
1514,747,228,332
1515,746,228,332
1516,746,228,332
1517,746,228,332
1518,745,228,332
1519,745,228,332
1520,744,228,332
1521,744,228,332
1523,744,228,336
1523,743,228,336
1523,743,228,336
1523,743,228,336
1523,742,228,336
1523,742,228,336
1523,742,228,336
1523,741,228,336
1523,741,228,336
1523,741,228,336
1524,741,227,339
1525,740,227,339
1526,740,227,339
1527,740,227,339
1528,739,227,339
1529,739,227,339
1530,739,227,339
1531,738,227,339
1532,738,227,339
1533,738,227,339
1535,738,230,342
1535,738,230,342
1536,738,230,342
1536,738,230,342
1537,738,230,342
1538,738,230,342
1538,738,230,342
1539,738,230,342
1539,738,230,342
1540,738,230,342
1541,739,224,341
1540,738,224,341
1540,737,224,341
1540,736,224,341
1540,736,224,341
1540,735,224,341
1540,734,224,341
1540,734,224,341
1540,733,224,341
1540,732,224,341
1540,732,228,348
1540,732,228,348
1540,732,228,348
1540,732,228,348
1540,732,228,348
1540,733,228,348
1540,733,228,348
1540,733,228,348
1540,733,228,348
1540,733,228,348
1540,734,226,346
1539,733,226,346
1538,732,226,346
1537,731,226,346
1536,730,226,346
1535,729,226,346
1534,728,226,346
1533,727,226,346
1532,726,226,346
1531,725,226,346
1530,725,228,355
1529,724,228,355
1528,723,228,355
1528,722,228,355
1527,721,228,355
1527,720,228,355
1526,719,228,355
1525,718,228,355
1525,717,228,355
1524,716,228,355
1524,716,229,355
1523,714,229,355
1523,713,229,355
1522,711,229,355
1522,710,229,355
1521,709,229,355
1521,707,229,355
1520,706,229,355
1520,704,229,355
1519,703,229,355
1519,702,225,356
1516,700,225,356
1514,698,225,356
1512,697,225,356
1510,695,225,356
1508,694,225,356
1506,692,225,356
1504,690,225,356
1502,689,225,356
1500,687,225,356
1498,686,228,346
1497,684,228,346
1496,682,228,346
1495,680,228,346
1494,678,228,346
1493,676,228,346
1492,674,228,346
1491,672,228,346
1490,670,228,346
1489,668,228,346
1488,666,217,348
1485,664,217,348
1483,662,217,348
1481,660,217,348
1478,658,217,348
1476,656,217,348
1474,654,217,348
1471,652,217,348
1469,650,217,348
1467,648,217,348
1465,646,222,345
1461,643,222,345
1458,640,222,345
1455,637,222,345
1452,635,222,345
1449,632,222,345
1446,629,222,345
1443,627,222,345
1440,624,222,345
1437,621,222,345
1434,619,221,341
1430,616,221,341
1427,614,221,341
1424,612,221,341
1421,609,221,341
1418,607,221,341
1415,605,221,341
1412,602,221,341
1409,600,221,341
1406,598,221,341
1403,596,225,341
1400,593,225,341
1397,590,225,341
1394,587,225,341
1391,585,225,341
1389,582,225,341
1386,579,225,341
1383,577,225,341
1380,574,225,341
1377,571,225,341
1375,569,225,341
1371,566,225,341
1367,563,225,341
1363,560,225,341
1360,558,225,341
1356,555,225,341
1352,552,225,341
1349,550,225,341
1345,547,225,341
1341,544,225,341
1338,542,225,341
1335,540,225,341
1332,538,225,341
1329,536,225,341
1326,534,225,341
1323,533,225,341
1320,531,225,341
1317,529,225,341
1314,527,225,341
1311,525,225,341
1308,524,219,336
1304,522,219,336
1300,520,219,336
1296,518,219,336
1292,516,219,336
1289,514,219,336
1285,512,219,336
1281,510,219,336
1277,508,219,336
1273,506,219,336
1270,505,224,339
1268,504,224,339
1266,503,224,339
1264,502,224,339
1262,501,224,339
1260,500,224,339
1258,499,224,339
1256,498,224,339
1254,497,224,339
1252,496,224,339
1250,495,218,330
1247,494,218,330
1244,493,218,330
1242,492,218,330
1239,491,218,330
1237,490,218,330
1234,489,218,330
1231,488,218,330
1229,487,218,330
1226,486,218,330
1224,485,218,330
1222,484,218,330
1220,483,218,330
1218,482,218,330
1216,481,218,330
1215,480,218,330
1213,479,218,330
1211,478,218,330
1209,477,218,330
1207,476,218,330
1206,476,213,326
1204,475,213,326
1203,474,213,326
1201,473,213,326
1200,472,213,326
1198,471,213,326
1197,470,213,326
1195,469,213,326
1194,468,213,326
1192,467,213,326
1191,467,213,331
1189,466,213,331
1188,465,213,331
1187,465,213,331
1185,464,213,331
1184,464,213,331
1183,463,213,331
1181,462,213,331
1180,462,213,331
1179,461,213,331
1178,461,208,327
1176,460,208,327
1174,460,208,327
1172,460,208,327
1171,460,208,327
1169,460,208,327
1167,459,208,327
1166,459,208,327
1164,459,208,327
1162,459,208,327
1161,459,219,329
1160,459,219,329
1159,459,219,329
1158,459,219,329
1157,459,219,329
1157,460,219,329
1156,460,219,329
1155,460,219,329
1154,460,219,329
1153,460,219,329
1153,461,212,325
1152,460,212,325
1151,460,212,325
1150,460,212,325
1150,460,212,325
1149,460,212,325
1148,459,212,325
1148,459,212,325
1147,459,212,325
1146,459,212,325
1146,459,212,329
1164,479,212,329
1183,499,212,329
1201,519,212,329
1220,539,212,329
1239,559,212,329
1257,579,212,329
1276,599,212,329
1294,619,212,329
1313,639,212,329
1332,659,223,347
1332,657,223,347
1332,655,223,347
1332,653,223,347
1332,652,223,347
1332,650,223,347
1332,648,223,347
1332,647,223,347
1332,645,223,347
1332,643,223,347
1333,642,223,347
1333,641,223,347
1333,640,223,347
1334,639,223,347
1334,638,223,347
1335,637,223,347
1335,636,223,347
1335,635,223,347
1336,634,223,347
1336,633,223,347
1337,633,222,343
1338,631,222,343
1339,629,222,343
1340,627,222,343
1341,626,222,343
1343,624,222,343
1344,622,222,343
1345,621,222,343
1346,619,222,343
1347,617,222,343
1349,616,223,341
1348,615,223,341
1348,614,223,341
1348,613,223,341
1347,612,223,341
1347,612,223,341
1347,611,223,341
1346,610,223,341
1346,609,223,341
1346,608,223,341
1346,608,223,341
1347,606,223,341
1348,605,223,341
1349,603,223,341
1350,602,223,341
1351,600,223,341
1352,599,223,341
1353,597,223,341
1354,596,223,341
1355,594,223,341
1356,593,219,337
1356,591,219,337
1356,590,219,337
1356,588,219,337
1357,587,219,337
1357,585,219,337
1357,584,219,337
1358,582,219,337
1358,581,219,337
1358,579,219,337
1359,578,221,335
1360,576,221,335
1361,575,221,335
1362,573,221,335
1363,572,221,335
1365,571,221,335
1366,569,221,335
1367,568,221,335
1368,566,221,335
1369,565,221,335
1371,564,215,333
1371,562,215,333
1371,561,215,333
1371,560,215,333
1371,559,215,333
1372,558,215,333
1372,556,215,333
1372,555,215,333
1372,554,215,333
1372,553,215,333
1373,552,217,334
1373,550,217,334
1374,549,217,334
1375,547,217,334
1375,546,217,334
1376,544,217,334
1377,543,217,334
1377,541,217,334
1378,540,217,334
1379,538,217,334
1380,537,217,331
1380,535,217,331
1381,533,217,331
1381,531,217,331
1382,529,217,331
1383,528,217,331
1383,526,217,331
1384,524,217,331
1384,522,217,331
1385,520,217,331
1386,519,217,331
1386,517,217,331
1387,516,217,331
1388,515,217,331
1389,513,217,331
1390,512,217,331
1390,511,217,331
1391,509,217,331
1392,508,217,331
1393,507,217,331
1394,506,217,330
1394,504,217,330
1394,502,217,330
1394,500,217,330
1394,498,217,330
1394,497,217,330
1394,495,217,330
1394,493,217,330
1394,491,217,330
1394,489,217,330
1395,488,220,326
1396,486,220,326
1397,485,220,326
1398,484,220,326
1399,482,220,326
1400,481,220,326
1401,480,220,326
1402,478,220,326
1403,477,220,326
1404,476,220,326
1406,475,215,324
1406,473,215,324
1406,472,215,324
1406,470,215,324
1406,469,215,324
1407,468,215,324
1407,466,215,324
1407,465,215,324
1407,463,215,324
1407,462,215,324
1408,461,218,323
1408,459,218,323
1409,457,218,323
1410,456,218,323
1410,454,218,323
1411,453,218,323
1412,451,218,323
1412,449,218,323
1413,448,218,323
1414,446,218,323
1415,445,214,322
1415,443,214,322
1416,442,214,322
1416,441,214,322
1417,440,214,322
1417,439,214,322
1418,438,214,322
1418,437,214,322
1419,436,214,322
1419,435,214,322
1420,434,214,322
1421,432,214,322
1422,431,214,322
1423,429,214,322
1424,428,214,322
1425,426,214,322
1426,425,214,322
1427,423,214,322
1428,422,214,322
1429,420,214,322
1431,419,218,325
1431,418,218,325
1431,417,218,325
1431,416,218,325
1431,415,218,325
1432,414,218,325
1432,413,218,325
1432,412,218,325
1432,411,218,325
1432,410,218,325
1433,409,215,321
1433,408,215,321
1434,407,215,321
1435,406,215,321
1436,405,215,321
1437,405,215,321
1438,404,215,321
1439,403,215,321
1440,402,215,321
1441,401,215,321
1442,401,215,321
1442,400,215,321
1443,400,215,321
1444,400,215,321
1445,400,215,321
1446,400,215,321
1447,400,215,321
1448,400,215,321
1449,400,215,321
1450,400,215,321
1451,400,215,321
1451,400,215,321
1451,400,215,321
1452,400,215,321
1452,400,215,321
1453,400,215,321
1453,400,215,321
1453,400,215,321
1454,400,215,321
1454,400,215,321
1455,400,215,321
1456,401,215,321
1457,402,215,321
1458,403,215,321
1459,404,215,321
1460,406,215,321
1461,407,215,321
1462,408,215,321
1463,409,215,321
1464,410,215,321
1465,412,215,321
1465,412,215,321
1465,413,215,321
1465,413,215,321
1465,414,215,321
1465,415,215,321
1465,415,215,321
1465,416,215,321
1465,416,215,321
1465,417,215,321
1466,418,215,321
1466,418,215,321
1466,419,215,321
1466,420,215,321
1467,421,215,321
1467,422,215,321
1467,423,215,321
1468,424,215,321
1468,425,215,321
1468,426,215,321
1469,427,217,323
1469,429,217,323
1470,431,217,323
1470,433,217,323
1471,435,217,323
1472,437,217,323
1472,439,217,323
1473,441,217,323
1473,443,217,323
1474,445,217,323
1475,447,217,323
1475,448,217,323
1476,449,217,323
1476,451,217,323
1477,452,217,323
1478,454,217,323
1478,455,217,323
1479,456,217,323
1479,458,217,323
1480,459,217,323
1481,461,217,323
1481,462,217,323
1482,464,217,323
1482,465,217,323
1483,467,217,323
1483,469,217,323
1484,470,217,323
1484,472,217,323
1485,473,217,323
1485,475,217,323
1486,477,218,327
1486,478,218,327
1487,480,218,327
1488,481,218,327
1489,483,218,327
1490,485,218,327
1491,486,218,327
1492,488,218,327
1493,489,218,327
1494,491,218,327
1495,493,218,334
1495,495,218,334
1496,497,218,334
1496,499,218,334
1497,502,218,334
1497,504,218,334
1498,506,218,334
1498,509,218,334
1499,511,218,334
1499,513,218,334
1500,516,221,332
1500,517,221,332
1501,519,221,332
1501,521,221,332
1502,523,221,332
1503,525,221,332
1503,526,221,332
1504,528,221,332
1504,530,221,332
1505,532,221,332
1506,534,221,332
1506,535,221,332
1507,537,221,332
1508,538,221,332
1509,540,221,332
1510,542,221,332
1511,543,221,332
1512,545,221,332
1513,546,221,332
1514,548,221,332
1515,550,226,336
1515,552,226,336
1516,554,226,336
1517,556,226,336
1518,558,226,336
1519,560,226,336
1519,562,226,336
1520,564,226,336
1521,566,226,336
1522,568,226,336
1523,570,228,337
1523,571,228,337
1524,572,228,337
1525,574,228,337
1525,575,228,337
1526,577,228,337
1527,578,228,337
1527,579,228,337
1528,581,228,337
1529,582,228,337
1530,584,228,340
1530,585,228,340
1531,586,228,340
1531,587,228,340
1532,588,228,340
1533,589,228,340
1533,590,228,340
1534,591,228,340
1534,592,228,340
1535,593,228,340
1536,594,230,345
1536,594,230,345
1537,595,230,345
1537,595,230,345
1538,596,230,345
1539,596,230,345
1539,597,230,345
1540,597,230,345
1540,598,230,345
1541,598,230,345
1542,599,230,345
1542,599,230,345
1542,600,230,345
1543,601,230,345
1543,601,230,345
1544,602,230,345
1544,603,230,345
1544,603,230,345
1545,604,230,345
1545,605,230,345
1546,606,230,345
1547,606,230,345
1548,606,230,345
1549,607,230,345
1550,607,230,345
1551,608,230,345
1552,608,230,345
1553,608,230,345
1554,609,230,345
1555,609,230,345
1557,610,230,345
1557,610,230,345
1557,610,230,345
1557,611,230,345
1557,611,230,345
1558,612,230,345
1558,612,230,345
1558,612,230,345
1558,613,230,345
1558,613,230,345
1559,614,230,345
1559,613,230,345
1559,613,230,345
1559,613,230,345
1559,613,230,345
1559,613,230,345
1559,612,230,345
1559,612,230,345
1559,612,230,345
1559,612,230,345
1560,612,230,345
1560,611,230,345
1560,611,230,345
1560,611,230,345
1560,611,230,345
1560,611,230,345
1560,611,230,345
1560,611,230,345
1560,611,230,345
1560,611,230,345
1560,611,230,345
1559,611,230,345
1558,611,230,345
1557,611,230,345
1556,611,230,345
1555,611,230,345
1554,611,230,345
1553,611,230,345
1552,611,230,345
1551,611,230,345
1551,611,233,340
1550,610,233,340
1549,610,233,340
1548,609,233,340
1548,609,233,340
1547,609,233,340
1546,608,233,340
1546,608,233,340
1545,607,233,340
1544,607,233,340
1544,607,233,340
1542,606,233,340
1541,606,233,340
1540,605,233,340
1538,605,233,340
1537,605,233,340
1536,604,233,340
1534,604,233,340
1533,603,233,340
1532,603,233,340
1531,603,231,340
1529,602,231,340
1528,601,231,340
1526,600,231,340
1525,599,231,340
1523,598,231,340
1522,597,231,340
1520,596,231,340
1519,595,231,340
1517,594,231,340
1516,594,231,340
1513,592,231,340
1511,591,231,340
1509,590,231,340
1506,589,231,340
1504,588,231,340
1502,586,231,340
1499,585,231,340
1497,584,231,340
1495,583,231,340
1493,582,231,340
1490,580,231,340
1488,579,231,340
1485,577,231,340
1483,576,231,340
1481,574,231,340
1478,573,231,340
1476,571,231,340
1473,570,231,340
1471,568,231,340
1469,567,231,340
1465,565,231,340
1461,564,231,340
1458,562,231,340
1454,561,231,340
1451,559,231,340
1447,558,231,340
1443,556,231,340
1440,555,231,340
1436,553,231,340
1433,552,230,335
1430,550,230,335
1427,549,230,335
1424,548,230,335
1421,547,230,335
1418,546,230,335
1415,544,230,335
1412,543,230,335
1409,542,230,335
1406,541,230,335
1404,540,226,329
1401,538,226,329
1399,537,226,329
1396,536,226,329
1394,535,226,329
1391,534,226,329
1389,532,226,329
1386,531,226,329
1384,530,226,329
1381,529,226,329
1379,528,220,327
1376,526,220,327
1373,525,220,327
1370,524,220,327
1367,523,220,327
1364,522,220,327
1361,520,220,327
1358,519,220,327
1355,518,220,327
1352,517,220,327
1349,516,220,328
1346,514,220,328
1343,513,220,328
1340,512,220,328
1337,510,220,328
1334,509,220,328
1331,508,220,328
1328,506,220,328
1325,505,220,328
1322,504,220,328
1319,503,218,323
1316,502,218,323
1314,501,218,323
1312,500,218,323
1310,499,218,323
1308,498,218,323
1306,497,218,323
1304,496,218,323
1302,495,218,323
1300,494,218,323
1298,494,215,323
1295,493,215,323
1293,492,215,323
1290,491,215,323
1288,490,215,323
1286,489,215,323
1283,488,215,323
1281,487,215,323
1278,486,215,323
1276,485,215,323
1274,485,215,323
1272,483,215,323
1270,482,215,323
1269,481,215,323
1267,480,215,323
1266,479,215,323
1264,477,215,323
1262,476,215,323
1261,475,215,323
1259,474,215,323
1258,473,214,327
1256,472,214,327
1255,472,214,327
1254,471,214,327
1252,471,214,327
1251,470,214,327
1250,470,214,327
1248,469,214,327
1247,469,214,327
1246,468,214,327
1245,468,215,323
1243,467,215,323
1241,466,215,323
1239,465,215,323
1238,464,215,323
1236,463,215,323
1234,462,215,323
1233,461,215,323
1231,460,215,323
1229,459,215,323
1228,458,210,320
1226,457,210,320
1225,456,210,320
1224,455,210,320
1223,455,210,320
1222,454,210,320
1220,453,210,320
1219,453,210,320
1218,452,210,320
1217,451,210,320
1216,451,210,320
1215,450,210,320
1214,449,210,320
1213,448,210,320
1213,447,210,320
1212,446,210,320
1211,445,210,320
1211,444,210,320
1210,443,210,320
1209,442,210,320
1209,441,213,329
1208,440,213,329
1207,440,213,329
1206,439,213,329
1205,439,213,329
1204,438,213,329
1203,438,213,329
1202,437,213,329
1201,437,213,329
1200,436,213,329
1200,436,213,328
1200,436,213,328
1201,436,213,328
1201,436,213,328
1202,436,213,328
1202,436,213,328
1203,436,213,328
1203,436,213,328
1204,436,213,328
1204,436,213,328
1205,437,207,322
1204,437,207,322
1203,437,207,322
1202,437,207,322
1201,437,207,322
1201,437,207,322
1200,437,207,322
1199,437,207,322
1198,437,207,322
1197,437,207,322
1197,437,211,325
1197,437,211,325
1197,438,211,325
1197,439,211,325
1197,440,211,325
1198,441,211,325
1198,442,211,325
1198,443,211,325
1198,444,211,325
1198,445,211,325
1199,446,206,325
1199,447,206,325
1199,448,206,325
1199,450,206,325
1199,451,206,325
1199,453,206,325
1199,454,206,325
1199,455,206,325
1199,457,206,325
1199,458,206,325
1199,460,206,327
1216,502,206,327
1233,544,206,327
1250,586,206,327
1267,628,206,327
1284,671,206,327
1301,713,206,327
1318,755,206,327
1335,797,206,327
1352,839,206,327
1369,882,228,198
1369,880,228,198
1370,879,228,198
1370,877,228,198
1371,876,228,198
1372,874,228,198
1372,873,228,198
1373,871,228,198
1373,870,228,198
1374,868,228,198
1375,867,222,213
1375,865,222,213
1376,863,222,213
1376,861,222,213
1377,860,222,213
1377,858,222,213
1378,856,222,213
1378,855,222,213
1379,853,222,213
1379,851,222,213
1380,850,217,230
1379,848,217,230
1379,846,217,230
1378,844,217,230
1378,842,217,230
1377,840,217,230
1377,838,217,230
1376,836,217,230
1376,834,217,230
1375,832,217,230
1375,831,225,249
1376,830,225,249
1377,829,225,249
1378,828,225,249
1379,827,225,249
1380,826,225,249
1381,825,225,249
1382,824,225,249
1383,823,225,249
1384,822,225,249
1386,821,219,259
1386,819,219,259
1386,817,219,259
1386,816,219,259
1386,814,219,259
1387,813,219,259
1387,811,219,259
1387,809,219,259
1387,808,219,259
1387,806,219,259
1388,805,223,275
1388,803,223,275
1389,801,223,275
1390,799,223,275
1390,798,223,275
1391,796,223,275
1392,794,223,275
1392,793,223,275
1393,791,223,275
1394,789,223,275
1395,788,228,292
1395,786,228,292
1396,785,228,292
1397,784,228,292
1398,783,228,292
1399,782,228,292
1399,781,228,292
1400,780,228,292
1401,779,228,292
1402,778,228,292
1403,777,219,303
1404,776,219,303
1406,775,219,303
1407,774,219,303
1409,773,219,303
1411,772,219,303
1412,771,219,303
1414,770,219,303
1415,769,219,303
1417,768,219,303
1419,767,219,313
1420,766,219,313
1421,766,219,313
1422,766,219,313
1423,766,219,313
1425,766,219,313
1426,766,219,313
1427,766,219,313
1428,766,219,313
1429,766,219,313
1431,766,216,314
1432,766,216,314
1434,767,216,314
1436,768,216,314
1438,769,216,314
1440,770,216,314
1442,771,216,314
1444,772,216,314
1446,773,216,314
1448,774,216,314
1450,775,212,305
1451,777,212,305
1453,779,212,305
1455,781,212,305
1456,783,212,305
1458,785,212,305
1460,787,212,305
1461,789,212,305
1463,791,212,305
1465,793,212,305
1467,795,216,285
1469,796,216,285
1471,798,216,285
1473,800,216,285
1476,802,216,285
1478,804,216,285
1480,806,216,285
1483,808,216,285
1485,810,216,285
1487,812,216,285
1490,814,218,266
1492,816,218,266
1494,819,218,266
1496,822,218,266
1498,824,218,266
1500,827,218,266
1502,830,218,266
1504,832,218,266
1506,835,218,266
1508,838,218,266
1511,841,212,239
1513,844,212,239
1515,847,212,239
1517,850,212,239
1520,854,212,239
1522,857,212,239
1524,860,212,239
1527,864,212,239
1529,867,212,239
1531,870,212,239
1534,874,219,206
1534,874,219,206
1534,874,219,206
1534,874,219,206
1534,874,219,206
1534,874,219,206
1534,874,219,206
1534,874,219,206
1534,874,219,206
1534,874,219,206
