1080,656,129,98
1079,655,129,98
1078,654,129,98
1077,653,129,98
1077,652,129,98
1076,652,129,98
1075,651,129,98
1075,650,129,98
1074,649,129,98
1073,648,129,98
1073,648,123,96
1072,647,123,96
1072,646,123,96
1072,645,123,96
1071,644,123,96
1071,643,123,96
1071,642,123,96
1070,641,123,96
1070,640,123,96
1070,639,123,96
1070,638,116,99
1069,636,116,99
1068,635,116,99
1068,634,116,99
1067,633,116,99
1067,632,116,99
1066,631,116,99
1065,630,116,99
1065,629,116,99
1064,628,116,99
1064,627,109,102
1063,625,109,102
1063,624,109,102
1062,623,109,102
1062,622,109,102
1061,621,109,102
1061,619,109,102
1060,618,109,102
1060,617,109,102
1059,616,109,102
1059,615,104,98
1058,613,104,98
1057,612,104,98
1056,610,104,98
1056,609,104,98
1055,607,104,98
1054,606,104,98
1054,604,104,98
1053,603,104,98
1052,601,104,98
1052,600,104,96
1051,598,104,96
1051,597,104,96
1051,595,104,96
1050,594,104,96
1050,592,104,96
1050,591,104,96
1049,589,104,96
1049,588,104,96
1049,586,104,96
1049,585,96,97
1048,583,96,97
1048,582,96,97
1048,581,96,97
1048,579,96,97
1048,578,96,97
1048,577,96,97
1048,575,96,97
1048,574,96,97
1048,573,96,97
1048,572,90,95
1047,570,90,95
1047,568,90,95
1046,566,90,95
1046,564,90,95
1045,562,90,95
1045,560,90,95
1044,558,90,95
1044,556,90,95
1043,554,90,95
1043,553,86,99
1042,551,86,99
1042,549,86,99
1041,547,86,99
1041,546,86,99
1041,544,86,99
1040,542,86,99
1040,541,86,99
1039,539,86,99
1039,537,86,99
1039,536,86,101
1039,534,86,101
1039,532,86,101
1039,531,86,101
1039,529,86,101
1039,528,86,101
1039,526,86,101
1039,524,86,101
1039,523,86,101
1039,521,86,101
1039,520,85,104
1039,519,85,104
1039,518,85,104
1039,517,85,104
1039,516,85,104
1039,515,85,104
1039,514,85,104
1039,513,85,104
1039,512,85,104
1039,511,85,104
1040,511,79,97
1039,509,79,97
1039,508,79,97
1039,506,79,97
1039,505,79,97
1039,503,79,97
1039,502,79,97
1039,500,79,97
1039,499,79,97
1039,497,79,97
1039,496,78,96
1039,494,78,96
1039,493,78,96
1039,491,78,96
1040,490,78,96
1040,488,78,96
1040,487,78,96
1041,485,78,96
1041,484,78,96
1041,482,78,96
1042,481,77,96
1042,479,77,96
1042,478,77,96
1042,477,77,96
1042,476,77,96
1042,475,77,96
1042,474,77,96
1042,473,77,96
1042,472,77,96
1042,471,77,96
1042,470,77,99
1000,451,77,99
959,433,77,99
917,414,77,99
876,396,77,99
835,377,77,99
793,359,77,99
752,340,77,99
710,322,77,99
669,303,77,99
628,285,80,97
643,284,80,97
658,283,80,97
673,282,80,97
688,281,80,97
703,280,80,97
718,279,80,97
733,278,80,97
748,277,80,97
763,276,80,97
778,276,84,95
777,275,84,95
777,274,84,95
776,273,84,95
776,272,84,95
776,271,84,95
775,270,84,95
775,269,84,95
774,268,84,95
774,267,84,95
774,267,83,95
773,266,83,95
773,265,83,95
772,264,83,95
772,263,83,95
772,263,83,95
771,262,83,95
771,261,83,95
770,260,83,95
770,259,83,95
770,259,83,89
770,258,83,89
770,258,83,89
770,257,83,89
770,257,83,89
770,256,83,89
770,256,83,89
770,255,83,89
770,255,83,89
770,254,83,89
770,254,83,98
769,252,83,98
769,251,83,98
769,250,83,98
769,249,83,98
769,248,83,98
768,247,83,98
768,246,83,98
768,245,83,98
768,244,83,98
768,243,76,88
767,241,76,88
766,239,76,88
765,238,76,88
764,236,76,88
764,235,76,88
763,233,76,88
762,231,76,88
761,230,76,88
760,228,76,88
760,227,80,94
760,226,80,94
760,225,80,94
760,224,80,94
760,223,80,94
760,222,80,94
760,221,80,94
760,220,80,94
760,219,80,94
760,218,80,94
761,218,77,95
761,217,77,95
761,216,77,95
761,215,77,95
761,214,77,95
761,214,77,95
761,213,77,95
761,212,77,95
761,211,77,95
761,210,77,95
761,210,77,89
761,208,77,89
762,207,77,89
762,206,77,89
763,205,77,89
763,204,77,89
764,203,77,89
764,202,77,89
765,201,77,89
765,200,77,89
766,199,70,91
765,198,70,91
765,197,70,91
765,196,70,91
765,196,70,91
765,195,70,91
764,194,70,91
764,194,70,91
764,193,70,91
764,192,70,91
764,192,72,98
764,191,72,98
764,190,72,98
764,190,72,98
764,189,72,98
764,189,72,98
764,188,72,98
764,187,72,98
764,187,72,98
764,186,72,98
765,186,73,99
764,185,73,99
764,184,73,99
764,184,73,99
764,183,73,99
764,183,73,99
764,182,73,99
764,181,73,99
764,181,73,99
764,180,73,99
764,180,78,101
764,179,78,101
765,179,78,101
765,179,78,101
766,178,78,101
766,178,78,101
767,178,78,101
767,177,78,101
768,177,78,101
768,177,78,101
769,177,75,96
769,176,75,96
769,176,75,96
770,175,75,96
770,175,75,96
771,174,75,96
771,174,75,96
771,173,75,96
772,173,75,96
772,172,75,96
773,172,73,91
773,172,73,91
773,172,73,91
773,172,73,91
773,172,73,91
774,172,73,91
774,172,73,91
774,172,73,91
774,172,73,91
774,172,73,91
775,172,74,89
774,171,74,89
774,171,74,89
774,170,74,89
774,170,74,89
774,170,74,89
774,169,74,89
774,169,74,89
774,168,74,89
774,168,74,89
774,168,78,86
774,167,78,86
774,166,78,86
775,165,78,86
775,165,78,86
776,164,78,86
776,163,78,86
776,163,78,86
777,162,78,86
777,161,78,86
778,161,76,95
778,161,76,95
779,162,76,95
780,162,76,95
780,163,76,95
781,163,76,95
782,164,76,95
782,164,76,95
783,165,76,95
784,165,76,95
785,166,72,88
785,165,72,88
785,164,72,88
786,164,72,88
786,163,72,88
787,163,72,88
787,162,72,88
787,161,72,88
788,161,72,88
788,160,72,88
789,160,70,90
789,159,70,90
789,159,70,90
789,159,70,90
789,158,70,90
789,158,70,90
789,158,70,90
789,157,70,90
789,157,70,90
789,157,70,90
789,157,76,92
789,157,76,92
789,157,76,92
790,157,76,92
790,157,76,92
791,157,76,92
791,157,76,92
791,157,76,92
792,157,76,92
792,157,76,92
793,157,73,93
793,157,73,93
794,157,73,93
794,157,73,93
795,157,73,93
796,158,73,93
796,158,73,93
797,158,73,93
797,158,73,93
798,158,73,93
799,159,75,93
798,159,75,93
798,159,75,93
798,159,75,93
798,159,75,93
798,159,75,93
798,159,75,93
798,159,75,93
798,159,75,93
798,159,75,93
798,160,77,90
798,160,77,90
799,160,77,90
800,160,77,90
801,160,77,90
802,160,77,90
803,160,77,90
804,160,77,90
805,160,77,90
806,160,77,90
807,161,73,92
807,161,73,92
807,161,73,92
807,162,73,92
808,162,73,92
808,163,73,92
808,163,73,92
809,163,73,92
809,164,73,92
809,164,73,92
810,165,74,91
810,164,74,91
810,164,74,91
810,164,74,91
810,164,74,91
810,164,74,91
810,164,74,91
810,164,74,91
810,164,74,91
810,164,74,91
811,164,79,90
811,164,79,90
811,164,79,90
811,164,79,90
811,164,79,90
812,164,79,90
812,164,79,90
812,164,79,90
812,164,79,90
812,164,79,90
813,164,77,92
813,163,77,92
813,163,77,92
813,163,77,92
813,163,77,92
813,163,77,92
813,162,77,92
813,162,77,92
813,162,77,92
813,162,77,92
814,162,78,91
814,161,78,91
814,161,78,91
814,161,78,91
814,161,78,91
814,161,78,91
814,160,78,91
814,160,78,91
814,160,78,91
814,160,78,91
814,160,80,98
814,160,80,98
814,161,80,98
814,161,80,98
814,162,80,98
814,163,80,98
814,163,80,98
814,164,80,98
814,164,80,98
814,165,80,98
815,166,79,95
815,166,79,95
815,166,79,95
816,166,79,95
816,167,79,95
817,167,79,95
817,167,79,95
817,168,79,95
818,168,79,95
818,168,79,95
819,169,75,94
819,169,75,94
819,169,75,94
819,169,75,94
820,170,75,94
820,170,75,94
820,170,75,94
821,171,75,94
821,171,75,94
821,171,75,94
822,172,74,91
822,172,74,91
822,172,74,91
822,172,74,91
822,172,74,91
822,172,74,91
822,172,74,91
822,172,74,91
822,172,74,91
822,172,74,91
823,172,76,90
823,172,76,90
823,172,76,90
823,172,76,90
823,173,76,90
823,173,76,90
823,173,76,90
823,174,76,90
823,174,76,90
823,174,76,90
823,175,80,87
823,175,80,87
824,175,80,87
825,176,80,87
826,176,80,87
827,177,80,87
827,177,80,87
828,177,80,87
829,178,80,87
830,178,80,87
831,179,76,88
838,171,76,88
845,164,76,88
852,157,76,88
859,150,76,88
866,143,76,88
873,135,76,88
880,128,76,88
887,121,76,88
894,114,76,88
901,107,79,78
900,106,79,78
900,106,79,78
899,106,79,78
899,106,79,78
899,106,79,78
898,105,79,78
898,105,79,78
897,105,79,78
897,105,79,78
897,105,82,77
896,104,82,77
895,104,82,77
895,104,82,77
894,104,82,77
894,104,82,77
893,103,82,77
892,103,82,77
892,103,82,77
891,103,82,77
891,103,84,78
890,102,84,78
890,102,84,78
890,102,84,78
890,101,84,78
890,101,84,78
889,101,84,78
889,100,84,78
889,100,84,78
889,100,84,78
889,100,84,82
888,99,84,82
888,99,84,82
888,98,84,82
888,98,84,82
888,98,84,82
888,97,84,82
888,97,84,82
888,96,84,82
888,96,84,82
888,96,83,78
888,95,83,78
889,94,83,78
889,94,83,78
890,93,83,78
890,93,83,78
891,92,83,78
891,91,83,78
892,91,83,78
892,90,83,78
893,90,76,79
893,89,76,79
894,88,76,79
894,87,76,79
895,87,76,79
895,86,76,79
896,85,76,79
896,85,76,79
897,84,76,79
897,83,76,79
898,83,73,84
898,82,73,84
898,82,73,84
898,81,73,84
898,81,73,84
899,80,73,84
899,80,73,84
899,79,73,84
899,79,73,84
899,78,73,84
900,78,74,87
900,77,74,87
901,77,74,87
901,76,74,87
902,76,74,87
902,75,74,87
903,75,74,87
903,74,74,87
904,74,74,87
904,73,74,87
905,73,72,80
905,72,72,80
906,71,72,80
907,70,72,80
908,70,72,80
909,69,72,80
910,68,72,80
911,68,72,80
912,67,72,80
913,66,72,80
914,66,68,88
914,65,68,88
915,64,68,88
915,63,68,88
916,62,68,88
917,62,68,88
917,61,68,88
918,60,68,88
918,59,68,88
919,58,68,88
920,58,64,86
920,57,64,86
921,57,64,86
921,56,64,86
922,56,64,86
922,55,64,86
923,55,64,86
923,54,64,86
924,54,64,86
924,53,64,86
925,53,65,83
925,52,65,83
925,51,65,83
925,50,65,83
925,50,65,83
925,49,65,83
925,48,65,83
925,48,65,83
925,47,65,83
925,46,65,83
926,46,69,85
926,45,69,85
926,45,69,85
926,44,69,85
927,44,69,85
927,44,69,85
927,43,69,85
928,43,69,85
928,42,69,85
928,42,69,85
929,42,71,79
929,41,71,79
929,41,71,79
930,40,71,79
930,40,71,79
931,39,71,79
931,39,71,79
931,38,71,79
932,38,71,79
932,37,71,79
933,37,70,82
933,36,70,82
933,35,70,82
934,35,70,82
934,34,70,82
935,34,70,82
935,33,70,82
935,32,70,82
936,32,70,82
936,31,70,82
937,31,70,82
937,30,70,82
938,29,70,82
939,29,70,82
939,28,70,82
940,28,70,82
941,27,70,82
941,26,70,82
942,26,70,82
943,25,70,82
944,25,65,82
944,24,65,82
944,24,65,82
945,23,65,82
945,23,65,82
946,22,65,82
946,22,65,82
946,21,65,82
947,21,65,82
947,20,65,82
948,20,65,82
948,19,65,82
948,18,65,82
948,17,65,82
948,17,65,82
949,16,65,82
949,15,65,82
949,15,65,82
949,14,65,82
949,13,65,82
950,13,69,83
950,12,69,83
950,11,69,83
950,11,69,83
950,10,69,83
951,10,69,83
951,9,69,83
951,8,69,83
951,8,69,83
951,7,69,83
952,7,68,85
952,6,68,85
953,6,68,85
953,5,68,85
954,5,68,85
955,5,68,85
955,4,68,85
956,4,68,85
956,3,68,85
957,3,68,85
958,3,61,84
958,2,61,84
958,2,61,84
958,2,61,84
959,2,61,84
959,2,61,84
959,1,61,84
960,1,61,84
960,1,61,84
960,1,61,84
961,1,62,78
961,1,62,78
961,1,62,78
961,1,62,78
961,1,62,78
962,1,62,78
962,1,62,78
962,1,62,78
962,1,62,78
962,1,62,78
963,2,64,71
963,1,64,71
963,1,64,71
963,1,64,71
964,1,64,71
964,1,64,71
964,1,64,71
965,1,64,71
965,1,64,71
965,1,64,71
966,1,64,73
966,1,64,73
966,1,64,73
966,1,64,73
966,1,64,73
967,1,64,73
967,1,64,73
967,1,64,73
967,1,64,73
967,1,64,73
968,2,62,64
968,1,62,64
968,1,62,64
968,1,62,64
968,1,62,64
968,1,62,64
968,1,62,64
968,1,62,64
968,1,62,64
968,1,62,64
969,1,64,64
969,1,64,64
969,1,64,64
969,1,64,64
969,1,64,64
970,1,64,64
970,1,64,64
970,1,64,64
970,1,64,64
970,1,64,64
971,2,62,64
970,1,62,64
970,1,62,64
970,1,62,64
970,1,62,64
970,1,62,64
970,1,62,64
970,1,62,64
970,1,62,64
970,1,62,64
970,1,63,66
969,1,63,66
969,1,63,66
969,1,63,66
969,1,63,66
969,1,63,66
968,1,63,66
968,1,63,66
968,1,63,66
968,1,63,66
968,1,69,65
968,1,69,65
968,1,69,65
968,1,69,65
968,1,69,65
968,1,69,65
968,1,69,65
968,1,69,65
968,1,69,65
968,1,69,65
969,1,69,69
969,1,69,69
969,1,69,69
969,1,69,69
969,1,69,69
969,1,69,69
969,1,69,69
969,1,69,69
969,1,69,69
969,1,69,69
970,1,71,64
970,1,71,64
970,1,71,64
970,1,71,64
970,1,71,64
970,1,71,64
970,1,71,64
970,1,71,64
970,1,71,64
970,1,71,64
971,1,69,68
970,1,69,68
970,1,69,68
970,1,69,68
970,1,69,68
970,1,69,68
969,1,69,68
969,1,69,68
969,1,69,68
969,1,69,68
969,1,76,74
969,1,76,74
970,1,76,74
971,1,76,74
971,1,76,74
972,1,76,74
973,1,76,74
973,1,76,74
974,1,76,74
975,1,76,74
976,1,66,70
975,1,66,70
975,1,66,70
975,1,66,70
975,1,66,70
975,1,66,70
974,1,66,70
974,1,66,70
974,1,66,70
974,1,66,70
974,1,71,74
974,1,71,74
974,1,71,74
974,1,71,74
975,1,71,74
975,1,71,74
975,1,71,74
976,1,71,74
976,1,71,74
976,1,71,74
977,1,68,77
984,3,68,77
991,6,68,77
998,9,68,77
1005,12,68,77
1013,15,68,77
1020,17,68,77
1027,20,68,77
1034,23,68,77
1041,26,68,77
1049,29,71,82
1049,29,71,82
1049,29,71,82
1049,29,71,82
1049,29,71,82
1049,29,71,82
1049,29,71,82
1049,29,71,82
1049,29,71,82
1049,29,71,82
1049,30,76,78
1049,30,76,78
1049,30,76,78
1049,30,76,78
1050,30,76,78
1050,30,76,78
1050,30,76,78
1051,30,76,78
1051,30,76,78
1051,30,76,78
1052,31,72,80
1052,31,72,80
1052,31,72,80
1052,31,72,80
1052,31,72,80
1053,32,72,80
1053,32,72,80
1053,32,72,80
1053,32,72,80
1053,32,72,80
1054,33,71,82
1054,33,71,82
1054,33,71,82
1054,34,71,82
1055,34,71,82
1055,35,71,82
1055,35,71,82
1056,35,71,82
1056,36,71,82
1056,36,71,82
1057,37,73,82
1057,37,73,82
1057,37,73,82
1057,37,73,82
1057,37,73,82
1057,37,73,82
1057,37,73,82
1057,37,73,82
1057,37,73,82
1057,37,73,82
1058,38,75,83
1058,38,75,83
1058,38,75,83
1059,39,75,83
1059,39,75,83
1060,40,75,83
1060,40,75,83
1060,40,75,83
1061,41,75,83
1061,41,75,83
1062,42,75,82
1062,42,75,82
1062,42,75,82
1062,43,75,82
1063,43,75,82
1063,44,75,82
1063,44,75,82
1064,44,75,82
1064,45,75,82
1064,45,75,82
1065,46,76,83
1065,46,76,83
1066,46,76,83
1066,46,76,83
1067,47,76,83
1067,47,76,83
1068,47,76,83
1068,48,76,83
1069,48,76,83
1069,48,76,83
1070,49,74,84
1070,49,74,84
1070,49,74,84
1070,50,74,84
1070,50,74,84
1071,51,74,84
1071,51,74,84
1071,51,74,84
1071,52,74,84
1071,52,74,84
1072,53,72,85
1069,53,72,85
1066,54,72,85
1063,54,72,85
1060,55,72,85
1058,56,72,85
1055,56,72,85
1052,57,72,85
1049,57,72,85
1046,58,72,85
1044,59,81,93
1038,59,81,93
1033,60,81,93
1028,61,81,93
1022,62,81,93
1017,63,81,93
1012,64,81,93
1006,65,81,93
1001,66,81,93
996,67,81,93
991,68,78,84
989,68,78,84
987,68,78,84
986,68,78,84
984,68,78,84
983,69,78,84
981,69,78,84
979,69,78,84
978,69,78,84
976,69,78,84
975,70,77,82
974,70,77,82
974,70,77,82
973,70,77,82
973,70,77,82
973,70,77,82
972,70,77,82
972,70,77,82
971,70,77,82
971,70,77,82
971,70,81,86
970,70,81,86
970,71,81,86
970,72,81,86
970,72,81,86
970,73,81,86
970,74,81,86
970,74,81,86
970,75,81,86
970,76,81,86
970,77,79,88
969,77,79,88
969,78,79,88
969,78,79,88
969,79,79,88
969,80,79,88
969,80,79,88
969,81,79,88
969,81,79,88
969,82,79,88
969,83,77,84
968,83,77,84
968,84,77,84
968,84,77,84
968,85,77,84
968,85,77,84
968,86,77,84
968,86,77,84
968,87,77,84
968,87,77,84
968,88,81,87
967,88,81,87
967,89,81,87
967,89,81,87
967,90,81,87
967,90,81,87
966,91,81,87
966,91,81,87
966,92,81,87
966,92,81,87
966,93,82,92
966,94,82,92
966,95,82,92
966,96,82,92
966,97,82,92
966,98,82,92
966,99,82,92
966,100,82,92
966,101,82,92
966,102,82,92
966,104,80,87
965,104,80,87
965,104,80,87
964,104,80,87
964,105,80,87
963,105,80,87
963,105,80,87
962,106,80,87
962,106,80,87
961,106,80,87
961,107,85,97
961,108,85,97
961,109,85,97
961,110,85,97
961,111,85,97
961,113,85,97
961,114,85,97
961,115,85,97
961,116,85,97
961,117,85,97
961,119,85,97
960,119,85,97
960,119,85,97
960,120,85,97
960,120,85,97
960,121,85,97
960,121,85,97
960,121,85,97
960,122,85,97
960,122,85,97
960,123,85,93
959,124,85,93
959,125,85,93
959,127,85,93
959,128,85,93
959,130,85,93
959,131,85,93
959,132,85,93
959,134,85,93
959,135,85,93
959,137,83,96
958,137,83,96
958,138,83,96
957,138,83,96
957,139,83,96
956,140,83,96
956,140,83,96
955,141,83,96
955,141,83,96
954,142,83,96
954,143,88,99
953,143,88,99
953,144,88,99
952,145,88,99
952,145,88,99
951,146,88,99
951,147,88,99
950,147,88,99
950,148,88,99
949,149,88,99
949,150,93,100
948,151,93,100
948,152,93,100
947,153,93,100
947,154,93,100
947,156,93,100
946,157,93,100
946,158,93,100
945,159,93,100
945,160,93,100
945,162,93,100
906,208,93,100
867,255,93,100
828,302,93,100
789,349,93,100
751,396,93,100
712,442,93,100
673,489,93,100
634,536,93,100
595,583,93,100
557,630,141,116
559,630,141,116
562,631,141,116
564,632,141,116
567,632,141,116
570,633,141,116
572,634,141,116
575,634,141,116
577,635,141,116
580,636,141,116
583,637,145,132
580,638,145,132
578,640,145,132
576,642,145,132
574,644,145,132
572,646,145,132
570,648,145,132
568,650,145,132
566,652,145,132
564,654,145,132
562,656,143,125
558,657,143,125
554,658,143,125
550,659,143,125
547,661,143,125
543,662,143,125
539,663,143,125
536,665,143,125
532,666,143,125
528,667,143,125
525,669,150,123
525,670,150,123
526,671,150,123
527,672,150,123
528,674,150,123
529,675,150,123
529,676,150,123
530,678,150,123
531,679,150,123
532,680,150,123
533,682,149,131
531,683,149,131
530,684,149,131
529,685,149,131
528,686,149,131
527,688,149,131
526,689,149,131
525,690,149,131
524,691,149,131
523,692,149,131
522,694,157,131
516,695,157,131
510,696,157,131
504,698,157,131
499,699,157,131
493,701,157,131
487,702,157,131
482,703,157,131
476,705,157,131
470,706,157,131
465,708,159,129
455,709,159,129
446,711,159,129
436,713,159,129
427,715,159,129
417,717,159,129
408,718,159,129
398,720,159,129
389,722,159,129
379,724,159,129
370,726,155,131
364,728,155,131
358,730,155,131
352,732,155,131
346,734,155,131
340,736,155,131
334,738,155,131
328,740,155,131
322,742,155,131
316,744,155,131
311,747,162,131
310,748,162,131
309,749,162,131
309,750,162,131
308,751,162,131
308,752,162,131
307,753,162,131
306,754,162,131
306,755,162,131
305,756,162,131
305,757,152,134
302,758,152,134
300,760,152,134
297,761,152,134
295,763,152,134
293,764,152,134
290,766,152,134
288,767,152,134
285,769,152,134
283,770,152,134
281,772,153,141
279,774,153,141
277,776,153,141
275,778,153,141
273,780,153,141
271,782,153,141
269,784,153,141
267,786,153,141
265,788,153,141
263,790,153,141
262,792,151,139
259,793,151,139
257,795,151,139
254,797,151,139
252,798,151,139
250,800,151,139
247,802,151,139
245,803,151,139
242,805,151,139
240,807,151,139
238,809,152,140
236,811,152,140
234,814,152,140
232,817,152,140
230,820,152,140
228,823,152,140
226,826,152,140
224,829,152,140
222,832,152,140
220,835,152,140
219,838,146,139
212,839,146,139
205,841,146,139
198,843,146,139
192,845,146,139
185,847,146,139
178,849,146,139
172,851,146,139
165,853,146,139
158,855,146,139
152,857,142,130
152,857,142,130
152,857,142,130
152,857,142,130
152,857,142,130
152,857,142,130
152,857,142,130
152,857,142,130
