799,719,93,130
798,711,93,130
798,703,93,130
797,696,93,130
797,688,93,130
797,681,93,130
796,673,93,130
796,665,93,130
795,658,93,130
795,650,93,130
795,643,99,132
794,636,99,132
794,630,99,132
794,623,99,132
794,617,99,132
794,611,99,132
794,604,99,132
794,598,99,132
794,591,99,132
794,585,99,132
794,579,101,117
793,573,101,117
793,568,101,117
793,563,101,117
792,558,101,117
792,553,101,117
792,547,101,117
791,542,101,117
791,537,101,117
791,532,101,117
791,527,98,106
790,518,98,106
790,509,98,106
790,500,98,106
790,491,98,106
790,483,98,106
790,474,98,106
790,465,98,106
790,456,98,106
790,447,98,106
790,439,86,125
789,433,86,125
789,428,86,125
788,423,86,125
788,418,86,125
788,413,86,125
787,407,86,125
787,402,86,125
786,397,86,125
786,392,86,125
786,387,90,115
786,382,90,115
786,377,90,115
786,372,90,115
786,367,90,115
786,362,90,115
786,357,90,115
786,352,90,115
786,347,90,115
786,342,90,115
787,337,87,110
786,333,87,110
786,329,87,110
786,325,87,110
785,321,87,110
785,317,87,110
785,313,87,110
784,309,87,110
784,305,87,110
784,301,87,110
784,297,90,108
784,292,90,108
784,287,90,108
784,282,90,108
784,277,90,108
784,272,90,108
784,267,90,108
784,262,90,108
784,257,90,108
784,252,90,108
785,248,89,112
784,245,89,112
784,242,89,112
784,239,89,112
783,236,89,112
783,234,89,112
783,231,89,112
782,228,89,112
782,225,89,112
782,222,89,112
782,220,91,107
782,217,91,107
782,214,91,107
782,211,91,107
783,208,91,107
783,205,91,107
783,202,91,107
784,199,91,107
784,196,91,107
784,193,91,107
785,191,86,109
785,188,86,109
785,185,86,109
785,182,86,109
785,179,86,109
785,176,86,109
785,173,86,109
785,170,86,109
785,167,86,109
785,164,86,109
785,161,82,101
784,158,82,101
784,156,82,101
784,153,82,101
783,151,82,101
783,149,82,101
783,146,82,101
782,144,82,101
782,141,82,101
782,139,82,101
782,137,87,106
782,135,87,106
782,134,87,106
783,133,87,106
783,132,87,106
784,131,87,106
784,130,87,106
784,129,87,106
785,128,87,106
785,127,87,106
786,126,83,97
786,124,83,97
786,122,83,97
786,120,83,97
786,118,83,97
786,117,83,97
786,115,83,97
786,113,83,97
786,111,83,97
786,109,83,97
786,108,83,99
775,141,83,99
764,175,83,99
753,208,83,99
742,242,83,99
731,275,83,99
720,309,83,99
709,342,83,99
698,376,83,99
687,409,83,99
677,443,88,127
678,442,88,127
680,442,88,127
681,442,88,127
683,442,88,127
684,442,88,127
686,441,88,127
687,441,88,127
689,441,88,127
690,441,88,127
692,441,89,127
693,441,89,127
695,441,89,127
696,441,89,127
698,442,89,127
699,442,89,127
701,442,89,127
702,443,89,127
704,443,89,127
705,443,89,127
707,444,87,122
708,443,87,122
710,442,87,122
712,441,87,122
714,441,87,122
716,440,87,122
717,439,87,122
719,439,87,122
721,438,87,122
723,437,87,122
725,437,87,118
726,436,87,118
728,435,87,118
729,434,87,118
731,433,87,118
733,432,87,118
734,431,87,118
736,430,87,118
737,429,87,118
739,428,87,118
741,427,86,122
743,425,86,122
745,423,86,122
748,422,86,122
750,420,86,122
753,419,86,122
755,417,86,122
757,415,86,122
760,414,86,122
762,412,86,122
765,411,82,128
766,410,82,128
768,410,82,128
769,409,82,128
771,409,82,128
773,408,82,128
774,408,82,128
776,407,82,128
777,407,82,128
779,406,82,128
781,406,84,121
782,405,84,121
784,405,84,121
786,405,84,121
788,405,84,121
790,405,84,121
792,404,84,121
794,404,84,121
796,404,84,121
798,404,84,121
800,404,88,119
801,403,88,119
803,402,88,119
805,401,88,119
807,401,88,119
809,400,88,119
811,399,88,119
813,399,88,119
815,398,88,119
817,397,88,119
819,397,89,118
820,397,89,118
822,397,89,118
824,397,89,118
826,397,89,118
828,398,89,118
829,398,89,118
831,398,89,118
833,398,89,118
835,398,89,118
837,399,90,108
839,398,90,108
841,398,90,108
844,397,90,108
846,397,90,108
849,396,90,108
851,396,90,108
853,395,90,108
856,395,90,108
858,394,90,108
861,394,84,110
862,394,84,110
864,394,84,110
866,394,84,110
868,395,84,110
870,395,84,110
872,395,84,110
874,396,84,110
876,396,84,110
878,396,84,110
880,397,85,110
882,396,85,110
884,396,85,110
886,396,85,110
888,396,85,110
890,396,85,110
892,395,85,110
894,395,85,110
896,395,85,110
898,395,85,110
900,395,86,112
900,395,86,112
901,396,86,112
902,396,86,112
903,397,86,112
904,397,86,112
905,398,86,112
906,398,86,112
907,399,86,112
908,399,86,112
909,400,89,113
909,400,89,113
909,400,89,113
909,400,89,113
909,401,89,113
910,401,89,113
910,401,89,113
910,402,89,113
910,402,89,113
910,402,89,113
911,403,91,118
912,404,91,118
913,405,91,118
914,406,91,118
915,407,91,118
916,409,91,118
917,410,91,118
918,411,91,118
919,412,91,118
920,413,91,118
922,415,90,124
923,416,90,124
925,418,90,124
926,420,90,124
928,422,90,124
929,424,90,124
931,426,90,124
932,428,90,124
934,430,90,124
935,432,90,124
937,434,88,107
937,435,88,107
937,436,88,107
937,437,88,107
938,438,88,107
938,439,88,107
938,440,88,107
939,441,88,107
939,442,88,107
939,443,88,107
940,444,91,109
938,444,91,109
937,445,91,109
935,446,91,109
934,447,91,109
933,448,91,109
931,448,91,109
930,449,91,109
928,450,91,109
927,451,91,109
926,452,88,119
925,452,88,119
925,452,88,119
925,453,88,119
924,453,88,119
924,454,88,119
924,454,88,119
923,454,88,119
923,455,88,119
923,455,88,119
923,456,87,128
923,457,87,128
924,458,87,128
925,459,87,128
926,461,87,128
927,462,87,128
928,463,87,128
929,465,87,128
930,466,87,128
931,467,87,128
932,469,94,127
933,470,94,127
934,472,94,127
935,474,94,127
936,476,94,127
937,478,94,127
938,480,94,127
939,482,94,127
940,484,94,127
941,486,94,127
943,488,90,123
944,489,90,123
945,490,90,123
946,491,90,123
947,493,90,123
948,494,90,123
949,495,90,123
950,497,90,123
951,498,90,123
952,499,90,123
954,501,87,127
954,501,87,127
955,502,87,127
956,503,87,127
956,503,87,127
957,504,87,127
958,505,87,127
958,505,87,127
959,506,87,127
960,507,87,127
961,508,92,130
962,509,92,130
963,511,92,130
964,513,92,130
965,515,92,130
967,517,92,130
968,518,92,130
969,520,92,130
970,522,92,130
971,524,92,130
973,526,89,132
973,526,89,132
974,526,89,132
975,527,89,132
976,527,89,132
977,528,89,132
978,528,89,132
979,528,89,132
980,529,89,132
981,529,89,132
982,530,91,133
981,530,91,133
981,530,91,133
981,531,91,133
981,531,91,133
981,532,91,133
981,532,91,133
981,532,91,133
981,533,91,133
981,533,91,133
981,534,94,128
981,534,94,128
981,534,94,128
981,534,94,128
981,534,94,128
982,535,94,128
982,535,94,128
982,535,94,128
982,535,94,128
982,535,94,128
983,536,91,132
983,536,91,132
983,536,91,132
983,536,91,132
983,536,91,132
984,536,91,132
984,536,91,132
984,536,91,132
984,536,91,132
984,536,91,132
985,536,95,132
984,536,95,132
984,536,95,132
984,536,95,132
984,536,95,132
984,536,95,132
983,536,95,132
983,536,95,132
983,536,95,132
983,536,95,132
983,536,97,132
982,535,97,132
982,535,97,132
982,535,97,132
982,534,97,132
982,534,97,132
982,534,97,132
982,533,97,132
982,533,97,132
982,533,97,132
982,533,96,131
982,533,96,131
982,533,96,131
982,533,96,131
982,534,96,131
982,534,96,131
982,534,96,131
982,535,96,131
982,535,96,131
982,535,96,131
982,536,97,132
982,535,97,132
982,534,97,132
983,533,97,132
983,532,97,132
984,532,97,132
984,531,97,132
984,530,97,132
985,529,97,132
985,528,97,132
986,528,88,128
985,527,88,128
985,527,88,128
984,527,88,128
984,527,88,128
983,527,88,128
983,526,88,128
982,526,88,128
982,526,88,128
981,526,88,128
981,526,97,136
981,526,97,136
981,527,97,136
981,527,97,136
981,528,97,136
981,528,97,136
981,529,97,136
981,529,97,136
981,530,97,136
981,530,97,136
982,531,99,128
981,530,99,128
981,529,99,128
980,528,99,128
980,528,99,128
980,527,99,128
979,526,99,128
979,526,99,128
978,525,99,128
978,524,99,128
978,524,96,134
977,524,96,134
977,524,96,134
977,524,96,134
977,524,96,134
977,524,96,134
977,524,96,134
977,524,96,134
977,524,96,134
977,524,96,134
977,525,101,135
977,525,101,135
977,525,101,135
977,525,101,135
978,526,101,135
978,526,101,135
978,526,101,135
979,527,101,135
979,527,101,135
979,527,101,135
980,528,97,127
980,527,97,127
981,527,97,127
981,527,97,127
982,527,97,127
982,527,97,127
983,526,97,127
983,526,97,127
984,526,97,127
984,526,97,127
985,526,94,136
985,526,94,136
985,527,94,136
985,528,94,136
985,529,94,136
986,530,94,136
986,531,94,136
986,532,94,136
986,533,94,136
986,534,94,136
987,535,97,139
987,535,97,139
987,536,97,139
987,536,97,139
987,537,97,139
987,537,97,139
987,538,97,139
987,538,97,139
987,539,97,139
987,539,97,139
988,540,96,134
988,539,96,134
988,539,96,134
988,539,96,134
988,538,96,134
988,538,96,134
988,538,96,134
988,537,96,134
988,537,96,134
988,537,96,134
989,537,97,139
989,538,97,139
989,539,97,139
989,540,97,139
989,542,97,139
990,543,97,139
990,544,97,139
990,546,97,139
990,547,97,139
990,548,97,139
991,550,89,131
990,550,89,131
990,550,89,131
990,551,89,131
989,551,89,131
989,552,89,131
989,552,89,131
988,552,89,131
988,553,89,131
988,553,89,131
988,554,90,130
988,553,90,130
988,553,90,130
988,553,90,130
988,553,90,130
988,553,90,130
988,553,90,130
988,553,90,130
988,553,90,130
988,553,90,130
989,553,89,135
989,553,89,135
989,554,89,135
989,554,89,135
989,555,89,135
989,556,89,135
989,556,89,135
989,557,89,135
989,557,89,135
989,558,89,135
989,559,89,131
988,559,89,131
988,559,89,131
988,560,89,131
987,560,89,131
987,561,89,131
987,561,89,131
986,561,89,131
986,562,89,131
986,562,89,131
986,563,94,127
985,563,94,127
985,563,94,127
985,563,94,127
985,563,94,127
985,564,94,127
984,564,94,127
984,564,94,127
984,564,94,127
984,564,94,127
984,565,91,129
983,564,91,129
982,564,91,129
982,564,91,129
981,564,91,129
981,564,91,129
980,564,91,129
979,564,91,129
979,564,91,129
978,564,91,129
978,564,94,126
978,564,94,126
978,564,94,126
979,564,94,126
979,565,94,126
980,565,94,126
980,565,94,126
980,566,94,126
981,566,94,126
981,566,94,126
982,567,89,121
981,566,89,121
981,565,89,121
981,565,89,121
980,564,89,121
980,564,89,121
980,563,89,121
979,562,89,121
979,562,89,121
979,561,89,121
979,561,88,119
978,560,88,119
978,559,88,119
978,559,88,119
978,558,88,119
978,558,88,119
978,557,88,119
978,556,88,119
978,556,88,119
978,555,88,119
978,555,87,123
978,554,87,123
978,553,87,123
978,552,87,123
978,552,87,123
978,551,87,123
978,550,87,123
978,550,87,123
978,549,87,123
978,548,87,123
979,548,88,126
979,547,88,126
979,546,88,126
979,546,88,126
979,545,88,126
979,545,88,126
979,544,88,126
979,543,88,126
979,543,88,126
979,542,88,126
979,542,90,128
979,541,90,128
979,541,90,128
979,540,90,128
979,540,90,128
979,540,90,128
979,539,90,128
979,539,90,128
979,538,90,128
979,538,90,128
980,538,84,126
979,537,84,126
979,537,84,126
979,536,84,126
979,536,84,126
979,535,84,126
979,535,84,126
979,534,84,126
979,534,84,126
979,533,84,126
979,533,90,133
979,534,90,133
979,535,90,133
979,536,90,133
979,537,90,133
979,538,90,133
979,539,90,133
979,540,90,133
979,541,90,133
979,542,90,133
979,544,89,121
979,543,89,121
979,543,89,121
979,542,89,121
979,542,89,121
979,541,89,121
979,541,89,121
979,540,89,121
979,540,89,121
979,539,89,121
980,539,88,124
979,538,88,124
979,538,88,124
979,538,88,124
978,538,88,124
978,538,88,124
978,538,88,124
977,538,88,124
977,538,88,124
977,538,88,124
977,538,90,126
976,538,90,126
976,538,90,126
976,538,90,126
976,538,90,126
976,538,90,126
975,538,90,126
975,538,90,126
975,538,90,126
975,538,90,126
975,538,96,126
975,537,96,126
975,537,96,126
975,537,96,126
976,537,96,126
976,537,96,126
976,536,96,126
977,536,96,126
977,536,96,126
977,536,96,126
978,536,89,130
978,536,89,130
978,536,89,130
978,537,89,130
978,537,89,130
979,538,89,130
979,538,89,130
979,538,89,130
979,539,89,130
979,539,89,130
980,540,89,124
980,540,89,124
980,540,89,124
980,540,89,124
980,540,89,124
981,540,89,124
981,540,89,124
981,540,89,124
981,540,89,124
981,540,89,124
982,541,87,124
981,540,87,124
981,540,87,124
981,539,87,124
981,539,87,124
981,539,87,124
980,538,87,124
980,538,87,124
980,537,87,124
980,537,87,124
980,537,89,129
979,536,89,129
979,536,89,129
979,536,89,129
978,536,89,129
978,536,89,129
978,535,89,129
977,535,89,129
977,535,89,129
977,535,89,129
977,535,92,129
976,535,92,129
976,535,92,129
976,535,92,129
976,535,92,129
976,536,92,129
976,536,92,129
976,536,92,129
976,536,92,129
976,536,92,129
976,537,95,129
976,536,95,129
976,536,95,129
976,536,95,129
976,535,95,129
976,535,95,129
976,535,95,129
976,534,95,129
976,534,95,129
976,534,95,129
977,534,97,132
976,534,97,132
976,535,97,132
976,535,97,132
976,536,97,132
976,536,97,132
975,537,97,132
975,537,97,132
975,538,97,132
975,538,97,132
975,539,97,130
975,539,97,130
975,539,97,130
975,540,97,130
975,540,97,130
975,541,97,130
975,541,97,130
975,541,97,130
975,542,97,130
975,542,97,130
975,543,96,123
974,542,96,123
974,541,96,123
974,541,96,123
974,540,96,123
974,540,96,123
974,539,96,123
974,538,96,123
974,538,96,123
974,537,96,123
974,537,95,127
974,537,95,127
974,537,95,127
974,537,95,127
974,538,95,127
975,538,95,127
975,538,95,127
975,539,95,127
975,539,95,127
975,539,95,127
976,540,92,123
976,539,92,123
977,539,92,123
977,539,92,123
978,539,92,123
979,539,92,123
979,538,92,123
980,538,92,123
980,538,92,123
981,538,92,123
982,538,88,126
981,537,88,126
981,537,88,126
980,537,88,126
980,536,88,126
979,536,88,126
979,536,88,126
978,535,88,126
978,535,88,126
977,535,88,126
977,535,94,131
977,535,94,131
977,535,94,131
977,535,94,131
977,535,94,131
977,536,94,131
977,536,94,131
977,536,94,131
977,536,94,131
977,536,94,131
978,537,93,127
977,537,93,127
977,537,93,127
976,537,93,127
976,538,93,127
976,538,93,127
975,538,93,127
975,539,93,127
974,539,93,127
974,539,93,127
974,540,95,126
974,539,95,126
975,539,95,126
976,539,95,126
976,539,95,126
977,539,95,126
978,539,95,126
978,539,95,126
979,539,95,126
980,539,95,126
981,539,92,125
980,538,92,125
979,538,92,125
979,538,92,125
978,537,92,125
978,537,92,125
977,537,92,125
976,536,92,125
976,536,92,125
975,536,92,125
975,536,96,130
975,536,96,130
975,536,96,130
976,536,96,130
976,536,96,130
977,536,96,130
977,536,96,130
977,536,96,130
978,536,96,130
978,536,96,130
979,536,94,130
978,536,94,130
978,537,94,130
978,537,94,130
978,538,94,130
978,538,94,130
978,539,94,130
978,539,94,130
978,540,94,130
978,540,94,130
978,541,95,123
978,541,95,123
978,541,95,123
978,542,95,123
979,542,95,123
979,543,95,123
979,543,95,123
980,543,95,123
980,544,95,123
980,544,95,123
981,545,90,122
981,544,90,122
981,543,90,122
981,542,90,122
981,541,90,122
982,541,90,122
982,540,90,122
982,539,90,122
982,538,90,122
982,537,90,122
983,537,90,131
982,537,90,131
982,538,90,131
981,538,90,131
981,539,90,131
980,540,90,131
980,540,90,131
979,541,90,131
979,541,90,131
978,542,90,131
978,543,98,127
977,543,98,127
977,543,98,127
977,543,98,127
977,543,98,127
977,543,98,127
977,543,98,127
977,543,98,127
977,543,98,127
977,543,98,127
977,544,97,132
977,544,97,132
977,545,97,132
977,545,97,132
977,546,97,132
977,546,97,132
977,547,97,132
977,547,97,132
977,548,97,132
977,548,97,132
978,549,94,132
978,549,94,132
979,550,94,132
979,550,94,132
980,551,94,132
980,552,94,132
981,552,94,132
981,553,94,132
982,553,94,132
982,554,94,132
983,555,94,135
982,558,94,135
981,562,94,135
980,566,94,135
980,569,94,135
979,573,94,135
978,577,94,135
978,580,94,135
977,584,94,135
976,588,94,135
976,592,97,117
976,591,97,117
976,590,97,117
976,589,97,117
977,588,97,117
977,587,97,117
977,586,97,117
978,585,97,117
978,584,97,117
978,583,97,117
979,583,92,128
979,583,92,128
979,583,92,128
979,583,92,128
979,583,92,128
979,583,92,128
979,583,92,128
979,583,92,128
979,583,92,128
979,583,92,128
979,583,94,128
979,583,94,128
979,584,94,128
979,584,94,128
979,585,94,128
979,586,94,128
979,586,94,128
979,587,94,128
979,587,94,128
979,588,94,128
980,589,91,120
979,588,91,120
979,588,91,120
979,587,91,120
979,587,91,120
979,587,91,120
978,586,91,120
978,586,91,120
978,585,91,120
978,585,91,120
978,585,93,126
978,584,93,126
978,584,93,126
978,584,93,126
978,584,93,126
978,584,93,126
978,584,93,126
978,584,93,126
978,584,93,126
978,584,93,126
978,584,91,127
978,583,91,127
978,583,91,127
978,583,91,127
978,583,91,127
978,583,91,127
978,582,91,127
978,582,91,127
978,582,91,127
978,582,91,127
979,582,95,133
979,582,95,133
979,582,95,133
979,582,95,133
979,582,95,133
979,583,95,133
979,583,95,133
979,583,95,133
979,583,95,133
979,583,95,133
980,584,91,129
979,583,91,129
979,583,91,129
978,583,91,129
978,583,91,129
978,583,91,129
977,582,91,129
977,582,91,129
976,582,91,129
976,582,91,129
976,582,97,131
976,581,97,131
976,581,97,131
976,581,97,131
976,581,97,131
977,581,97,131
977,580,97,131
977,580,97,131
977,580,97,131
977,580,97,131
978,580,96,133
978,580,96,133
978,580,96,133
978,580,96,133
979,580,96,133
979,580,96,133
979,580,96,133
980,580,96,133
980,580,96,133
980,580,96,133
981,581,92,130
980,580,92,130
980,580,92,130
979,580,92,130
979,579,92,130
978,579,92,130
978,579,92,130
977,578,92,130
977,578,92,130
976,578,92,130
976,578,98,133
975,578,98,133
975,578,98,133
975,578,98,133
975,578,98,133
975,579,98,133
974,579,98,133
974,579,98,133
974,579,98,133
974,579,98,133
974,580,97,133
974,580,97,133
974,580,97,133
974,580,97,133
974,581,97,133
975,581,97,133
975,581,97,133
975,582,97,133
975,582,97,133
975,582,97,133
976,583,95,128
975,582,95,128
975,582,95,128
975,582,95,128
975,582,95,128
975,582,95,128
975,582,95,128
975,582,95,128
975,582,95,128
975,582,95,128
975,582,101,127
975,581,101,127
976,581,101,127
976,581,101,127
977,581,101,127
977,581,101,127
978,581,101,127
978,581,101,127
979,581,101,127
979,581,101,127
980,581,94,130
979,580,94,130
979,580,94,130
979,580,94,130
979,579,94,130
979,579,94,130
979,579,94,130
979,578,94,130
979,578,94,130
979,578,94,130
979,578,94,135
979,578,94,135
979,579,94,135
979,579,94,135
979,580,94,135
979,581,94,135
979,581,94,135
979,582,94,135
979,582,94,135
979,583,94,135
980,584,94,129
979,583,94,129
979,582,94,129
979,581,94,129
979,581,94,129
979,580,94,129
979,579,94,129
979,579,94,129
979,578,94,129
979,577,94,129
979,577,97,136
978,577,97,136
978,578,97,136
978,579,97,136
978,580,97,136
978,581,97,136
978,581,97,136
978,582,97,136
978,583,97,136
978,584,97,136
978,585,95,128
978,585,95,128
978,585,95,128
978,585,95,128
978,585,95,128
978,586,95,128
978,586,95,128
978,586,95,128
978,586,95,128
978,586,95,128
978,587,97,124
978,587,97,124
978,587,97,124
978,587,97,124
978,587,97,124
978,587,97,124
978,587,97,124
978,587,97,124
978,587,97,124
978,587,97,124
978,587,97,122
978,586,97,122
978,585,97,122
978,584,97,122
978,583,97,122
978,583,97,122
978,582,97,122
978,581,97,122
978,580,97,122
978,579,97,122
978,579,97,130
978,579,97,130
978,579,97,130
979,579,97,130
979,579,97,130
980,579,97,130
980,579,97,130
980,579,97,130
981,579,97,130
981,579,97,130
982,579,88,132
982,578,88,132
982,578,88,132
982,577,88,132
982,577,88,132
982,576,88,132
982,576,88,132
982,575,88,132
982,575,88,132
982,574,88,132
982,574,88,135
981,574,88,135
981,574,88,135
980,574,88,135
980,574,88,135
980,574,88,135
979,574,88,135
979,574,88,135
978,574,88,135
978,574,88,135
978,574,94,135
977,574,94,135
977,574,94,135
977,575,94,135
977,575,94,135
977,576,94,135
976,576,94,135
976,576,94,135
976,577,94,135
976,577,94,135
976,578,97,133
975,578,97,133
975,578,97,133
975,578,97,133
975,578,97,133
975,578,97,133
975,578,97,133
975,578,97,133
975,578,97,133
975,578,97,133
975,579,98,132
975,579,98,132
975,579,98,132
975,579,98,132
975,579,98,132
976,579,98,132
976,579,98,132
976,579,98,132
976,579,98,132
976,579,98,132
977,580,96,133
977,580,96,133
977,580,96,133
977,580,96,133
977,580,96,133
977,580,96,133
977,580,96,133
977,580,96,133
977,580,96,133
977,580,96,133
977,580,94,131
976,579,94,131
976,579,94,131
976,579,94,131
976,579,94,131
976,579,94,131
976,579,94,131
976,579,94,131
976,579,94,131
976,579,94,131
976,579,98,132
976,579,98,132
976,580,98,132
976,580,98,132
976,581,98,132
977,581,98,132
977,582,98,132
977,582,98,132
977,583,98,132
977,583,98,132
978,584,93,129
978,583,93,129
978,583,93,129
978,583,93,129
978,583,93,129
978,583,93,129
978,583,93,129
978,583,93,129
978,583,93,129
978,583,93,129
978,583,91,124
977,582,91,124
977,582,91,124
977,582,91,124
977,582,91,124
977,582,91,124
977,582,91,124
977,582,91,124
977,582,91,124
977,582,91,124
977,582,96,127
976,581,96,127
976,581,96,127
976,581,96,127
976,581,96,127
976,581,96,127
976,580,96,127
976,580,96,127
976,580,96,127
976,580,96,127
976,580,98,131
976,580,98,131
976,580,98,131
976,580,98,131
976,580,98,131
976,581,98,131
976,581,98,131
976,581,98,131
976,581,98,131
976,581,98,131
976,582,97,127
975,581,97,127
975,580,97,127
975,579,97,127
975,579,97,127
975,578,97,127
975,577,97,127
975,577,97,127
975,576,97,127
975,575,97,127
975,575,98,132
975,575,98,132
975,575,98,132
975,575,98,132
975,575,98,132
976,575,98,132
976,575,98,132
976,575,98,132
976,575,98,132
976,575,98,132
977,576,94,126
976,574,94,126
976,573,94,126
976,572,94,126
975,570,94,126
975,569,94,126
975,568,94,126
974,566,94,126
974,565,94,126
974,564,94,126
974,563,96,133
974,562,96,133
974,561,96,133
974,561,96,133
975,560,96,133
975,560,96,133
975,559,96,133
976,558,96,133
976,558,96,133
976,557,96,133
977,557,91,125
976,554,91,125
976,552,91,125
976,549,91,125
976,547,91,125
976,545,91,125
976,542,91,125
976,540,91,125
976,537,91,125
976,535,91,125
976,533,89,137
975,533,89,137
974,533,89,137
973,533,89,137
972,533,89,137
971,533,89,137
970,533,89,137
969,533,89,137
968,533,89,137
967,533,89,137
967,533,95,123
966,530,95,123
965,528,95,123
964,525,95,123
963,523,95,123
963,520,95,123
962,518,95,123
961,515,95,123
960,513,95,123
959,510,95,123
959,508,103,133
959,507,103,133
960,506,103,133
960,506,103,133
961,505,103,133
961,505,103,133
962,504,103,133
962,503,103,133
963,503,103,133
963,502,103,133
964,502,95,119
964,499,95,119
964,496,95,119
964,493,95,119
964,490,95,119
964,487,95,119
964,484,95,119
964,481,95,119
964,478,95,119
964,475,95,119
965,473,90,125
965,471,90,125
965,469,90,125
965,467,90,125
965,465,90,125
965,463,90,125
965,461,90,125
965,459,90,125
965,457,90,125
965,455,90,125
965,454,90,130
964,453,90,130
964,452,90,130
964,451,90,130
964,450,90,130
964,449,90,130
964,448,90,130
964,447,90,130
964,446,90,130
964,445,90,130
964,445,89,115
963,442,89,115
963,440,89,115
963,438,89,115
963,436,89,115
963,434,89,115
963,431,89,115
963,429,89,115
963,427,89,115
963,425,89,115
963,423,87,112
962,421,87,112
961,419,87,112
961,417,87,112
960,415,87,112
960,413,87,112
959,411,87,112
958,409,87,112
958,407,87,112
957,405,87,112
957,403,92,114
957,400,92,114
957,398,92,114
957,396,92,114
957,394,92,114
958,392,92,114
958,390,92,114
958,388,92,114
958,386,92,114
958,384,92,114
959,382,92,125
959,381,92,125
959,380,92,125
959,379,92,125
959,378,92,125
959,378,92,125
959,377,92,125
959,376,92,125
959,375,92,125
959,374,92,125
959,374,87,117
958,372,87,117
958,370,87,117
958,368,87,117
958,366,87,117
958,364,87,117
958,362,87,117
958,360,87,117
958,358,87,117
958,356,87,117
958,354,89,126
958,353,89,126
958,353,89,126
958,353,89,126
958,352,89,126
958,352,89,126
958,352,89,126
958,351,89,126
958,351,89,126
958,351,89,126
958,351,89,117
957,350,89,117
957,350,89,117
957,349,89,117
957,349,89,117
957,348,89,117
957,348,89,117
957,347,89,117
957,347,89,117
957,346,89,117
957,346,92,124
957,345,92,124
957,345,92,124
957,345,92,124
958,345,92,124
958,345,92,124
958,345,92,124
959,345,92,124
959,345,92,124
959,345,92,124
960,345,89,121
960,344,89,121
960,344,89,121
960,344,89,121
960,343,89,121
960,343,89,121
960,343,89,121
960,342,89,121
960,342,89,121
960,342,89,121
961,342,90,120
961,342,90,120
961,342,90,120
961,342,90,120
962,342,90,120
962,342,90,120
962,342,90,120
963,342,90,120
963,342,90,120
963,342,90,120
964,343,92,119
964,343,92,119
965,343,92,119
965,343,92,119
966,343,92,119
966,344,92,119
967,344,92,119
967,344,92,119
968,344,92,119
968,344,92,119
969,345,87,117
969,345,87,117
970,345,87,117
970,345,87,117
971,345,87,117
971,346,87,117
972,346,87,117
972,346,87,117
973,346,87,117
973,346,87,117
974,347,87,121
974,347,87,121
975,348,87,121
976,348,87,121
976,349,87,121
977,349,87,121
978,350,87,121
978,350,87,121
979,351,87,121
980,351,87,121
981,352,86,124
981,352,86,124
982,352,86,124
983,352,86,124
984,352,86,124
985,352,86,124
985,352,86,124
986,352,86,124
987,352,86,124
988,352,86,124
989,352,91,129
989,353,91,129
990,354,91,129
991,355,91,129
992,356,91,129
993,357,91,129
993,358,91,129
994,359,91,129
995,360,91,129
996,361,91,129
997,362,89,126
998,362,89,126
999,363,89,126
1000,364,89,126
1001,365,89,126
1002,366,89,126
1003,366,89,126
1004,367,89,126
1005,368,89,126
1006,369,89,126
1008,370,86,128
1008,371,86,128
1009,373,86,128
1010,374,86,128
1011,376,86,128
1012,378,86,128
1012,379,86,128
1013,381,86,128
1014,382,86,128
1015,384,86,128
1016,386,91,121
1016,386,91,121
1017,386,91,121
1018,386,91,121
1019,387,91,121
1020,387,91,121
1020,387,91,121
1021,388,91,121
1022,388,91,121
1023,388,91,121
1024,389,88,130
1024,390,88,130
1025,392,88,130
1025,393,88,130
1026,395,88,130
1027,396,88,130
1027,398,88,130
1028,399,88,130
1028,401,88,130
1029,402,88,130
1030,404,92,127
1031,404,92,127
1033,405,92,127
1034,405,92,127
1036,406,92,127
1037,407,92,127
1039,407,92,127
1040,408,92,127
1042,408,92,127
1043,409,92,127
1045,410,89,125
1045,409,89,125
1046,408,89,125
1047,407,89,125
1048,406,89,125
1049,405,89,125
1050,404,89,125
1051,403,89,125
1052,402,89,125
1053,401,89,125
1054,400,89,139
1054,401,89,139
1054,402,89,139
1054,403,89,139
1054,405,89,139
1055,406,89,139
1055,407,89,139
1055,409,89,139
1055,410,89,139
1055,411,89,139
1056,413,93,132
1056,414,93,132
1057,415,93,132
1058,416,93,132
1059,417,93,132
1060,418,93,132
1060,419,93,132
1061,420,93,132
1062,421,93,132
1063,422,93,132
1064,423,91,116
1064,423,91,116
1065,423,91,116
1065,423,91,116
1066,423,91,116
1067,423,91,116
1067,423,91,116
1068,423,91,116
1068,423,91,116
1069,423,91,116
1070,423,91,116
1070,423,91,116
1070,423,91,116
1070,423,91,116
1070,423,91,116
1070,423,91,116
1070,423,91,116
1070,423,91,116
1070,423,91,116
1070,423,91,116
1070,423,97,114
1070,420,97,114
1071,418,97,114
1071,416,97,114
1072,413,97,114
1072,411,97,114
1073,409,97,114
1073,406,97,114
1074,404,97,114
1074,402,97,114
1075,400,96,125
1074,399,96,125
1074,398,96,125
1074,397,96,125
1074,397,96,125
1074,396,96,125
1074,395,96,125
1074,395,96,125
1074,394,96,125
1074,393,96,125
1074,393,97,120
1074,391,97,120
1074,390,97,120
1074,388,97,120
1074,387,97,120
1074,386,97,120
1074,384,97,120
1074,383,97,120
1074,381,97,120
1074,380,97,120
1075,379,94,119
1074,377,94,119
1074,375,94,119
1074,374,94,119
1074,372,94,119
1074,371,94,119
1073,369,94,119
1073,367,94,119
1073,366,94,119
1073,364,94,119
1073,363,92,117
1073,362,92,117
1074,361,92,117
1075,360,92,117
1075,359,92,117
1076,359,92,117
1077,358,92,117
1077,357,92,117
1078,356,92,117
1079,355,92,117
1080,355,87,115
1079,353,87,115
1078,351,87,115
1078,349,87,115
1077,347,87,115
1077,345,87,115
1076,343,87,115
1075,341,87,115
1075,339,87,115
1074,337,87,115
1074,335,87,116
1073,333,87,116
1073,331,87,116
1073,329,87,116
1072,327,87,116
1072,325,87,116
1072,323,87,116
1071,321,87,116
1071,319,87,116
1071,317,87,116
1071,315,90,124
1071,313,90,124
1071,312,90,124
1071,311,90,124
1071,309,90,124
1071,308,90,124
1071,307,90,124
1071,305,90,124
1071,304,90,124
1071,303,90,124
1072,302,84,118
1071,299,84,118
1070,297,84,118
1069,295,84,118
1068,293,84,118
1068,291,84,118
1067,288,84,118
1066,286,84,118
1065,284,84,118
1064,282,84,118
1064,280,95,125
1064,279,95,125
1064,278,95,125
1064,277,95,125
1064,277,95,125
1064,276,95,125
1064,275,95,125
1064,275,95,125
1064,274,95,125
1064,273,95,125
1064,273,91,117
1064,271,91,117
1064,270,91,117
1064,269,91,117
1064,267,91,117
1064,266,91,117
1064,265,91,117
1064,263,91,117
1064,262,91,117
1064,261,91,117
1065,260,93,116
1065,260,93,116
1065,260,93,116
1065,260,93,116
1065,260,93,116
1065,261,93,116
1065,261,93,116
1065,261,93,116
1065,261,93,116
1065,261,93,116
1065,262,88,106
1065,260,88,106
1065,259,88,106
1065,258,88,106
1065,257,88,106
1066,256,88,106
1066,254,88,106
1066,253,88,106
1066,252,88,106
1066,251,88,106
1067,250,83,108
1065,235,83,108
1064,220,83,108
1063,205,83,108
1061,191,83,108
1060,176,83,108
1059,161,83,108
1057,147,83,108
1056,132,83,108
1055,117,83,108
1054,103,85,116
1053,102,85,116
1053,102,85,116
1052,102,85,116
1052,101,85,116
1051,101,85,116
1051,101,85,116
1050,100,85,116
1050,100,85,116
1049,100,85,116
1049,100,90,111
1048,99,90,111
1048,99,90,111
1048,98,90,111
1048,98,90,111
1048,98,90,111
1047,97,90,111
1047,97,90,111
1047,96,90,111
1047,96,90,111
1047,96,88,109
1047,95,88,109
1047,95,88,109
1047,95,88,109
1047,94,88,109
1048,94,88,109
1048,94,88,109
1048,93,88,109
1048,93,88,109
1048,93,88,109
1049,93,84,109
1048,93,84,109
1048,93,84,109
1048,93,84,109
1048,93,84,109
1048,94,84,109
1048,94,84,109
1048,94,84,109
1048,94,84,109
1048,94,84,109
1048,95,83,97
1048,94,83,97
1048,94,83,97
1048,93,83,97
1048,93,83,97
1048,92,83,97
1048,92,83,97
1048,91,83,97
1048,91,83,97
1048,90,83,97
1048,90,83,102
1048,88,83,102
1048,87,83,102
1048,85,83,102
1048,84,83,102
1048,83,83,102
1048,81,83,102
1048,80,83,102
1048,78,83,102
1048,77,83,102
1049,76,87,110
1049,75,87,110
1049,74,87,110
1049,73,87,110
1049,73,87,110
1050,72,87,110
1050,71,87,110
1050,71,87,110
1050,70,87,110
1050,69,87,110
1051,69,82,113
1050,68,82,113
1050,68,82,113
1049,68,82,113
1049,68,82,113
1049,68,82,113
1048,68,82,113
1048,68,82,113
1047,68,82,113
1047,68,82,113
1047,68,88,112
1047,67,88,112
1047,67,88,112
1047,66,88,112
1047,66,88,112
1047,66,88,112
1047,65,88,112
1047,65,88,112
1047,64,88,112
1047,64,88,112
1048,64,87,109
1048,64,87,109
1048,64,87,109
1048,64,87,109
1048,64,87,109
1048,65,87,109
1048,65,87,109
1048,65,87,109
1048,65,87,109
1048,65,87,109
1048,66,83,106
1047,64,83,106
1047,63,83,106
1047,62,83,106
1046,61,83,106
1046,60,83,106
1046,59,83,106
1045,58,83,106
1045,57,83,106
1045,56,83,106
1045,55,86,113
1044,55,86,113
1044,56,86,113
1044,57,86,113
1044,57,86,113
1044,58,86,113
1043,59,86,113
1043,59,86,113
1043,60,86,113
1043,61,86,113
1043,62,90,107
1043,61,90,107
1044,61,90,107
1045,60,90,107
1045,60,90,107
1046,59,90,107
1047,59,90,107
1047,58,90,107
1048,58,90,107
1049,57,90,107
1050,57,81,107
1049,56,81,107
1049,55,81,107
1049,55,81,107
1049,54,81,107
1049,54,81,107
1048,53,81,107
1048,52,81,107
1048,52,81,107
1048,51,81,107
1048,51,83,115
1048,50,83,115
1049,50,83,115
1050,50,83,115
1050,49,83,115
1051,49,83,115
1052,49,83,115
1052,48,83,115
1053,48,83,115
1054,48,83,115
1055,48,79,110
1054,48,79,110
1054,48,79,110
1054,48,79,110
1054,49,79,110
1054,49,79,110
1053,49,79,110
1053,50,79,110
1053,50,79,110
1053,50,79,110
1053,51,84,109
1052,50,84,109
1052,50,84,109
1051,49,84,109
1051,49,84,109
1051,49,84,109
1050,48,84,109
1050,48,84,109
1049,47,84,109
1049,47,84,109
1049,47,90,109
1049,47,90,109
1049,47,90,109
1049,47,90,109
1050,47,90,109
1050,47,90,109
1050,47,90,109
1051,47,90,109
1051,47,90,109
1051,47,90,109
1052,47,87,115
1052,47,87,115
1053,47,87,115
1053,47,87,115
1054,48,87,115
1055,48,87,115
1055,48,87,115
1056,49,87,115
1056,49,87,115
1057,49,87,115
1058,50,83,109
1058,49,83,109
1058,49,83,109
1058,49,83,109
1059,49,83,109
1059,49,83,109
1059,49,83,109
1060,49,83,109
1060,49,83,109
1060,49,83,109
1061,49,84,111
1061,49,84,111
1061,49,84,111
1061,49,84,111
1061,50,84,111
1062,50,84,111
1062,50,84,111
1062,51,84,111
1062,51,84,111
1062,51,84,111
1063,52,80,112
1062,52,80,112
1062,53,80,112
1061,53,80,112
1061,54,80,112
1061,54,80,112
1060,55,80,112
1060,55,80,112
1059,56,80,112
1059,56,80,112
1059,57,82,111
1059,57,82,111
1060,58,82,111
1060,58,82,111
1061,59,82,111
1062,59,82,111
1062,60,82,111
1063,60,82,111
1063,61,82,111
1064,61,82,111
1065,62,82,110
1064,62,82,110
1064,62,82,110
1064,62,82,110
1064,62,82,110
1064,62,82,110
1063,62,82,110
1063,62,82,110
1063,62,82,110
1063,62,82,110
1063,62,80,110
1063,62,80,110
1063,62,80,110
1063,62,80,110
1063,63,80,110
1063,63,80,110
1063,63,80,110
1063,64,80,110
1063,64,80,110
1063,64,80,110
1064,65,81,110
1063,64,81,110
1063,64,81,110
1063,63,81,110
1063,63,81,110
1063,63,81,110
1062,62,81,110
1062,62,81,110
1062,61,81,110
1062,61,81,110
1062,61,83,107
1062,61,83,107
1063,62,83,107
1063,62,83,107
1064,63,83,107
1064,63,83,107
1065,64,83,107
1065,64,83,107
1066,65,83,107
1066,65,83,107
1067,66,82,110
1067,66,82,110
1067,67,82,110
1067,68,82,110
1067,69,82,110
1067,70,82,110
1067,70,82,110
1067,71,82,110
1067,72,82,110
1067,73,82,110
1068,74,83,104
1068,74,83,104
1068,74,83,104
1068,74,83,104
1068,74,83,104
1069,74,83,104
1069,74,83,104
1069,74,83,104
1069,74,83,104
1069,74,83,104
1070,75,83,107
1070,75,83,107
1071,75,83,107
1072,75,83,107
1073,75,83,107
1074,75,83,107
1074,75,83,107
1075,75,83,107
1076,75,83,107
1077,75,83,107
1078,76,79,108
1077,76,79,108
1077,76,79,108
1076,76,79,108
1076,76,79,108
1076,76,79,108
1075,76,79,108
1075,76,79,108
1074,76,79,108
1074,76,79,108
1074,77,85,103
1074,77,85,103
1074,77,85,103
1074,77,85,103
1074,78,85,103
1075,78,85,103
1075,78,85,103
1075,79,85,103
1075,79,85,103
1075,79,85,103
1076,80,87,104
1076,79,87,104
1076,79,87,104
1076,79,87,104
1077,79,87,104
1077,79,87,104
1077,79,87,104
1078,79,87,104
1078,79,87,104
1078,79,87,104
1079,79,86,105
1079,79,86,105
1080,79,86,105
1081,79,86,105
1082,79,86,105
1083,79,86,105
1084,79,86,105
1085,79,86,105
1086,79,86,105
1087,79,86,105
1088,80,79,104
1087,80,79,104
1087,80,79,104
1087,80,79,104
1087,81,79,104
1087,81,79,104
1086,81,79,104
1086,82,79,104
1086,82,79,104
1086,82,79,104
1086,83,88,107
1086,83,88,107
1086,83,88,107
1086,83,88,107
1086,84,88,107
1086,84,88,107
1086,84,88,107
1086,85,88,107
1086,85,88,107
1086,85,88,107
1087,86,89,106
1087,86,89,106
1088,86,89,106
1089,86,89,106
1090,86,89,106
1091,86,89,106
1091,86,89,106
1092,86,89,106
1093,86,89,106
1094,86,89,106
1095,86,85,112
1095,86,85,112
1095,86,85,112
1095,86,85,112
1096,86,85,112
1096,86,85,112
1096,86,85,112
1097,86,85,112
1097,86,85,112
1097,86,85,112
1098,86,84,108
1098,85,84,108
1098,84,84,108
1098,84,84,108
1098,83,84,108
1098,83,84,108
1098,82,84,108
1098,81,84,108
1098,81,84,108
1098,80,84,108
1099,80,85,116
1099,79,85,116
1100,79,85,116
1100,79,85,116
1101,79,85,116
1102,79,85,116
1102,78,85,116
1103,78,85,116
1103,78,85,116
1104,78,85,116
1105,78,85,121
1105,78,85,121
1105,78,85,121
1105,78,85,121
1106,78,85,121
1106,78,85,121
1106,78,85,121
1107,78,85,121
1107,78,85,121
1107,78,85,121
1108,79,87,115
1108,79,87,115
1108,79,87,115
1108,79,87,115
1108,79,87,115
1108,79,87,115
1108,79,87,115
1108,79,87,115
1108,79,87,115
1108,79,87,115
1109,79,87,115
1109,80,87,115
1110,81,87,115
1111,82,87,115
1112,83,87,115
1113,84,87,115
1114,85,87,115
1115,86,87,115
1116,87,87,115
1117,88,87,115
1118,89,78,106
1117,88,78,106
1117,88,78,106
1117,88,78,106
1117,87,78,106
1117,87,78,106
1116,87,78,106
1116,86,78,106
1116,86,78,106
1116,86,78,106
1116,86,84,112
1116,86,84,112
1116,86,84,112
1116,87,84,112
1116,87,84,112
1116,88,84,112
1116,88,84,112
1116,88,84,112
1116,89,84,112
1116,89,84,112
1117,90,83,107
1117,90,83,107
1118,90,83,107
1118,90,83,107
1119,90,83,107
1119,90,83,107
1120,90,83,107
1120,90,83,107
1121,90,83,107
1121,90,83,107
1122,91,81,108
1122,90,81,108
1122,90,81,108
1122,89,81,108
1122,89,81,108
1123,89,81,108
1123,88,81,108
1123,88,81,108
1123,87,81,108
1123,87,81,108
1124,87,79,109
1124,87,79,109
1124,87,79,109
1124,87,79,109
1124,87,79,109
1124,87,79,109
1124,87,79,109
1124,87,79,109
1124,87,79,109
1124,87,79,109
1125,87,78,111
1125,86,78,111
1125,86,78,111
1125,86,78,111
1125,86,78,111
1126,86,78,111
1126,86,78,111
1126,86,78,111
1126,86,78,111
1126,86,78,111
1127,86,78,107
1127,86,78,107
1127,86,78,107
1128,86,78,107
1128,86,78,107
1129,86,78,107
1129,86,78,107
1129,86,78,107
1130,86,78,107
1130,86,78,107
1131,87,78,110
1130,86,78,110
1130,86,78,110
1130,85,78,110
1130,85,78,110
1130,84,78,110
1130,84,78,110
1130,83,78,110
1130,83,78,110
1130,82,78,110
1130,82,78,110
1130,82,78,110
1130,82,78,110
1130,82,78,110
1130,83,78,110
1130,83,78,110
1130,83,78,110
1130,84,78,110
1130,84,78,110
1130,84,78,110
1131,85,75,109
1132,84,75,109
1133,83,75,109
1134,82,75,109
1135,81,75,109
1136,80,75,109
1137,79,75,109
1138,78,75,109
1139,77,75,109
1140,76,75,109
1142,76,81,106
1143,75,81,106
1144,75,81,106
1145,75,81,106
1146,75,81,106
1147,75,81,106
1148,74,81,106
1149,74,81,106
1150,74,81,106
1151,74,81,106
1152,74,74,104
1152,73,74,104
1153,72,74,104
1154,71,74,104
1154,70,74,104
1155,70,74,104
1156,69,74,104
1156,68,74,104
1157,67,74,104
1158,66,74,104
1159,66,75,104
1159,65,75,104
1159,64,75,104
1159,63,75,104
1159,62,75,104
1159,61,75,104
1159,60,75,104
1159,59,75,104
1159,58,75,104
1159,57,75,104
1160,57,83,107
1161,57,83,107
1162,57,83,107
1163,57,83,107
1165,57,83,107
1166,57,83,107
1167,57,83,107
1169,57,83,107
1170,57,83,107
1171,57,83,107
1173,58,77,103
1173,57,77,103
1174,57,77,103
1175,56,77,103
1176,56,77,103
1177,56,77,103
1177,55,77,103
1178,55,77,103
1179,54,77,103
1180,54,77,103
1181,54,78,104
1181,53,78,104
1182,53,78,104
1183,52,78,104
1184,52,78,104
1185,52,78,104
1185,51,78,104
1186,51,78,104
1187,50,78,104
1188,50,78,104
1189,50,75,105
1188,48,75,105
1188,47,75,105
1188,45,75,105
1188,44,75,105
1188,42,75,105
1187,41,75,105
1187,39,75,105
1187,38,75,105
1187,36,75,105
1187,35,80,114
1181,34,80,114
1176,34,80,114
1171,34,80,114
1166,34,80,114
1161,34,80,114
1155,33,80,114
1150,33,80,114
1145,33,80,114
1140,33,80,114
1135,33,83,106
1130,32,83,106
1125,31,83,106
1120,30,83,106
1115,30,83,106
1111,29,83,106
1106,28,83,106
1101,28,83,106
1096,27,83,106
1091,26,83,106
1087,26,84,95
1083,25,84,95
1080,24,84,95
1077,23,84,95
1073,23,84,95
1070,22,84,95
1067,21,84,95
1063,21,84,95
1060,20,84,95
1057,19,84,95
1054,19,77,94
1052,18,77,94
1050,17,77,94
1049,16,77,94
1047,15,77,94
1046,15,77,94
1044,14,77,94
1042,13,77,94
1041,12,77,94
1039,11,77,94
1038,11,78,89
1039,10,78,89
1040,9,78,89
1041,8,78,89
1042,7,78,89
1043,6,78,89
1044,5,78,89
1045,4,78,89
1046,3,78,89
1047,2,78,89
1048,1,75,83
1048,1,75,83
1049,1,75,83
1050,1,75,83
1051,1,75,83
1052,1,75,83
1053,1,75,83
1054,1,75,83
1055,1,75,83
1056,1,75,83
1057,1,74,61
1058,1,74,61
1059,1,74,61
1060,1,74,61
1061,1,74,61
1062,1,74,61
1063,1,74,61
1064,1,74,61
1065,1,74,61
1066,1,74,61
1067,1,80,43
1068,1,80,43
1069,1,80,43
1070,1,80,43
1071,1,80,43
1072,1,80,43
1073,1,80,43
1074,1,80,43
1075,1,80,43
1076,1,80,43
1078,1,73,28
970,0,73,28
862,0,73,28
754,0,73,28
646,0,73,28
538,0,73,28
430,0,73,28
322,0,73,28
214,0,73,28
106,0,73,28
-1,-1,-1,-1
-1,-1,-1,-1
-1,-1,-1,-1
-1,-1,-1,-1
-1,-1,-1,-1
-1,-1,-1,-1
-1,-1,-1,-1
-1,-1,-1,-1
-1,-1,-1,-1
-1,-1,-1,-1
-1,-1,-1,-1
-1,-1,-1,-1
-1,-1,-1,-1
-1,-1,-1,-1
-1,-1,-1,-1
-1,-1,-1,-1
-1,-1,-1,-1
-1,-1,-1,-1
-1,-1,-1,-1
-1,-1,-1,-1
-1,-1,-1,-1
-1,-1,-1,-1
-1,-1,-1,-1
-1,-1,-1,-1
-1,-1,-1,-1
-1,-1,-1,-1
-1,-1,-1,-1
-1,-1,-1,-1
-1,-1,-1,-1
-1,-1,-1,-1
-1,-1,-1,-1
-1,-1,-1,-1
-1,-1,-1,-1
-1,-1,-1,-1
-1,-1,-1,-1
-1,-1,-1,-1
-1,-1,-1,-1
-1,-1,-1,-1
-1,-1,-1,-1
-1,-1,-1,-1
-1,-1,-1,-1
-1,-1,-1,-1
-1,-1,-1,-1
-1,-1,-1,-1
-1,-1,-1,-1
-1,-1,-1,-1
-1,-1,-1,-1
-1,-1,-1,-1
-1,-1,-1,-1
-1,-1,-1,-1
-1,-1,-1,-1
-1,-1,-1,-1
-1,-1,-1,-1
-1,-1,-1,-1
-1,-1,-1,-1
-1,-1,-1,-1
-1,-1,-1,-1
-1,-1,-1,-1
-1,-1,-1,-1
-1,-1,-1,-1
-1,-1,-1,-1
-1,-1,-1,-1
-1,-1,-1,-1
-1,-1,-1,-1
-1,-1,-1,-1
-1,-1,-1,-1
-1,-1,-1,-1
-1,-1,-1,-1
-1,-1,-1,-1
-1,-1,-1,-1
-1,-1,-1,-1
-1,-1,-1,-1
-1,-1,-1,-1
-1,-1,-1,-1
-1,-1,-1,-1
-1,-1,-1,-1
-1,-1,-1,-1
-1,-1,-1,-1
-1,-1,-1,-1
-1,-1,-1,-1
-1,-1,-1,-1
-1,-1,-1,-1
-1,-1,-1,-1
-1,-1,-1,-1
-1,-1,-1,-1
-1,-1,-1,-1
-1,-1,-1,-1
-1,-1,-1,-1
-1,-1,-1,-1
-1,-1,-1,-1
-1,-1,-1,-1
-1,-1,-1,-1
-1,-1,-1,-1
-1,-1,-1,-1
-1,-1,-1,-1
-1,-1,-1,-1
-1,-1,-1,-1
-1,-1,-1,-1
-1,-1,-1,-1
-1,-1,-1,-1
-1,-1,-1,-1
-1,-1,-1,-1
-1,-1,-1,-1
-1,-1,-1,-1
-1,-1,-1,-1
-1,-1,-1,-1
-1,-1,-1,-1
-1,-1,-1,-1
-1,-1,-1,-1
-1,-1,-1,-1
-1,-1,-1,-1
-1,-1,-1,-1
-1,-1,-1,-1
-1,-1,-1,-1
-1,-1,-1,-1
-1,-1,-1,-1
-1,-1,-1,-1
-1,-1,-1,-1
-1,-1,-1,-1
-1,-1,-1,-1
-1,-1,-1,-1
-1,-1,-1,-1
-1,-1,-1,-1
-1,-1,-1,-1
-1,-1,-1,-1
-1,-1,-1,-1
-1,-1,-1,-1
-1,-1,-1,-1
-1,-1,-1,-1
-1,-1,-1,-1
-1,-1,-1,-1
-1,-1,-1,-1
-1,-1,-1,-1
-1,-1,-1,-1
-1,-1,-1,-1
-1,-1,-1,-1
-1,-1,-1,-1
-1,-1,-1,-1
-1,-1,-1,-1
-1,-1,-1,-1
-1,-1,-1,-1
-1,-1,-1,-1
-1,-1,-1,-1
-1,-1,-1,-1
-1,-1,-1,-1
-1,-1,-1,-1
-1,-1,-1,-1
-1,-1,-1,-1
-1,-1,-1,-1
-1,-1,-1,-1
-1,-1,-1,-1
93,1,-1,-1
188,3,-1,-1
283,5,-1,-1
378,7,-1,-1
473,9,-1,-1
568,11,-1,-1
663,13,-1,-1
758,15,-1,-1
853,17,-1,-1
948,19,64,88
946,20,64,88
945,22,64,88
944,23,64,88
942,25,64,88
941,26,64,88
940,28,64,88
938,29,64,88
937,31,64,88
936,32,64,88
935,34,60,88
934,34,60,88
934,34,60,88
934,34,60,88
934,34,60,88
934,34,60,88
934,34,60,88
934,34,60,88
934,34,60,88
934,34,60,88
934,34,58,89
935,35,58,89
937,36,58,89
938,37,58,89
940,38,58,89
942,40,58,89
943,41,58,89
945,42,58,89
946,43,58,89
948,44,58,89
950,46,57,86
951,47,57,86
952,48,57,86
953,50,57,86
954,51,57,86
956,53,57,86
957,54,57,86
958,55,57,86
959,57,57,86
960,58,57,86
962,60,60,81
962,60,60,81
963,60,60,81
964,60,60,81
964,61,60,81
965,61,60,81
966,61,60,81
966,62,60,81
967,62,60,81
968,62,60,81
969,63,60,84
967,63,60,84
966,64,60,84
965,65,60,84
964,66,60,84
963,67,60,84
961,67,60,84
960,68,60,84
959,69,60,84
958,70,60,84
957,71,58,82
957,71,58,82
958,71,58,82
959,71,58,82
960,71,58,82
961,72,58,82
961,72,58,82
962,72,58,82
963,72,58,82
964,72,58,82
965,73,61,86
965,74,61,86
966,75,61,86
966,77,61,86
967,78,61,86
967,80,61,86
968,81,61,86
968,82,61,86
969,84,61,86
969,85,61,86
970,87,62,83
966,87,62,83
963,88,62,83
960,88,62,83
957,89,62,83
954,89,62,83
951,90,62,83
948,90,62,83
945,91,62,83
942,91,62,83
939,92,58,87
933,93,58,87
928,94,58,87
923,95,58,87
918,96,58,87
913,97,58,87
908,98,58,87
903,99,58,87
898,100,58,87
893,101,58,87
888,102,59,83
888,103,59,83
888,104,59,83
888,105,59,83
888,106,59,83
888,107,59,83
888,108,59,83
888,109,59,83
888,110,59,83
888,111,59,83
888,113,63,88
889,114,63,88
890,115,63,88
892,116,63,88
893,118,63,88
895,119,63,88
896,120,63,88
897,122,63,88
899,123,63,88
900,124,63,88
902,126,62,80
903,126,62,80
904,126,62,80
906,126,62,80
907,127,62,80
909,127,62,80
910,127,62,80
911,128,62,80
913,128,62,80
914,128,62,80
916,129,59,91
916,130,59,91
917,131,59,91
918,132,59,91
919,134,59,91
920,135,59,91
920,136,59,91
921,138,59,91
922,139,59,91
923,140,59,91
924,142,64,85
924,142,64,85
925,142,64,85
926,142,64,85
927,142,64,85
928,142,64,85
928,142,64,85
929,142,64,85
930,142,64,85
931,142,64,85
932,142,64,87
933,142,64,87
934,143,64,87
935,144,64,87
936,145,64,87
937,146,64,87
938,146,64,87
939,147,64,87
940,148,64,87
941,149,64,87
942,150,67,85
943,149,67,85
944,149,67,85
946,149,67,85
947,149,67,85
949,149,67,85
950,148,67,85
951,148,67,85
953,148,67,85
954,148,67,85
956,148,63,85
957,148,63,85
958,149,63,85
959,149,63,85
960,150,63,85
961,151,63,85
962,151,63,85
963,152,63,85
964,152,63,85
965,153,63,85
967,154,62,83
968,154,62,83
969,154,62,83
970,155,62,83
972,155,62,83
973,156,62,83
974,156,62,83
976,156,62,83
977,157,62,83
978,157,62,83
980,158,58,80
980,158,58,80
981,158,58,80
981,158,58,80
982,158,58,80
983,159,58,80
983,159,58,80
984,159,58,80
984,159,58,80
985,159,58,80
986,160,60,84
986,160,60,84
987,160,60,84
987,160,60,84
988,160,60,84
989,160,60,84
989,160,60,84
990,160,60,84
990,160,60,84
991,160,60,84
992,161,58,88
992,161,58,88
992,162,58,88
992,163,58,88
993,163,58,88
993,164,58,88
993,165,58,88
994,165,58,88
994,166,58,88
994,167,58,88
995,168,60,79
995,167,60,79
996,166,60,79
996,166,60,79
997,165,60,79
997,165,60,79
998,164,60,79
998,163,60,79
999,163,60,79
999,162,60,79
1000,162,59,92
999,162,59,92
999,162,59,92
999,162,59,92
999,163,59,92
999,163,59,92
998,163,59,92
998,164,59,92
998,164,59,92
998,164,59,92
998,165,62,87
998,164,62,87
999,163,62,87
999,163,62,87
1000,162,62,87
1000,162,62,87
1001,161,62,87
1001,160,62,87
1002,160,62,87
1002,159,62,87
1003,159,60,97
1003,160,60,97
1003,162,60,97
1003,164,60,97
1003,166,60,97
1003,168,60,97
1003,169,60,97
1003,171,60,97
1003,173,60,97
1003,175,60,97
1004,177,56,83
1003,177,56,83
1003,177,56,83
1003,177,56,83
1003,177,56,83
1003,177,56,83
1002,177,56,83
1002,177,56,83
1002,177,56,83
1002,177,56,83
1002,178,59,85
1001,179,59,85
1001,180,59,85
1001,181,59,85
1001,182,59,85
1001,183,59,85
1000,184,59,85
1000,185,59,85
1000,186,59,85
1000,187,59,85
1000,188,59,78
999,188,59,78
999,188,59,78
998,188,59,78
998,188,59,78
998,188,59,78
997,188,59,78
997,188,59,78
996,188,59,78
996,188,59,78
996,189,61,81
995,189,61,81
994,189,61,81
993,189,61,81
992,190,61,81
992,190,61,81
991,190,61,81
990,191,61,81
989,191,61,81
988,191,61,81
988,192,62,82
987,191,62,82
987,191,62,82
987,191,62,82
987,191,62,82
987,191,62,82
986,191,62,82
986,191,62,82
986,191,62,82
986,191,62,82
986,191,58,85
985,191,58,85
984,191,58,85
983,191,58,85
982,191,58,85
982,191,58,85
981,191,58,85
980,191,58,85
979,191,58,85
978,191,58,85
978,192,59,88
976,192,59,88
975,192,59,88
974,192,59,88
973,193,59,88
972,193,59,88
971,193,59,88
970,194,59,88
969,194,59,88
968,194,59,88
967,195,61,87
966,195,61,87
965,195,61,87
964,195,61,87
963,195,61,87
962,195,61,87
961,195,61,87
960,195,61,87
959,195,61,87
958,195,61,87
958,195,62,87
957,195,62,87
956,196,62,87
955,196,62,87
954,197,62,87
953,197,62,87
952,198,62,87
951,198,62,87
950,199,62,87
949,199,62,87
948,200,61,85
947,200,61,85
946,200,61,85
945,201,61,85
944,201,61,85
944,202,61,85
943,202,61,85
942,202,61,85
941,203,61,85
940,203,61,85
940,204,61,86
939,204,61,86
938,204,61,86
938,204,61,86
937,204,61,86
937,204,61,86
936,204,61,86
935,204,61,86
935,204,61,86
934,204,61,86
934,204,60,82
933,204,60,82
932,205,60,82
931,205,60,82
931,206,60,82
930,207,60,82
929,207,60,82
929,208,60,82
928,208,60,82
927,209,60,82
927,210,63,85
926,209,63,85
926,209,63,85
925,209,63,85
925,209,63,85
925,209,63,85
924,209,63,85
924,209,63,85
923,209,63,85
923,209,63,85
923,209,62,87
922,209,62,87
921,210,62,87
921,210,62,87
920,211,62,87
920,211,62,87
919,212,62,87
918,212,62,87
918,213,62,87
917,213,62,87
917,214,62,83
916,214,62,83
916,214,62,83
916,214,62,83
916,214,62,83
916,214,62,83
915,214,62,83
915,214,62,83
915,214,62,83
915,214,62,83
915,215,62,83
914,215,62,83
914,216,62,83
913,216,62,83
913,217,62,83
913,217,62,83
912,218,62,83
912,218,62,83
911,219,62,83
911,219,62,83
911,220,65,86
911,220,65,86
911,220,65,86
911,221,65,86
911,221,65,86
912,222,65,86
912,222,65,86
912,222,65,86
912,223,65,86
912,223,65,86
913,224,64,83
913,223,64,83
913,223,64,83
913,223,64,83
913,222,64,83
913,222,64,83
913,222,64,83
913,221,64,83
913,221,64,83
913,221,64,83
913,221,61,91
913,221,61,91
913,222,61,91
913,222,61,91
913,223,61,91
913,223,61,91
913,224,61,91
913,224,61,91
913,225,61,91
913,225,61,91
914,226,65,87
914,226,65,87
914,226,65,87
914,227,65,87
914,227,65,87
915,228,65,87
915,228,65,87
915,228,65,87
915,229,65,87
915,229,65,87
916,230,62,88
916,230,62,88
916,230,62,88
916,231,62,88
916,231,62,88
917,232,62,88
917,232,62,88
917,232,62,88
917,233,62,88
917,233,62,88
918,234,63,87
918,234,63,87
918,235,63,87
918,235,63,87
918,236,63,87
919,236,63,87
919,237,63,87
919,237,63,87
919,238,63,87
919,238,63,87
920,239,67,86
920,239,67,86
920,240,67,86
921,240,67,86
921,241,67,86
922,242,67,86
922,242,67,86
922,243,67,86
923,243,67,86
923,244,67,86
924,245,64,85
924,245,64,85
924,246,64,85
924,246,64,85
925,247,64,85
925,248,64,85
925,248,64,85
926,249,64,85
926,249,64,85
926,250,64,85
927,251,64,83
927,251,64,83
928,251,64,83
928,251,64,83
929,251,64,83
929,252,64,83
930,252,64,83
930,252,64,83
931,252,64,83
931,252,64,83
932,253,63,87
932,253,63,87
932,254,63,87
932,254,63,87
933,255,63,87
933,256,63,87
933,256,63,87
934,257,63,87
934,257,63,87
934,258,63,87
935,259,62,89
935,259,62,89
935,259,62,89
936,260,62,89
936,260,62,89
937,261,62,89
937,261,62,89
937,261,62,89
938,262,62,89
938,262,62,89
939,263,62,83
939,263,62,83
939,264,62,83
940,264,62,83
940,265,62,83
941,266,62,83
941,266,62,83
941,267,62,83
942,267,62,83
942,268,62,83
943,269,60,87
942,268,60,87
942,268,60,87
942,268,60,87
942,268,60,87
942,268,60,87
941,268,60,87
941,268,60,87
941,268,60,87
941,268,60,87
941,268,66,90
941,268,66,90
942,269,66,90
943,269,66,90
943,270,66,90
944,271,66,90
945,271,66,90
945,272,66,90
946,272,66,90
947,273,66,90
948,274,61,85
948,274,61,85
948,274,61,85
948,274,61,85
948,274,61,85
948,275,61,85
948,275,61,85
948,275,61,85
948,275,61,85
948,275,61,85
949,276,66,90
949,276,66,90
950,277,66,90
950,277,66,90
951,278,66,90
952,279,66,90
952,279,66,90
953,280,66,90
953,280,66,90
954,281,66,90
955,282,63,84
955,281,63,84
955,281,63,84
955,281,63,84
955,281,63,84
956,281,63,84
956,280,63,84
956,280,63,84
956,280,63,84
956,280,63,84
957,280,68,92
958,280,68,92
959,281,68,92
960,281,68,92
961,282,68,92
962,283,68,92
963,283,68,92
964,284,68,92
965,284,68,92
966,285,68,92
968,286,62,84
968,285,62,84
968,285,62,84
968,285,62,84
969,284,62,84
969,284,62,84
969,284,62,84
970,283,62,84
970,283,62,84
970,283,62,84
971,283,62,90
971,283,62,90
971,284,62,90
971,284,62,90
972,285,62,90
972,285,62,90
972,286,62,90
973,286,62,90
973,287,62,90
973,287,62,90
974,288,63,86
974,288,63,86
975,288,63,86
976,288,63,86
977,288,63,86
978,288,63,86
979,288,63,86
980,288,63,86
981,288,63,86
982,288,63,86
983,289,62,88
983,289,62,88
984,289,62,88
984,290,62,88
985,290,62,88
985,291,62,88
986,291,62,88
986,291,62,88
987,292,62,88
987,292,62,88
988,293,60,87
988,293,60,87
988,293,60,87
989,293,60,87
989,294,60,87
990,294,60,87
990,294,60,87
990,295,60,87
991,295,60,87
991,295,60,87
992,296,62,86
992,296,62,86
992,296,62,86
992,296,62,86
993,297,62,86
993,297,62,86
993,297,62,86
994,298,62,86
994,298,62,86
994,298,62,86
995,299,63,88
995,298,63,88
996,298,63,88
996,298,63,88
997,297,63,88
997,297,63,88
998,297,63,88
998,296,63,88
999,296,63,88
999,296,63,88
1000,296,66,91
1000,296,66,91
1001,297,66,91
1001,297,66,91
1002,298,66,91
1003,298,66,91
1003,299,66,91
1004,299,66,91
1004,300,66,91
1005,300,66,91
1006,301,64,83
1006,300,64,83
1007,300,64,83
1008,300,64,83
1009,300,64,83
1010,300,64,83
1010,299,64,83
1011,299,64,83
1012,299,64,83
1013,299,64,83
1014,299,65,86
1014,299,65,86
1014,299,65,86
1014,299,65,86
1015,299,65,86
1015,300,65,86
1015,300,65,86
1016,300,65,86
1016,300,65,86
1016,300,65,86
1017,301,66,84
1017,301,66,84
1018,301,66,84
1018,301,66,84
1019,301,66,84
1019,301,66,84
1020,301,66,84
1020,301,66,84
1021,301,66,84
1021,301,66,84
1022,302,67,82
1022,302,67,82
1023,302,67,82
1023,302,67,82
1024,302,67,82
1025,302,67,82
1025,302,67,82
1026,302,67,82
1026,302,67,82
1027,302,67,82
1028,302,64,84
1028,301,64,84
1029,301,64,84
1029,301,64,84
1030,301,64,84
1031,301,64,84
1031,301,64,84
1032,301,64,84
1032,301,64,84
1033,301,64,84
1034,301,61,81
1034,301,61,81
1034,301,61,81
1034,301,61,81
1034,301,61,81
1035,301,61,81
1035,301,61,81
1035,301,61,81
1035,301,61,81
1035,301,61,81
1036,301,62,82
1035,300,62,82
1035,300,62,82
1035,300,62,82
1035,300,62,82
1035,300,62,82
1035,300,62,82
1035,300,62,82
1035,300,62,82
1035,300,62,82
1035,300,63,84
1034,300,63,84
1034,300,63,84
1033,300,63,84
1033,300,63,84
1033,300,63,84
1032,300,63,84
1032,300,63,84
1031,300,63,84
1031,300,63,84
1031,301,65,81
1030,301,65,81
1030,301,65,81
1029,301,65,81
1029,301,65,81
1029,301,65,81
1028,301,65,81
1028,301,65,81
1027,301,65,81
1027,301,65,81
1027,301,63,82
1026,300,63,82
1025,300,63,82
1024,300,63,82
1023,300,63,82
1022,300,63,82
1021,300,63,82
1020,300,63,82
1019,300,63,82
1018,300,63,82
1018,300,66,86
1017,300,66,86
1016,300,66,86
1015,300,66,86
1014,300,66,86
1014,300,66,86
1013,300,66,86
1012,300,66,86
1011,300,66,86
1010,300,66,86
1010,301,62,81
1008,300,62,81
1007,300,62,81
1005,300,62,81
1004,300,62,81
1003,300,62,81
1001,300,62,81
1000,300,62,81
998,300,62,81
997,300,62,81
996,300,63,83
994,299,63,83
993,299,63,83
992,299,63,83
990,298,63,83
989,298,63,83
988,298,63,83
986,297,63,83
985,297,63,83
984,297,63,83
983,297,66,85
982,297,66,85
981,297,66,85
980,297,66,85
979,297,66,85
979,298,66,85
978,298,66,85
977,298,66,85
976,298,66,85
975,298,66,85
975,299,63,83
973,298,63,83
972,298,63,83
970,297,63,83
969,297,63,83
967,297,63,83
966,296,63,83
964,296,63,83
963,295,63,83
961,295,63,83
960,295,71,95
959,294,71,95
959,294,71,95
959,294,71,95
959,294,71,95
959,294,71,95
959,294,71,95
959,294,71,95
959,294,71,95
959,294,71,95
959,294,68,90
961,300,68,90
964,306,68,90
967,312,68,90
970,318,68,90
973,325,68,90
976,331,68,90
979,337,68,90
982,343,68,90
985,349,68,90
988,356,75,99
988,357,75,99
988,358,75,99
988,359,75,99
988,360,75,99
988,361,75,99
988,362,75,99
988,363,75,99
988,364,75,99
988,365,75,99
989,367,74,97
989,367,74,97
989,367,74,97
990,367,74,97
990,368,74,97
991,368,74,97
991,368,74,97
991,369,74,97
992,369,74,97
992,369,74,97
993,370,72,96
992,370,72,96
992,371,72,96
991,372,72,96
991,372,72,96
991,373,72,96
990,374,72,96
990,374,72,96
989,375,72,96
989,376,72,96
989,377,76,95
989,377,76,95
989,378,76,95
989,379,76,95
990,380,76,95
990,381,76,95
990,382,76,95
991,383,76,95
991,384,76,95
991,385,76,95
992,386,75,96
990,386,75,96
989,387,75,96
988,387,75,96
986,388,75,96
985,389,75,96
984,389,75,96
982,390,75,96
981,390,75,96
980,391,75,96
979,392,80,96
978,392,80,96
978,393,80,96
978,393,80,96
977,394,80,96
977,394,80,96
977,395,80,96
976,395,80,96
976,396,80,96
976,396,80,96
976,397,75,99
974,397,75,99
973,398,75,99
972,399,75,99
970,399,75,99
969,400,75,99
968,401,75,99
966,401,75,99
965,402,75,99
964,403,75,99
963,404,80,100
962,405,80,100
961,406,80,100
960,407,80,100
959,409,80,100
958,410,80,100
957,411,80,100
956,413,80,100
955,414,80,100
954,415,80,100
953,417,78,94
951,418,78,94
949,419,78,94
947,420,78,94
945,421,78,94
943,422,78,94
941,423,78,94
939,424,78,94
937,425,78,94
935,426,78,94
934,427,78,92
932,427,78,92
930,427,78,92
929,428,78,92
927,428,78,92
926,429,78,92
924,429,78,92
922,429,78,92
921,430,78,92
919,430,78,92
918,431,86,94
916,431,86,94
915,432,86,94
914,433,86,94
912,434,86,94
911,435,86,94
910,436,86,94
908,437,86,94
907,438,86,94
906,439,86,94
905,440,86,94
903,440,86,94
902,441,86,94
900,442,86,94
899,443,86,94
898,444,86,94
896,445,86,94
895,446,86,94
893,447,86,94
892,448,86,94
891,449,89,94
893,449,89,94
896,449,89,94
899,450,89,94
902,450,89,94
905,451,89,94
907,451,89,94
910,451,89,94
913,452,89,94
916,452,89,94
919,453,87,100
921,453,87,100
924,454,87,100
927,455,87,100
930,455,87,100
933,456,87,100
935,457,87,100
938,457,87,100
941,458,87,100
944,459,87,100
947,460,88,98
948,460,88,98
950,461,88,98
952,462,88,98
954,462,88,98
956,463,88,98
958,464,88,98
960,464,88,98
962,465,88,98
964,466,88,98
966,467,85,99
967,467,85,99
968,468,85,99
969,469,85,99
970,470,85,99
971,471,85,99
972,472,85,99
973,473,85,99
974,474,85,99
975,475,85,99
976,476,91,100
977,477,91,100
978,478,91,100
979,479,91,100
980,480,91,100
981,481,91,100
982,482,91,100
983,483,91,100
984,484,91,100
985,485,91,100
987,487,89,99
988,487,89,99
990,488,89,99
992,489,89,99
994,490,89,99
996,491,89,99
998,491,89,99
1000,492,89,99
1002,493,89,99
1004,494,89,99
1006,495,88,99
1007,496,88,99
1008,497,88,99
1009,499,88,99
1011,500,88,99
1012,502,88,99
1013,503,88,99
1015,504,88,99
1016,506,88,99
1017,507,88,99
1019,509,91,95
1021,509,91,95
1023,510,91,95
1025,511,91,95
1027,511,91,95
1029,512,91,95
1031,513,91,95
1033,513,91,95
1035,514,91,95
1037,515,91,95
1040,516,85,103
1041,517,85,103
1042,518,85,103
1043,520,85,103
1044,521,85,103
1045,523,85,103
1046,524,85,103
1047,525,85,103
1048,527,85,103
1049,528,85,103
1051,530,86,99
1050,531,86,99
1050,532,86,99
1050,533,86,99
1050,535,86,99
1050,536,86,99
1050,537,86,99
1050,539,86,99
1050,540,86,99
1050,541,86,99
1050,543,91,102
1049,544,91,102
1049,546,91,102
1049,547,91,102
1049,549,91,102
1049,551,91,102
1049,552,91,102
1049,554,91,102
1049,555,91,102
1049,557,91,102
1049,559,90,101
1049,560,90,101
1050,562,90,101
1050,564,90,101
1051,566,90,101
1052,568,90,101
1052,570,90,101
1053,572,90,101
1053,574,90,101
1054,576,90,101
1055,578,88,102
1055,580,88,102
1056,582,88,102
1057,584,88,102
1058,586,88,102
1059,588,88,102
1060,590,88,102
1061,592,88,102
1062,594,88,102
1063,596,88,102
1064,598,93,100
1066,600,93,100
1068,602,93,100
1070,604,93,100
1072,606,93,100
1074,609,93,100
1076,611,93,100
1078,613,93,100
1080,615,93,100
1082,617,93,100
1084,620,90,103
1086,622,90,103
1088,624,90,103
1090,627,90,103
1092,629,90,103
1094,632,90,103
1096,634,90,103
1098,636,90,103
1100,639,90,103
1102,641,90,103
1104,644,90,111
1104,646,90,111
1104,649,90,111
1104,652,90,111
1104,655,90,111
1104,658,90,111
1104,660,90,111
1104,663,90,111
1104,666,90,111
1104,669,90,111
1104,672,83,109
1103,674,83,109
1103,677,83,109
1102,680,83,109
1102,683,83,109
1101,686,83,109
1101,689,83,109
1100,692,83,109
1100,695,83,109
1099,698,83,109
1099,701,88,111
1098,704,88,111
1098,708,88,111
1098,711,88,111
1097,715,88,111
1097,719,88,111
1097,722,88,111
1096,726,88,111
1096,729,88,111
1096,733,88,111
1096,737,87,109
1095,740,87,109
1095,743,87,109
1095,746,87,109
1095,749,87,109
1095,752,87,109
1095,755,87,109
1095,758,87,109
1095,761,87,109
1095,764,87,109
1095,767,87,109
1094,769,87,109
1093,772,87,109
1093,775,87,109
1092,778,87,109
1092,781,87,109
1091,783,87,109
1090,786,87,109
1090,789,87,109
1089,792,87,109
1089,795,91,109
1088,796,91,109
1087,798,91,109
1087,800,91,109
1086,801,91,109
1086,803,91,109
1085,805,91,109
1084,806,91,109
1084,808,91,109
1083,810,91,109
1083,812,94,115
1082,813,94,115
1082,814,94,115
1081,815,94,115
1081,817,94,115
1081,818,94,115
1080,819,94,115
1080,821,94,115
1079,822,94,115
1079,823,94,115
1079,825,95,113
1078,825,95,113
1078,825,95,113
1078,826,95,113
1078,826,95,113
1078,827,95,113
1078,827,95,113
1078,827,95,113
1078,828,95,113
1078,828,95,113
1078,829,91,113
1077,828,91,113
1076,828,91,113
1075,828,91,113
1074,828,91,113
1074,828,91,113
1073,828,91,113
1072,828,91,113
1071,828,91,113
1070,828,91,113
1070,828,94,110
1069,826,94,110
1068,825,94,110
1067,823,94,110
1066,822,94,110
1065,820,94,110
1064,819,94,110
1063,817,94,110
1062,816,94,110
1061,814,94,110
1060,813,99,110
1060,810,99,110
1060,808,99,110
1060,806,99,110
1060,804,99,110
1060,802,99,110
1060,800,99,110
1060,798,99,110
1060,796,99,110
1060,794,99,110
1060,792,91,106
1059,789,91,106
1058,787,91,106
1058,784,91,106
1057,782,91,106
1057,780,91,106
1056,777,91,106
1055,775,91,106
1055,772,91,106
1054,770,91,106
1054,768,90,110
1053,765,90,110
1052,763,90,110
1051,760,90,110
1050,758,90,110
1049,756,90,110
1048,753,90,110
1047,751,90,110
1046,748,90,110
1045,746,90,110
1045,744,90,107
1044,741,90,107
1044,739,90,107
1043,736,90,107
1043,734,90,107
1043,731,90,107
1042,729,90,107
1042,726,90,107
1041,724,90,107
1041,721,90,107
1041,719,86,104
1040,717,86,104
1040,715,86,104
1039,713,86,104
1039,712,86,104
1038,710,86,104
1038,708,86,104
1037,707,86,104
1037,705,86,104
1036,703,86,104
1036,702,79,104
1034,699,79,104
1033,696,79,104
1032,693,79,104
1030,690,79,104
1029,687,79,104
1028,684,79,104
1026,681,79,104
1025,678,79,104
1024,675,79,104
1023,673,87,103
1022,670,87,103
1022,668,87,103
1022,665,87,103
1021,663,87,103
1021,661,87,103
1021,658,87,103
1020,656,87,103
1020,653,87,103
1020,651,87,103
1020,649,84,106
1019,647,84,106
1019,645,84,106
1018,643,84,106
1018,641,84,106
1017,640,84,106
1017,638,84,106
1016,636,84,106
1016,634,84,106
1015,632,84,106
1015,631,82,104
1014,628,82,104
1013,626,82,104
1012,623,82,104
1011,621,82,104
1010,619,82,104
1009,616,82,104
1008,614,82,104
1007,611,82,104
1006,609,82,104
1005,607,87,106
1004,604,87,106
1003,602,87,106
1003,600,87,106
1002,598,87,106
1002,596,87,106
1001,594,87,106
1000,592,87,106
1000,590,87,106
999,588,87,106
999,586,87,106
998,584,87,106
998,583,87,106
997,581,87,106
997,580,87,106
997,578,87,106
996,577,87,106
996,575,87,106
995,574,87,106
995,572,87,106
995,571,89,105
995,570,89,105
996,569,89,105
996,568,89,105
997,567,89,105
998,566,89,105
998,565,89,105
999,564,89,105
999,563,89,105
1000,562,89,105
1001,562,75,98
1000,560,75,98
999,559,75,98
999,558,75,98
998,557,75,98
998,556,75,98
997,555,75,98
996,554,75,98
996,553,75,98
995,552,75,98
995,551,77,95
994,549,77,95
994,548,77,95
994,547,77,95
994,546,77,95
994,545,77,95
994,544,77,95
994,543,77,95
994,542,77,95
994,541,77,95
994,540,74,97
993,539,74,97
993,538,74,97
993,538,74,97
993,537,74,97
993,537,74,97
992,536,74,97
992,535,74,97
992,535,74,97
992,534,74,97
992,534,76,96
992,533,76,96
992,533,76,96
992,532,76,96
992,532,76,96
992,532,76,96
992,531,76,96
992,531,76,96
992,530,76,96
992,530,76,96
992,530,72,95
991,529,72,95
990,528,72,95
989,527,72,95
989,527,72,95
988,526,72,95
987,525,72,95
987,525,72,95
986,524,72,95
985,523,72,95
985,523,79,97
985,523,79,97
985,523,79,97
985,523,79,97
985,523,79,97
985,523,79,97
985,523,79,97
985,523,79,97
985,523,79,97
985,523,79,97
985,524,78,96
985,524,78,96
985,524,78,96
985,524,78,96
985,524,78,96
985,524,78,96
985,524,78,96
985,524,78,96
985,524,78,96
985,524,78,96
985,524,77,97
985,524,77,97
985,524,77,97
985,524,77,97
985,524,77,97
985,524,77,97
985,524,77,97
985,524,77,97
985,524,77,97
985,524,77,97
986,524,76,97
985,523,76,97
985,523,76,97
985,523,76,97
985,523,76,97
985,523,76,97
985,523,76,97
985,523,76,97
985,523,76,97
985,523,76,97
985,523,76,99
984,522,76,99
984,522,76,99
984,522,76,99
984,521,76,99
984,521,76,99
984,521,76,99
984,520,76,99
984,520,76,99
984,520,76,99
984,520,82,99
984,519,82,99
984,519,82,99
984,519,82,99
984,519,82,99
984,519,82,99
984,519,82,99
984,519,82,99
984,519,82,99
984,519,82,99
984,519,78,100
983,518,78,100
983,517,78,100
983,516,78,100
983,515,78,100
983,514,78,100
983,513,78,100
983,512,78,100
983,511,78,100
983,510,78,100
983,510,79,99
982,508,79,99
982,506,79,99
982,504,79,99
982,502,79,99
982,500,79,99
982,498,79,99
982,496,79,99
982,494,79,99
982,492,79,99
982,491,83,102
982,489,83,102
983,488,83,102
983,486,83,102
984,485,83,102
985,484,83,102
985,482,83,102
986,481,83,102
986,479,83,102
987,478,83,102
988,477,79,103
988,475,79,103
988,474,79,103
988,472,79,103
988,471,79,103
989,469,79,103
989,468,79,103
989,466,79,103
989,465,79,103
989,463,79,103
990,462,80,105
989,461,80,105
989,460,80,105
989,459,80,105
989,458,80,105
989,457,80,105
988,456,80,105
988,455,80,105
988,454,80,105
988,453,80,105
988,452,85,104
988,451,85,104
988,450,85,104
988,449,85,104
988,448,85,104
988,447,85,104
988,446,85,104
988,445,85,104
988,444,85,104
988,443,85,104
989,443,86,108
989,442,86,108
990,441,86,108
991,440,86,108
991,440,86,108
992,439,86,108
993,438,86,108
993,438,86,108
994,437,86,108
995,436,86,108
996,436,82,108
996,435,82,108
996,434,82,108
996,433,82,108
996,432,82,108
996,431,82,108
996,430,82,108
996,429,82,108
996,428,82,108
996,427,82,108
996,427,86,110
996,427,86,110
997,427,86,110
997,427,86,110
998,427,86,110
998,427,86,110
999,427,86,110
999,427,86,110
1000,427,86,110
1000,427,86,110
1001,427,86,112
1001,427,86,112
1001,427,86,112
1001,427,86,112
1001,427,86,112
1001,428,86,112
1001,428,86,112
1001,428,86,112
1001,428,86,112
1001,428,86,112
1002,429,90,113
1002,429,90,113
1003,429,90,113
1004,429,90,113
1004,429,90,113
1005,430,90,113
1006,430,90,113
1006,430,90,113
1007,430,90,113
1008,430,90,113
1009,431,88,115
1009,431,88,115
1009,432,88,115
1009,433,88,115
1010,433,88,115
1010,434,88,115
1010,435,88,115
1011,435,88,115
1011,436,88,115
1011,437,88,115
1012,438,94,117
1012,438,94,117
1012,439,94,117
1012,440,94,117
1013,441,94,117
1013,442,94,117
1013,442,94,117
1014,443,94,117
1014,444,94,117
1014,445,94,117
1015,446,96,122
1016,447,96,122
1017,448,96,122
1018,449,96,122
1019,451,96,122
1020,452,96,122
1021,453,96,122
1022,455,96,122
1023,456,96,122
1024,457,96,122
1025,459,92,116
1025,459,92,116
1025,459,92,116
1025,460,92,116
1026,460,92,116
1026,461,92,116
1026,461,92,116
1027,461,92,116
1027,462,92,116
1027,462,92,116
1028,463,98,124
1028,464,98,124
1029,465,98,124
1030,466,98,124
1031,467,98,124
1032,468,98,124
1033,469,98,124
1034,470,98,124
1035,471,98,124
1036,472,98,124
1037,474,96,124
1037,474,96,124
1037,475,96,124
1038,476,96,124
1038,477,96,124
1039,478,96,124
1039,479,96,124
1039,480,96,124
1040,481,96,124
1040,482,96,124
1041,483,99,131
1041,483,99,131
1042,483,99,131
1042,483,99,131
1043,483,99,131
1044,484,99,131
1044,484,99,131
1045,484,99,131
1045,484,99,131
1046,484,99,131
1047,485,106,136
1047,485,106,136
1048,486,106,136
1049,487,106,136
1050,488,106,136
1051,489,106,136
1051,490,106,136
1052,491,106,136
1053,492,106,136
1054,493,106,136
1055,494,106,134
1055,493,106,134
1055,493,106,134
1056,492,106,134
1056,492,106,134
1057,491,106,134
1057,491,106,134
1057,490,106,134
1058,490,106,134
1058,489,106,134
1059,489,114,140
1059,489,114,140
1059,489,114,140
1059,489,114,140
1060,489,114,140
1060,489,114,140
1060,489,114,140
1061,489,114,140
1061,489,114,140
1061,489,114,140
1062,489,118,140
1063,489,118,140
1064,489,118,140
1066,489,118,140
1067,489,118,140
1069,489,118,140
1070,489,118,140
1071,489,118,140
1073,489,118,140
1074,489,118,140
1076,490,116,145
1076,490,116,145
1077,490,116,145
1078,490,116,145
1078,490,116,145
1079,490,116,145
1080,490,116,145
1080,490,116,145
1081,490,116,145
1082,490,116,145
1083,491,119,146
1084,491,119,146
1085,491,119,146
1086,491,119,146
1087,491,119,146
1088,491,119,146
1089,491,119,146
1090,491,119,146
1091,491,119,146
1092,491,119,146
1094,492,117,151
1102,468,117,151
1111,445,117,151
1119,421,117,151
1128,398,117,151
1137,374,117,151
1145,351,117,151
1154,327,117,151
1162,304,117,151
1171,280,117,151
1180,257,152,192
1179,256,152,192
1179,256,152,192
1178,255,152,192
1178,255,152,192
1178,254,152,192
1177,254,152,192
1177,253,152,192
1176,253,152,192
1176,252,152,192
1176,252,153,196
1176,252,153,196
1177,252,153,196
1177,252,153,196
1178,253,153,196
1179,253,153,196
1179,253,153,196
1180,254,153,196
1180,254,153,196
1181,254,153,196
1182,255,149,189
1182,254,149,189
1182,254,149,189
1182,254,149,189
1183,254,149,189
1183,254,149,189
1183,254,149,189
1184,254,149,189
1184,254,149,189
1184,254,149,189
1185,254,146,194
1184,254,146,194
1184,254,146,194
1184,254,146,194
1183,255,146,194
1183,255,146,194
1183,255,146,194
1182,256,146,194
1182,256,146,194
1182,256,146,194
1182,257,153,187
1181,257,153,187
1181,258,153,187
1181,258,153,187
1181,259,153,187
1181,259,153,187
1180,260,153,187
1180,260,153,187
1180,261,153,187
1180,261,153,187
1180,262,143,183
1180,261,143,183
1180,261,143,183
1180,260,143,183
1180,260,143,183
1181,260,143,183
1181,259,143,183
1181,259,143,183
1181,258,143,183
1181,258,143,183
1182,258,146,185
1182,258,146,185
1182,258,146,185
1182,258,146,185
1182,258,146,185
1183,258,146,185
1183,258,146,185
1183,258,146,185
1183,258,146,185
1183,258,146,185
1184,259,143,185
1184,258,143,185
1184,258,143,185
1184,258,143,185
1184,258,143,185
1184,258,143,185
1184,258,143,185
1184,258,143,185
1184,258,143,185
1184,258,143,185
1184,258,143,184
1184,257,143,184
1184,257,143,184
1184,257,143,184
1185,257,143,184
1185,257,143,184
1185,256,143,184
1186,256,143,184
1186,256,143,184
1186,256,143,184
1187,256,143,187
1187,256,143,187
1187,257,143,187
1187,257,143,187
1187,258,143,187
1188,258,143,187
1188,259,143,187
1188,259,143,187
1188,260,143,187
1188,260,143,187
1189,261,142,187
1188,261,142,187
1188,261,142,187
1188,261,142,187
1188,261,142,187
1188,261,142,187
1188,261,142,187
1188,261,142,187
1188,261,142,187
1188,261,142,187
1188,262,147,186
1188,261,147,186
1188,261,147,186
1188,261,147,186
1189,261,147,186
1189,261,147,186
1189,260,147,186
1190,260,147,186
1190,260,147,186
1190,260,147,186
1191,260,141,194
1191,260,141,194
1191,260,141,194
1191,260,141,194
1191,261,141,194
1191,261,141,194
1191,261,141,194
1191,262,141,194
1191,262,141,194
1191,262,141,194
1192,263,143,186
1191,263,143,186
1191,263,143,186
1191,263,143,186
1191,263,143,186
1191,263,143,186
1191,263,143,186
1191,263,143,186
1191,263,143,186
1191,263,143,186
1191,263,139,190
1191,262,139,190
1191,262,139,190
1191,262,139,190
1191,261,139,190
1191,261,139,190
1191,261,139,190
1191,260,139,190
1191,260,139,190
1191,260,139,190
1192,260,142,189
1192,260,142,189
1192,260,142,189
1192,260,142,189
1192,260,142,189
1192,261,142,189
1192,261,142,189
1192,261,142,189
1192,261,142,189
1192,261,142,189
1192,262,141,186
1192,262,141,186
1192,262,141,186
1192,263,141,186
1192,263,141,186
1192,264,141,186
1192,264,141,186
1192,264,141,186
1192,265,141,186
1192,265,141,186
1192,266,141,185
1191,265,141,185
1191,264,141,185
1191,264,141,185
1190,263,141,185
1190,263,141,185
1190,262,141,185
1189,261,141,185
1189,261,141,185
1189,260,141,185
1189,260,140,189
1189,260,140,189
1189,260,140,189
1189,261,140,189
1189,261,140,189
1189,262,140,189
1189,262,140,189
1189,262,140,189
1189,263,140,189
1189,263,140,189
1189,264,140,183
1189,264,140,183
1189,264,140,183
1189,264,140,183
1190,264,140,183
1190,264,140,183
1190,264,140,183
1191,264,140,183
1191,264,140,183
1191,264,140,183
1192,265,138,184
1192,265,138,184
1193,265,138,184
1193,265,138,184
1194,265,138,184
1194,265,138,184
1195,265,138,184
1195,265,138,184
1196,265,138,184
1196,265,138,184
1197,265,135,183
1196,264,135,183
1195,264,135,183
1195,264,135,183
1194,263,135,183
1194,263,135,183
1193,263,135,183
1192,262,135,183
1192,262,135,183
1191,262,135,183
1191,262,145,193
1191,262,145,193
1191,262,145,193
1191,262,145,193
1191,262,145,193
1191,262,145,193
1191,262,145,193
1191,262,145,193
1191,262,145,193
1191,262,145,193
1191,262,140,189
1191,262,140,189
1191,262,140,189
1191,262,140,189
1191,262,140,189
1191,263,140,189
1191,263,140,189
1191,263,140,189
1191,263,140,189
1191,263,140,189
1192,264,136,183
1191,263,136,183
1191,263,136,183
1190,263,136,183
1190,263,136,183
1189,263,136,183
1189,262,136,183
1188,262,136,183
1188,262,136,183
1187,262,136,183
1187,262,149,188
1186,262,149,188
1186,262,149,188
1186,262,149,188
1186,262,149,188
1186,263,149,188
1186,263,149,188
1186,263,149,188
1186,263,149,188
1186,263,149,188
1186,264,144,184
1185,263,144,184
1185,263,144,184
1185,263,144,184
1185,262,144,184
1185,262,144,184
1185,262,144,184
1185,261,144,184
1185,261,144,184
1185,261,144,184
1185,261,151,189
1185,261,151,189
1185,261,151,189
1185,261,151,189
1185,262,151,189
1185,262,151,189
1185,262,151,189
1185,263,151,189
1185,263,151,189
1185,263,151,189
1186,264,146,186
1186,264,146,186
1186,264,146,186
1186,264,146,186
1186,264,146,186
1186,264,146,186
1186,264,146,186
1186,264,146,186
1186,264,146,186
1186,264,146,186
1186,264,144,187
1186,263,144,187
1186,263,144,187
1186,263,144,187
1186,263,144,187
1186,263,144,187
1186,263,144,187
1186,263,144,187
1186,263,144,187
1186,263,144,187
1187,263,145,185
1187,262,145,185
1187,262,145,185
1187,262,145,185
1188,262,145,185
1188,262,145,185
1188,262,145,185
1189,262,145,185
1189,262,145,185
1189,262,145,185
1190,262,141,183
1190,261,141,183
1190,261,141,183
1190,261,141,183
1190,261,141,183
1191,261,141,183
1191,261,141,183
1191,261,141,183
1191,261,141,183
1191,261,141,183
1192,261,142,189
1191,261,142,189
1191,261,142,189
1191,261,142,189
1191,261,142,189
1191,261,142,189
1191,261,142,189
1191,261,142,189
1191,261,142,189
1191,261,142,189
1191,261,148,187
1190,260,148,187
1190,260,148,187
1189,260,148,187
1189,260,148,187
1189,260,148,187
1188,260,148,187
1188,260,148,187
1187,260,148,187
1187,260,148,187
1187,260,145,188
1186,260,145,188
1186,260,145,188
1185,260,145,188
1185,260,145,188
1184,261,145,188
1184,261,145,188
1183,261,145,188
1183,261,145,188
1182,261,145,188
1182,262,156,188
1182,262,156,188
1183,262,156,188
1184,262,156,188
1184,262,156,188
1185,262,156,188
1186,262,156,188
1186,262,156,188
1187,262,156,188
1188,262,156,188
1189,262,145,188
1189,262,145,188
1189,262,145,188
1189,262,145,188
1190,262,145,188
1190,262,145,188
1190,262,145,188
1191,262,145,188
1191,262,145,188
1191,262,145,188
1192,262,142,188
1191,261,142,188
1191,261,142,188
1191,261,142,188
1191,261,142,188
1191,261,142,188
1191,261,142,188
1191,261,142,188
1191,261,142,188
1191,261,142,188
1191,261,139,191
1190,261,139,191
1190,261,139,191
1189,261,139,191
1189,261,139,191
1189,261,139,191
1188,261,139,191
1188,261,139,191
1187,261,139,191
1187,261,139,191
1187,261,143,193
1187,261,143,193
1187,261,143,193
1187,261,143,193
1187,261,143,193
1187,261,143,193
1187,261,143,193
1187,261,143,193
1187,261,143,193
1187,261,143,193
1187,261,144,191
1187,261,144,191
1188,261,144,191
1188,261,144,191
1189,261,144,191
1189,261,144,191
1190,261,144,191
1190,261,144,191
1191,261,144,191
1191,261,144,191
1192,261,139,191
1192,261,139,191
1192,261,139,191
1192,261,139,191
1192,261,139,191
1192,261,139,191
1192,261,139,191
1192,261,139,191
1192,261,139,191
1192,261,139,191
1192,261,140,193
1191,260,140,193
1191,260,140,193
1190,260,140,193
1190,260,140,193
1189,260,140,193
1189,260,140,193
1188,260,140,193
1188,260,140,193
1187,260,140,193
1187,260,149,194
1187,260,149,194
1187,260,149,194
1187,260,149,194
1187,260,149,194
1187,260,149,194
1187,260,149,194
1187,260,149,194
1187,260,149,194
1187,260,149,194
1187,260,148,195
1187,260,148,195
1187,260,148,195
1187,261,148,195
1187,261,148,195
1187,262,148,195
1187,262,148,195
1187,262,148,195
1187,263,148,195
1187,263,148,195
1187,264,148,191
1187,263,148,191
1187,263,148,191
1187,263,148,191
1187,263,148,191
1187,263,148,191
1187,262,148,191
1187,262,148,191
1187,262,148,191
1187,262,148,191
1187,262,145,193
1187,262,145,193
1187,262,145,193
1188,262,145,193
1188,262,145,193
1189,262,145,193
1189,262,145,193
1189,262,145,193
1190,262,145,193
1190,262,145,193
1191,262,141,193
1190,262,141,193
1190,262,141,193
1189,262,141,193
1189,262,141,193
1188,262,141,193
1188,262,141,193
1187,262,141,193
1187,262,141,193
1186,262,141,193
1186,262,145,192
1186,262,145,192
1186,262,145,192
1186,263,145,192
1186,263,145,192
1187,264,145,192
1187,264,145,192
1187,264,145,192
1187,265,145,192
1187,265,145,192
1188,266,143,188
1187,265,143,188
1187,265,143,188
1187,264,143,188
1187,264,143,188
1187,263,143,188
1186,263,143,188
1186,262,143,188
1186,262,143,188
1186,261,143,188
1186,261,148,195
1186,261,148,195
1187,261,148,195
1187,261,148,195
1188,261,148,195
1189,262,148,195
1189,262,148,195
1190,262,148,195
1190,262,148,195
1191,262,148,195
1192,263,140,193
1191,262,140,193
1191,262,140,193
1191,262,140,193
1191,262,140,193
1191,262,140,193
1191,261,140,193
1191,261,140,193
1191,261,140,193
1191,261,140,193
1191,261,144,191
1191,261,144,191
1191,261,144,191
1191,261,144,191
1191,261,144,191
1191,261,144,191
1191,261,144,191
1191,261,144,191
1191,261,144,191
1191,261,144,191
1191,262,146,194
1190,262,146,194
1190,262,146,194
1189,262,146,194
1189,262,146,194
1189,262,146,194
1188,262,146,194
1188,262,146,194
1187,262,146,194
1187,262,146,194
1187,262,151,192
1186,261,151,192
1186,260,151,192
1186,260,151,192
1186,259,151,192
1186,259,151,192
1185,258,151,192
1185,257,151,192
1185,257,151,192
1185,256,151,192
1185,256,153,198
1185,256,153,198
1185,257,153,198
1185,257,153,198
1185,258,153,198
1186,259,153,198
1186,259,153,198
1186,260,153,198
1186,260,153,198
1186,261,153,198
1187,262,144,189
1187,261,144,189
1187,261,144,189
1188,261,144,189
1188,261,144,189
1189,261,144,189
1189,260,144,189
1189,260,144,189
1190,260,144,189
1190,260,144,189
1191,260,145,200
1190,260,145,200
1190,261,145,200
1190,261,145,200
1189,262,145,200
1189,263,145,200
1189,263,145,200
1188,264,145,200
1188,264,145,200
1188,265,145,200
1188,266,147,195
1187,265,147,195
1187,265,147,195
1187,265,147,195
1187,265,147,195
1187,265,147,195
1187,264,147,195
1187,264,147,195
1187,264,147,195
1187,264,147,195
1187,264,149,192
1187,263,149,192
1187,263,149,192
1188,263,149,192
1188,263,149,192
1189,263,149,192
1189,262,149,192
1189,262,149,192
1190,262,149,192
1190,262,149,192
1191,262,141,193
1190,261,141,193
1190,261,141,193
1190,261,141,193
1190,261,141,193
1190,261,141,193
1189,261,141,193
1189,261,141,193
1189,261,141,193
1189,261,141,193
1189,261,148,196
1188,260,148,196
1188,260,148,196
1188,260,148,196
1188,260,148,196
1188,260,148,196
1188,260,148,196
1188,260,148,196
1188,260,148,196
1188,260,148,196
1188,260,147,196
1188,260,147,196
1188,260,147,196
1189,260,147,196
1189,260,147,196
1190,261,147,196
1190,261,147,196
1190,261,147,196
1191,261,147,196
1191,261,147,196
1192,262,143,194
1191,261,143,194
1190,261,143,194
1189,261,143,194
1189,261,143,194
1188,261,143,194
1187,261,143,194
1187,261,143,194
1186,261,143,194
1185,261,143,194
1185,261,146,197
1184,260,146,197
1184,260,146,197
1183,260,146,197
1183,260,146,197
1182,260,146,197
1182,260,146,197
1181,260,146,197
1181,260,146,197
1180,260,146,197
1180,260,149,193
1180,260,149,193
1180,260,149,193
1180,260,149,193
1180,260,149,193
1180,260,149,193
1180,260,149,193
1180,260,149,193
1180,260,149,193
1180,260,149,193
1180,260,154,194
1180,260,154,194
1181,261,154,194
1182,262,154,194
1183,263,154,194
1184,264,154,194
1184,264,154,194
1185,265,154,194
1186,266,154,194
1187,267,154,194
1188,268,146,186
1188,268,146,186
1188,268,146,186
1188,268,146,186
1188,268,146,186
1188,268,146,186
1188,268,146,186
1188,268,146,186
1188,268,146,186
1188,268,146,186
1188,268,150,190
1188,267,150,190
1188,267,150,190
1188,266,150,190
1188,266,150,190
1188,265,150,190
1188,265,150,190
1188,264,150,190
1188,264,150,190
1188,263,150,190
1188,263,150,195
1188,263,150,195
1188,263,150,195
1188,263,150,195
1188,263,150,195
1188,263,150,195
1188,263,150,195
1188,263,150,195
1188,263,150,195
1188,263,150,195
1188,263,142,184
1187,263,142,184
1187,263,142,184
1186,263,142,184
1186,263,142,184
1186,263,142,184
1185,263,142,184
1185,263,142,184
1184,263,142,184
1184,263,142,184
1184,263,147,187
1184,263,147,187
1184,263,147,187
1184,263,147,187
1184,263,147,187
1184,263,147,187
1184,263,147,187
1184,263,147,187
1184,263,147,187
1184,263,147,187
1184,263,146,197
1184,262,146,197
1184,262,146,197
1184,262,146,197
1184,261,146,197
1185,261,146,197
1185,261,146,197
1185,260,146,197
1185,260,146,197
1185,260,146,197
1186,260,144,200
1186,259,144,200
1186,259,144,200
1186,258,144,200
1186,258,144,200
1186,258,144,200
1186,257,144,200
1186,257,144,200
1186,256,144,200
1186,256,144,200
1186,256,148,202
1186,256,148,202
1186,257,148,202
1186,257,148,202
1187,258,148,202
1187,259,148,202
1187,259,148,202
1188,260,148,202
1188,260,148,202
1188,261,148,202
1189,262,145,196
1189,262,145,196
1189,262,145,196
1189,262,145,196
1189,262,145,196
1189,262,145,196
1189,262,145,196
1189,262,145,196
1189,262,145,196
1189,262,145,196
1189,262,145,195
1188,261,145,195
1188,261,145,195
1188,261,145,195
1188,261,145,195
1188,261,145,195
1188,260,145,195
1188,260,145,195
1188,260,145,195
1188,260,145,195
1188,260,146,197
1188,260,146,197
1188,260,146,197
1188,260,146,197
1188,260,146,197
1188,260,146,197
1188,260,146,197
1188,260,146,197
1188,260,146,197
1188,260,146,197
1188,260,142,201
1188,260,142,201
1188,260,142,201
1188,260,142,201
1188,260,142,201
1188,260,142,201
1188,260,142,201
1188,260,142,201
1188,260,142,201
1188,260,142,201
1188,261,146,199
1188,261,146,199
1188,261,146,199
1188,261,146,199
1188,261,146,199
1188,261,146,199
1188,261,146,199
1188,261,146,199
1188,261,146,199
1188,261,146,199
1188,261,143,201
1188,261,143,201
1188,261,143,201
1188,261,143,201
1188,261,143,201
1188,261,143,201
1188,261,143,201
1188,261,143,201
1188,261,143,201
1188,261,143,201
1188,262,149,195
1188,262,149,195
1188,262,149,195
1188,262,149,195
1188,262,149,195
1188,263,149,195
1188,263,149,195
1188,263,149,195
1188,263,149,195
1188,263,149,195
1188,264,146,196
1187,263,146,196
1187,263,146,196
1187,263,146,196
1187,263,146,196
1187,263,146,196
1187,263,146,196
1187,263,146,196
1187,263,146,196
1187,263,146,196
1187,263,151,193
1186,262,151,193
1186,262,151,193
1186,261,151,193
1186,261,151,193
1186,260,151,193
1186,260,151,193
1186,259,151,193
1186,259,151,193
1186,258,151,193
1186,258,149,189
1180,270,149,189
1174,283,149,189
1168,296,149,189
1162,309,149,189
1156,322,149,189
1150,335,149,189
1144,348,149,189
1138,361,149,189
1132,374,149,189
1127,387,130,186
1127,390,130,186
1128,394,130,186
1128,397,130,186
1129,401,130,186
1129,404,130,186
1130,408,130,186
1130,411,130,186
1131,415,130,186
1131,418,130,186
1132,422,132,186
1132,425,132,186
1132,428,132,186
1132,431,132,186
1133,434,132,186
1133,437,132,186
1133,440,132,186
1134,443,132,186
1134,446,132,186
1134,449,132,186
1135,452,135,194
1135,455,135,194
1135,458,135,194
1135,461,135,194
1135,464,135,194
1136,467,135,194
1136,470,135,194
1136,473,135,194
1136,476,135,194
1136,479,135,194
1137,482,137,192
1137,484,137,192
1138,486,137,192
1139,488,137,192
1140,490,137,192
1141,492,137,192
1141,494,137,192
1142,496,137,192
1143,498,137,192
1144,500,137,192
1145,502,133,198
1145,503,133,198
1145,505,133,198
1145,506,133,198
1146,508,133,198
1146,509,133,198
1146,511,133,198
1147,512,133,198
1147,514,133,198
1147,515,133,198
1148,517,136,200
1148,518,136,200
1148,520,136,200
1148,522,136,200
1148,524,136,200
1148,526,136,200
1148,527,136,200
1148,529,136,200
1148,531,136,200
1148,533,136,200
1148,535,140,206
1148,536,140,206
1149,538,140,206
1150,539,140,206
1150,541,140,206
1151,543,140,206
1152,544,140,206
1152,546,140,206
1153,547,140,206
1154,549,140,206
1155,551,130,212
1153,552,130,212
1151,554,130,212
1149,556,130,212
1148,557,130,212
1146,559,130,212
1144,561,130,212
1143,562,130,212
1141,564,130,212
1139,566,130,212
1138,568,131,212
1134,569,131,212
1130,570,131,212
1126,571,131,212
1122,572,131,212
1118,574,131,212
1114,575,131,212
1110,576,131,212
1106,577,131,212
1102,578,131,212
1099,580,136,215
1096,581,136,215
1094,583,136,215
1092,585,136,215
1089,587,136,215
1087,589,136,215
1085,590,136,215
1082,592,136,215
1080,594,136,215
1078,596,136,215
1076,598,129,224
1075,598,129,224
1074,598,129,224
1073,598,129,224
1072,599,129,224
1071,599,129,224
1070,599,129,224
1069,600,129,224
1068,600,129,224
1067,600,129,224
1066,601,134,231
1064,602,134,231
1063,603,134,231
1062,604,134,231
1061,606,134,231
1060,607,134,231
1058,608,134,231
1057,610,134,231
1056,611,134,231
1055,612,134,231
1054,614,135,224
1054,615,135,224
1054,617,135,224
1054,619,135,224
1054,620,135,224
1054,622,135,224
1054,624,135,224
1054,625,135,224
1054,627,135,224
1054,629,135,224
1055,631,124,229
1053,632,124,229
1052,633,124,229
1051,634,124,229
1050,636,124,229
1049,637,124,229
1048,638,124,229
1047,640,124,229
1046,641,124,229
1045,642,124,229
1044,644,132,214
1042,645,132,214
1040,646,132,214
1039,647,132,214
1037,648,132,214
1036,650,132,214
1034,651,132,214
1032,652,132,214
1031,653,132,214
1029,654,132,214
1028,656,133,216
1026,657,133,216
1024,658,133,216
1023,659,133,216
1021,660,133,216
1020,661,133,216
1018,662,133,216
1016,663,133,216
1015,664,133,216
1013,665,133,216
1012,667,138,215
1010,667,138,215
1008,667,138,215
1006,667,138,215
1004,668,138,215
1002,668,138,215
1000,668,138,215
998,669,138,215
996,669,138,215
994,669,138,215
992,670,144,219
992,670,144,219
992,671,144,219
992,671,144,219
992,672,144,219
993,672,144,219
993,673,144,219
993,673,144,219
993,674,144,219
993,674,144,219
994,675,134,215
995,675,134,215
996,675,134,215
997,675,134,215
998,675,134,215
999,675,134,215
1000,675,134,215
1001,675,134,215
1002,675,134,215
1003,675,134,215
1004,675,131,219
1003,675,131,219
1003,675,131,219
1003,675,131,219
1003,675,131,219
1003,675,131,219
1003,675,131,219
1003,675,131,219
1003,675,131,219
1003,675,131,219
1003,675,136,215
1001,674,136,215
1000,673,136,215
999,673,136,215
998,672,136,215
997,672,136,215
996,671,136,215
995,670,136,215
994,670,136,215
993,669,136,215
992,669,141,219
992,668,141,219
992,668,141,219
992,668,141,219
992,667,141,219
993,667,141,219
993,667,141,219
993,666,141,219
993,666,141,219
993,666,141,219
994,666,131,210
996,665,131,210
998,664,131,210
1000,663,131,210
1002,663,131,210
1005,662,131,210
1007,661,131,210
1009,661,131,210
1011,660,131,210
1013,659,131,210
1016,659,131,211
1018,658,131,211
1020,657,131,211
1022,657,131,211
1024,656,131,211
1026,656,131,211
1028,655,131,211
1030,654,131,211
1032,654,131,211
1034,653,131,211
1037,653,135,206
1039,651,135,206
1041,650,135,206
1043,649,135,206
1045,648,135,206
1048,647,135,206
1050,645,135,206
1052,644,135,206
1054,643,135,206
1056,642,135,206
1059,641,134,209
1061,638,134,209
1064,636,134,209
1066,634,134,209
1069,632,134,209
1072,630,134,209
1074,628,134,209
1077,626,134,209
1079,624,134,209
1082,622,134,209
1085,620,130,213
1086,618,130,213
1087,616,130,213
1088,614,130,213
1090,612,130,213
1091,610,130,213
1092,608,130,213
1094,606,130,213
1095,604,130,213
1096,602,130,213
1098,600,134,212
1096,598,134,212
1094,597,134,212
1092,595,134,212
1090,594,134,212
1088,593,134,212
1086,591,134,212
1084,590,134,212
1082,588,134,212
1080,587,134,212
1079,586,130,201
1076,583,130,201
1074,581,130,201
1072,578,130,201
1070,576,130,201
1068,573,130,201
1066,571,130,201
1064,568,130,201
1062,566,130,201
1060,563,130,201
1058,561,134,210
1054,559,134,210
1050,557,134,210
1046,555,134,210
1042,553,134,210
1038,552,134,210
1034,550,134,210
1030,548,134,210
1026,546,134,210
1022,544,134,210
1019,543,136,202
1015,540,136,202
1011,538,136,202
1007,536,136,202
1003,534,136,202
1000,532,136,202
996,529,136,202
992,527,136,202
988,525,136,202
984,523,136,202
981,521,127,197
976,517,127,197
972,514,127,197
967,511,127,197
963,508,127,197
959,505,127,197
954,501,127,197
950,498,127,197
945,495,127,197
941,492,127,197
937,489,133,201
936,486,133,201
936,483,133,201
936,480,133,201
936,477,133,201
936,474,133,201
936,471,133,201
936,468,133,201
936,465,133,201
936,462,133,201
936,459,124,199
938,456,124,199
940,453,124,199
942,450,124,199
945,447,124,199
947,445,124,199
949,442,124,199
952,439,124,199
954,436,124,199
956,433,124,199
959,431,124,191
960,428,124,191
962,425,124,191
964,422,124,191
965,420,124,191
967,417,124,191
969,414,124,191
970,412,124,191
972,409,124,191
974,406,124,191
976,404,125,183
976,401,125,183
977,398,125,183
977,395,125,183
978,393,125,183
979,390,125,183
979,387,125,183
980,385,125,183
980,382,125,183
981,379,125,183
982,377,120,188
979,374,120,188
976,372,120,188
973,369,120,188
971,367,120,188
968,365,120,188
965,362,120,188
963,360,120,188
960,357,120,188
957,355,120,188
955,353,126,185
951,350,126,185
947,347,126,185
943,344,126,185
940,341,126,185
936,338,126,185
932,335,126,185
929,332,126,185
925,329,126,185
921,326,126,185
918,323,125,192
913,320,125,192
908,317,125,192
903,314,125,192
898,311,125,192
893,308,125,192
888,305,125,192
883,302,125,192
878,299,125,192
873,296,125,192
868,294,124,196
865,291,124,196
862,289,124,196
859,286,124,196
856,284,124,196
854,282,124,196
851,279,124,196
848,277,124,196
845,274,124,196
842,272,124,196
840,270,117,195
838,268,117,195
837,267,117,195
835,265,117,195
834,264,117,195
833,263,117,195
831,261,117,195
830,260,117,195
828,258,117,195
827,257,117,195
826,256,125,181
825,254,125,181
825,252,125,181
825,251,125,181
825,249,125,181
825,248,125,181
825,246,125,181
825,244,125,181
825,243,125,181
825,241,125,181
825,240,118,171
826,236,118,171
828,232,118,171
829,228,118,171
831,224,118,171
833,221,118,171
834,217,118,171
836,213,118,171
837,209,118,171
839,205,118,171
841,202,122,184
840,199,122,184
840,197,122,184
839,194,122,184
839,192,122,184
839,190,122,184
838,187,122,184
838,185,122,184
837,182,122,184
837,180,122,184
837,178,126,180
833,176,126,180
829,174,126,180
825,172,126,180
821,170,126,180
818,169,126,180
814,167,126,180
810,165,126,180
806,163,126,180
802,161,126,180
799,160,123,173
796,157,123,173
793,155,123,173
790,153,123,173
787,151,123,173
785,149,123,173
782,147,123,173
779,145,123,173
776,143,123,173
773,141,123,173
771,139,117,168
771,136,117,168
771,134,117,168
771,131,117,168
771,129,117,168
772,127,117,168
772,124,117,168
772,122,117,168
772,119,117,168
772,117,117,168
773,115,119,165
774,112,119,165
776,109,119,165
778,106,119,165
780,103,119,165
782,100,119,165
784,97,119,165
786,94,119,165
788,91,119,165
790,88,119,165
792,86,116,170
792,83,116,170
793,80,116,170
794,77,116,170
795,74,116,170
796,72,116,170
796,69,116,170
797,66,116,170
798,63,116,170
799,60,116,170
800,58,118,167
801,55,118,167
802,52,118,167
803,49,118,167
804,46,118,167
805,43,118,167
806,40,118,167
807,37,118,167
808,34,118,167
809,31,118,167
811,28,114,166
812,25,114,166
813,23,114,166
814,20,114,166
815,18,114,166
816,15,114,166
817,13,114,166
818,10,114,166
819,8,114,166
820,5,114,166
821,3,114,167
821,2,114,167
822,2,114,167
823,2,114,167
824,2,114,167
825,2,114,167
825,1,114,167
826,1,114,167
827,1,114,167
828,1,114,167
829,1,114,148
829,1,114,148
830,1,114,148
831,1,114,148
831,1,114,148
832,1,114,148
833,1,114,148
833,1,114,148
834,1,114,148
835,1,114,148
836,1,111,136
836,1,111,136
836,1,111,136
836,1,111,136
836,1,111,136
836,1,111,136
836,1,111,136
836,1,111,136
836,1,111,136
836,1,111,136
837,1,114,128
837,1,114,128
837,1,114,128
838,1,114,128
838,1,114,128
839,1,114,128
839,1,114,128
839,1,114,128
840,1,114,128
840,1,114,128
841,1,112,138
840,1,112,138
840,1,112,138
840,1,112,138
839,1,112,138
839,1,112,138
839,1,112,138
838,1,112,138
838,1,112,138
838,1,112,138
838,1,117,148
839,1,117,148
840,1,117,148
841,1,117,148
842,1,117,148
844,1,117,148
845,1,117,148
846,1,117,148
847,1,117,148
848,1,117,148
850,2,103,172
849,2,103,172
848,3,103,172
847,3,103,172
847,4,103,172
846,4,103,172
845,5,103,172
845,5,103,172
844,6,103,172
843,6,103,172
843,7,114,161
842,8,114,161
842,10,114,161
842,12,114,161
842,13,114,161
842,15,114,161
841,17,114,161
841,18,114,161
841,20,114,161
841,22,114,161
841,24,122,162
838,26,122,162
836,28,122,162
834,30,122,162
831,32,122,162
829,35,122,162
827,37,122,162
824,39,122,162
822,41,122,162
820,43,122,162
818,46,117,156
817,45,117,156
816,45,117,156
815,45,117,156
814,45,117,156
813,45,117,156
812,45,117,156
811,45,117,156
810,45,117,156
809,45,117,156
808,45,117,164
809,47,117,164
811,49,117,164
812,51,117,164
814,53,117,164
815,56,117,164
817,58,117,164
818,60,117,164
820,62,117,164
821,64,117,164
823,67,105,158
823,67,105,158
823,67,105,158
823,68,105,158
823,68,105,158
823,69,105,158
823,69,105,158
823,69,105,158
823,70,105,158
823,70,105,158
823,71,108,167
823,72,108,167
824,74,108,167
824,76,108,167
825,78,108,167
826,80,108,167
826,82,108,167
827,84,108,167
827,86,108,167
828,88,108,167
829,90,106,159
828,91,106,159
827,92,106,159
826,93,106,159
826,94,106,159
825,95,106,159
824,96,106,159
824,97,106,159
823,98,106,159
822,99,106,159
822,100,119,160
821,102,119,160
821,105,119,160
821,107,119,160
820,110,119,160
820,113,119,160
820,115,119,160
819,118,119,160
819,120,119,160
819,123,119,160
819,126,116,159
819,128,116,159
819,130,116,159
819,132,116,159
820,134,116,159
820,137,116,159
820,139,116,159
821,141,116,159
821,143,116,159
821,145,116,159
822,148,105,155
821,149,105,155
820,150,105,155
819,152,105,155
818,153,105,155
818,155,105,155
817,156,105,155
816,157,105,155
815,159,105,155
814,160,105,155
814,162,106,157
813,164,106,157
812,167,106,157
811,170,106,157
811,173,106,157
810,176,106,157
809,179,106,157
809,182,106,157
808,185,106,157
807,188,106,157
807,191,106,156
806,193,106,156
805,195,106,156
804,197,106,156
803,199,106,156
803,201,106,156
802,203,106,156
801,205,106,156
800,207,106,156
799,209,106,156
799,211,108,158
798,214,108,158
797,218,108,158
797,221,108,158
796,225,108,158
796,229,108,158
795,232,108,158
794,236,108,158
794,239,108,158
793,243,108,158
793,247,107,152
791,250,107,152
790,254,107,152
789,258,107,152
788,262,107,152
787,266,107,152
786,269,107,152
785,273,107,152
784,277,107,152
783,281,107,152
782,285,107,150
780,288,107,150
779,292,107,150
778,296,107,150
777,300,107,150
776,304,107,150
775,307,107,150
774,311,107,150
773,315,107,150
772,319,107,150
771,323,105,145
770,325,105,145
769,328,105,145
768,330,105,145
767,333,105,145
766,336,105,145
765,338,105,145
764,341,105,145
763,343,105,145
762,346,105,145
762,349,107,153
760,353,107,153
759,357,107,153
758,361,107,153
757,366,107,153
756,370,107,153
755,374,107,153
754,379,107,153
753,383,107,153
752,387,107,153
751,392,103,146
772,441,103,146
794,491,103,146
815,540,103,146
837,590,103,146
858,640,103,146
880,689,103,146
901,739,103,146
923,788,103,146
944,838,103,146
966,888,87,106
975,881,87,106
985,875,87,106
995,868,87,106
1005,862,87,106
1015,855,87,106
1024,849,87,106
1034,842,87,106
1044,836,87,106
1054,829,87,106
1064,823,87,108
1062,817,87,108
1061,812,87,108
1059,806,87,108
1058,801,87,108
1057,795,87,108
1055,790,87,108
1054,784,87,108
1052,779,87,108
1051,773,87,108
1050,768,87,98
1048,762,87,98
1047,757,87,98
1045,752,87,98
1044,746,87,98
1043,741,87,98
1041,736,87,98
1040,730,87,98
1038,725,87,98
1037,720,87,98
1036,715,81,94
1034,708,81,94
1033,702,81,94
1031,696,81,94
1030,690,81,94
1028,684,81,94
1027,677,81,94
1025,671,81,94
1024,665,81,94
1022,659,81,94
1021,653,75,92
1020,648,75,92
1019,643,75,92
1018,638,75,92
1017,633,75,92
1016,629,75,92
1015,624,75,92
1014,619,75,92
1013,614,75,92
1012,609,75,92
1011,605,69,85
1009,599,69,85
1007,594,69,85
1005,588,69,85
1003,583,69,85
1001,578,69,85
999,572,69,85
997,567,69,85
995,561,69,85
993,556,69,85
992,551,75,82
990,544,75,82
988,538,75,82
986,531,75,82
984,525,75,82
982,519,75,82
980,512,75,82
978,506,75,82
976,499,75,82
974,493,75,82
972,487,77,93
970,481,77,93
969,476,77,93
968,471,77,93
967,466,77,93
966,461,77,93
964,456,77,93
963,451,77,93
962,446,77,93
961,441,77,93
960,436,71,97
958,432,71,97
957,428,71,97
956,424,71,97
955,420,71,97
954,416,71,97
952,412,71,97
951,408,71,97
950,404,71,97
949,400,71,97
948,397,72,89
946,391,72,89
944,386,72,89
942,380,72,89
940,375,72,89
938,370,72,89
936,364,72,89
934,359,72,89
932,353,72,89
930,348,72,89
929,343,71,90
927,339,71,90
926,335,71,90
925,332,71,90
924,328,71,90
923,325,71,90
922,321,71,90
921,317,71,90
920,314,71,90
919,310,71,90
918,307,69,81
916,302,69,81
915,298,69,81
914,294,69,81
913,290,69,81
912,286,69,81
911,282,69,81
910,278,69,81
909,274,69,81
908,270,69,81
907,266,65,84
904,262,65,84
902,259,65,84
900,255,65,84
898,252,65,84
896,248,65,84
894,245,65,84
892,241,65,84
890,238,65,84
888,234,65,84
886,231,70,78
884,228,70,78
883,225,70,78
881,222,70,78
880,219,70,78
878,217,70,78
877,214,70,78
875,211,70,78
874,208,70,78
872,205,70,78
871,203,70,71
871,203,70,71
871,203,70,71
