908,194,511,547
908,193,511,547
908,193,511,547
908,192,511,547
908,192,511,547
908,192,511,547
908,191,511,547
908,191,511,547
908,190,511,547
908,190,511,547
908,190,515,549
907,189,515,549
907,189,515,549
907,189,515,549
907,189,515,549
907,189,515,549
906,188,515,549
906,188,515,549
906,188,515,549
906,188,515,549
906,188,515,553
906,188,515,553
906,188,515,553
906,189,515,553
906,189,515,553
907,190,515,553
907,190,515,553
907,190,515,553
907,191,515,553
907,191,515,553
908,192,513,547
907,191,513,547
906,191,513,547
906,190,513,547
905,190,513,547
905,190,513,547
904,189,513,547
903,189,513,547
903,188,513,547
902,188,513,547
902,188,516,546
902,188,516,546
903,188,516,546
903,189,516,546
904,189,516,546
905,190,516,546
905,190,516,546
906,190,516,546
906,191,516,546
907,191,516,546
908,192,511,546
908,192,511,546
908,192,511,546
908,192,511,546
908,192,511,546
908,192,511,546
908,192,511,546
908,192,511,546
908,192,511,546
908,192,511,546
908,192,515,549
907,191,515,549
907,191,515,549
907,191,515,549
907,191,515,549
907,191,515,549
906,190,515,549
906,190,515,549
906,190,515,549
906,190,515,549
906,190,519,551
906,189,519,551
907,189,519,551
907,189,519,551
908,188,519,551
909,188,519,551
909,188,519,551
910,187,519,551
910,187,519,551
911,187,519,551
912,187,521,546
912,187,521,546
913,188,521,546
914,188,521,546
914,189,521,546
915,189,521,546
916,190,521,546
916,190,521,546
917,191,521,546
918,191,521,546
919,192,515,542
919,192,515,542
920,192,515,542
921,192,515,542
921,192,515,542
922,192,515,542
923,192,515,542
923,192,515,542
924,192,515,542
925,192,515,542
926,193,512,547
926,193,512,547
927,193,512,547
928,193,512,547
928,193,512,547
929,193,512,547
930,193,512,547
930,193,512,547
931,193,512,547
932,193,512,547
933,193,510,547
932,192,510,547
931,192,510,547
930,192,510,547
930,192,510,547
929,192,510,547
928,192,510,547
928,192,510,547
927,192,510,547
926,192,510,547
926,192,510,546
925,192,510,546
925,192,510,546
924,193,510,546
924,193,510,546
924,194,510,546
923,194,510,546
923,194,510,546
922,195,510,546
922,195,510,546
922,196,516,549
921,195,516,549
921,195,516,549
921,194,516,549
921,194,516,549
921,194,516,549
920,193,516,549
920,193,516,549
920,192,516,549
920,192,516,549
920,192,516,551
898,214,516,551
876,236,516,551
854,258,516,551
833,280,516,551
811,302,516,551
789,324,516,551
768,346,516,551
746,368,516,551
724,390,516,551
703,412,714,453
703,411,714,453
703,411,714,453
704,411,714,453
704,411,714,453
705,411,714,453
705,411,714,453
705,411,714,453
706,411,714,453
706,411,714,453
707,411,712,452
707,410,712,452
707,409,712,452
707,409,712,452
707,408,712,452
708,408,712,452
708,407,712,452
708,406,712,452
708,406,712,452
708,405,712,452
709,405,710,452
708,404,710,452
708,404,710,452
708,404,710,452
708,404,710,452
708,404,710,452
707,403,710,452
707,403,710,452
707,403,710,452
707,403,710,452
707,403,716,452
707,402,716,452
708,402,716,452
708,401,716,452
709,401,716,452
710,401,716,452
710,400,716,452
711,400,716,452
711,399,716,452
712,399,716,452
713,399,710,454
713,399,710,454
713,399,710,454
713,399,710,454
713,399,710,454
714,399,710,454
714,399,710,454
714,399,710,454
714,399,710,454
714,399,710,454
715,399,712,454
715,400,712,454
715,401,712,454
715,402,712,454
715,404,712,454
715,405,712,454
715,406,712,454
715,408,712,454
715,409,712,454
715,410,712,454
715,412,708,454
714,414,708,454
714,416,708,454
713,418,708,454
713,421,708,454
713,423,708,454
712,425,708,454
712,428,708,454
711,430,708,454
711,432,708,454
711,435,714,453
711,430,714,453
711,426,714,453
711,421,714,453
711,417,714,453
711,412,714,453
711,408,714,453
711,403,714,453
711,399,714,453
711,394,714,453
711,390,706,449
711,378,706,449
712,367,706,449
713,355,706,449
714,344,706,449
715,332,706,449
715,321,706,449
716,309,706,449
717,298,706,449
718,286,706,449
719,275,704,450
719,276,704,450
719,277,704,450
719,278,704,450
719,280,704,450
719,281,704,450
719,282,704,450
719,284,704,450
719,285,704,450
719,286,704,450
719,288,702,458
719,291,702,458
719,294,702,458
719,297,702,458
719,300,702,458
720,303,702,458
720,306,702,458
720,309,702,458
720,312,702,458
720,315,702,458
721,318,702,456
720,321,702,456
720,324,702,456
720,327,702,456
720,331,702,456
720,334,702,456
719,337,702,456
719,341,702,456
719,344,702,456
719,347,702,456
719,351,700,454
719,353,700,454
719,356,700,454
719,359,700,454
720,362,700,454
720,365,700,454
720,367,700,454
721,370,700,454
721,373,700,454
721,376,700,454
722,379,699,454
722,382,699,454
722,385,699,454
722,388,699,454
722,391,699,454
723,395,699,454
723,398,699,454
723,401,699,454
723,404,699,454
723,407,699,454
724,411,693,457
724,414,693,457
724,418,693,457
724,421,693,457
725,425,693,457
725,428,693,457
725,432,693,457
726,435,693,457
726,439,693,457
726,442,693,457
727,446,690,453
727,449,690,453
727,453,690,453
727,457,690,453
727,460,690,453
727,464,690,453
727,468,690,453
727,471,690,453
727,475,690,453
727,479,690,453
727,483,689,453
727,483,689,453
727,484,689,453
727,484,689,453
727,485,689,453
727,485,689,453
727,486,689,453
727,486,689,453
727,487,689,453
727,487,689,453
727,488,690,450
727,485,690,450
727,482,690,450
727,479,690,450
727,477,690,450
727,474,690,450
727,471,690,450
727,469,690,450
727,466,690,450
727,463,690,450
727,461,685,451
727,457,685,451
727,454,685,451
727,451,685,451
728,448,685,451
728,445,685,451
728,441,685,451
729,438,685,451
729,435,685,451
729,432,685,451
730,429,680,452
730,425,680,452
730,422,680,452
730,419,680,452
730,415,680,452
730,412,680,452
730,409,680,452
730,405,680,452
730,402,680,452
730,399,680,452
730,396,678,450
729,392,678,450
729,388,678,450
729,384,678,450
729,381,678,450
729,377,678,450
729,373,678,450
729,370,678,450
729,366,678,450
729,362,678,450
729,359,674,452
728,357,674,452
728,356,674,452
728,355,674,452
728,353,674,452
728,352,674,452
727,351,674,452
727,349,674,452
727,348,674,452
727,347,674,452
727,346,678,453
727,348,678,453
727,350,678,453
727,353,678,453
727,355,678,453
727,358,678,453
727,360,678,453
727,362,678,453
727,365,678,453
727,367,678,453
727,370,674,457
726,372,674,457
726,375,674,457
726,378,674,457
726,381,674,457
726,384,674,457
725,386,674,457
725,389,674,457
725,392,674,457
725,395,674,457
725,398,670,450
725,400,670,450
725,402,670,450
725,404,670,450
725,406,670,450
725,409,670,450
725,411,670,450
725,413,670,450
725,415,670,450
725,417,670,450
725,420,668,450
725,420,668,450
725,420,668,450
725,420,668,450
725,420,668,450
725,421,668,450
725,421,668,450
725,421,668,450
725,421,668,450
725,421,668,450
725,422,665,457
725,420,665,457
725,419,665,457
725,418,665,457
725,416,665,457
726,415,665,457
726,414,665,457
726,412,665,457
726,411,665,457
726,410,665,457
727,409,659,457
727,406,659,457
727,404,659,457
727,402,659,457
727,400,659,457
727,398,659,457
727,396,659,457
727,394,659,457
727,392,659,457
727,390,659,457
727,388,657,458
727,386,657,458
727,384,657,458
727,383,657,458
728,381,657,458
728,380,657,458
728,378,657,458
729,376,657,458
729,375,657,458
729,373,657,458
730,372,654,448
730,371,654,448
730,370,654,448
730,369,654,448
730,368,654,448
730,367,654,448
730,366,654,448
730,365,654,448
730,364,654,448
730,363,654,448
730,362,654,452
730,363,654,452
730,364,654,452
730,365,654,452
730,366,654,452
730,368,654,452
730,369,654,452
730,370,654,452
730,371,654,452
730,372,654,452
730,374,656,455
730,374,656,455
730,375,656,455
730,376,656,455
730,376,656,455
731,377,656,455
731,378,656,455
731,378,656,455
731,379,656,455
731,380,656,455
732,381,654,455
732,381,654,455
732,382,654,455
732,383,654,455
732,383,654,455
732,384,654,455
732,385,654,455
732,385,654,455
732,386,654,455
732,387,654,455
732,388,656,453
732,389,656,453
732,390,656,453
732,391,656,453
732,392,656,453
732,393,656,453
732,394,656,453
732,395,656,453
732,396,656,453
732,397,656,453
732,398,652,454
732,400,652,454
732,402,652,454
732,404,652,454
732,406,652,454
732,409,652,454
732,411,652,454
732,413,652,454
732,415,652,454
732,417,652,454
732,420,652,454
732,424,652,454
732,428,652,454
733,432,652,454
733,436,652,454
734,440,652,454
734,444,652,454
734,448,652,454
735,452,652,454
735,456,652,454
736,461,646,450
736,465,646,450
736,469,646,450
737,473,646,450
737,477,646,450
738,481,646,450
738,485,646,450
738,489,646,450
739,493,646,450
739,497,646,450
740,501,642,454
740,505,642,454
740,510,642,454
740,515,642,454
741,520,642,454
741,525,642,454
741,529,642,454
742,534,642,454
742,539,642,454
742,544,642,454
743,549,637,447
743,553,637,447
743,558,637,447
744,562,637,447
744,567,637,447
745,571,637,447
745,576,637,447
745,580,637,447
746,585,637,447
746,589,637,447
747,594,635,448
747,598,635,448
747,603,635,448
748,607,635,448
748,612,635,448
749,617,635,448
749,621,635,448
749,626,635,448
750,630,635,448
750,635,635,448
751,640,633,440
751,639,633,440
751,639,633,440
751,639,633,440
751,639,633,440
751,639,633,440
751,638,633,440
751,638,633,440
751,638,633,440
751,638,633,440
751,638,635,442
751,633,635,442
751,629,635,442
752,625,635,442
752,621,635,442
753,617,635,442
753,612,635,442
753,608,635,442
754,604,635,442
754,600,635,442
755,596,627,439
756,590,627,439
757,585,627,439
758,580,627,439
759,575,627,439
760,570,627,439
761,564,627,439
762,559,627,439
763,554,627,439
764,549,627,439
766,544,624,433
767,532,624,433
768,521,624,433
770,510,624,433
771,498,624,433
773,487,624,433
774,476,624,433
775,464,624,433
777,453,624,433
778,442,624,433
780,431,621,448
780,417,621,448
781,404,621,448
782,391,621,448
783,377,621,448
784,364,621,448
784,351,621,448
785,337,621,448
786,324,621,448
787,311,621,448
788,298,618,437
788,282,618,437
789,267,618,437
790,252,618,437
790,237,618,437
791,222,618,437
792,206,618,437
792,191,618,437
793,176,618,437
794,161,618,437
795,146,615,433
796,131,615,433
798,117,615,433
800,102,615,433
802,88,615,433
804,73,615,433
806,59,615,433
808,44,615,433
810,30,615,433
812,15,615,433
814,1,620,402
816,1,620,402
819,1,620,402
822,1,620,402
825,1,620,402
828,1,620,402
830,1,620,402
833,1,620,402
836,1,620,402
839,1,620,402
842,1,631,250
849,1,631,250
857,1,631,250
865,1,631,250
872,1,631,250
880,1,631,250
888,1,631,250
895,1,631,250
903,1,631,250
911,1,631,250
919,1,597,185
918,7,597,185
917,13,597,185
916,19,597,185
916,26,597,185
915,32,597,185
914,38,597,185
914,45,597,185
913,51,597,185
912,57,597,185
912,64,650,402
916,102,650,402
921,140,650,402
925,178,650,402
930,216,650,402
935,254,650,402
939,292,650,402
944,330,650,402
948,368,650,402
953,406,650,402
958,444,658,374
947,447,658,374
936,450,658,374
926,453,658,374
915,456,658,374
905,459,658,374
894,462,658,374
883,465,658,374
873,468,658,374
862,471,658,374
852,475,658,324
820,474,658,324
789,474,658,324
758,473,658,324
726,473,658,324
695,472,658,324
664,472,658,324
632,471,658,324
601,471,658,324
570,470,658,324
539,470,662,296
536,467,662,296
533,465,662,296
531,462,662,296
528,460,662,296
526,458,662,296
523,455,662,296
520,453,662,296
518,450,662,296
515,448,662,296
513,446,669,316
521,443,669,316
530,440,669,316
539,438,669,316
547,435,669,316
556,433,669,316
565,430,669,316
573,427,669,316
582,425,669,316
591,422,669,316
600,420,662,333
607,416,662,333
615,413,662,333
623,410,662,333
631,407,662,333
639,404,662,333
647,400,662,333
655,397,662,333
663,394,662,333
671,391,662,333
679,388,657,343
682,384,657,343
686,380,657,343
690,376,657,343
694,373,657,343
698,369,657,343
701,365,657,343
705,362,657,343
709,358,657,343
713,354,657,343
717,351,643,348
718,347,643,348
719,344,643,348
720,340,643,348
722,337,643,348
723,333,643,348
724,330,643,348
726,326,643,348
727,323,643,348
728,319,643,348
730,316,643,354
732,316,643,354
735,316,643,354
737,316,643,354
740,316,643,354
743,316,643,354
745,316,643,354
748,316,643,354
750,316,643,354
753,316,643,354
756,316,626,356
755,315,626,356
755,315,626,356
754,314,626,356
754,314,626,356
753,314,626,356
753,313,626,356
752,313,626,356
752,312,626,356
751,312,626,356
751,312,622,352
747,308,622,352
744,305,622,352
740,302,622,352
737,299,622,352
734,296,622,352
730,293,622,352
727,290,622,352
723,287,622,352
720,284,622,352
717,281,612,354
712,280,612,354
707,279,612,354
703,278,612,354
698,277,612,354
694,276,612,354
689,275,612,354
684,274,612,354
680,273,612,354
675,272,612,354
671,272,596,364
666,275,596,364
661,279,596,364
656,282,596,364
651,286,596,364
647,289,596,364
642,293,596,364
637,296,596,364
632,300,596,364
627,303,596,364
623,307,600,354
618,311,600,354
614,315,600,354
609,319,600,354
605,323,600,354
601,327,600,354
596,331,600,354
592,335,600,354
587,339,600,354
583,343,600,354
579,348,601,363
573,353,601,363
567,358,601,363
562,363,601,363
556,368,601,363
551,373,601,363
545,378,601,363
539,383,601,363
534,388,601,363
528,393,601,363
523,398,594,357
521,396,594,357
520,394,594,357
519,392,594,357
517,391,594,357
516,389,594,357
515,387,594,357
513,386,594,357
512,384,594,357
511,382,594,357
510,381,582,361
508,379,582,361
507,377,582,361
506,375,582,361
505,373,582,361
504,371,582,361
503,369,582,361
502,367,582,361
501,365,582,361
500,363,582,361
499,361,583,355
499,358,583,355
500,356,583,355
500,353,583,355
501,351,583,355
502,348,583,355
502,346,583,355
503,343,583,355
503,341,583,355
504,338,583,355
505,336,579,360
507,334,579,360
510,333,579,360
512,331,579,360
515,330,579,360
517,329,579,360
520,327,579,360
522,326,579,360
525,324,579,360
527,323,579,360
530,322,578,364
532,328,578,364
534,335,578,364
536,341,578,364
539,348,578,364
541,355,578,364
543,361,578,364
546,368,578,364
548,374,578,364
550,381,578,364
553,388,577,354
555,386,577,354
558,384,577,354
560,383,577,354
563,381,577,354
566,380,577,354
568,378,577,354
571,376,577,354
573,375,577,354
576,373,577,354
579,372,568,348
580,370,568,348
582,369,568,348
583,367,568,348
585,366,568,348
587,364,568,348
588,363,568,348
590,361,568,348
591,360,568,348
593,358,568,348
595,357,565,352
593,355,565,352
592,354,565,352
591,353,565,352
589,351,565,352
588,350,565,352
587,349,565,352
585,347,565,352
584,346,565,352
583,345,565,352
582,344,567,354
580,343,567,354
578,343,567,354
576,343,567,354
574,343,567,354
572,343,567,354
570,342,567,354
568,342,567,354
566,342,567,354
564,342,567,354
562,342,565,359
563,341,565,359
565,340,565,359
567,340,565,359
568,339,565,359
570,339,565,359
572,338,565,359
573,337,565,359
575,337,565,359
577,336,565,359
579,336,564,360
581,334,564,360
583,333,564,360
585,332,564,360
587,331,564,360
590,330,564,360
592,329,564,360
594,328,564,360
596,327,564,360
598,326,564,360
601,325,565,360
602,324,565,360
604,323,565,360
606,322,565,360
608,321,565,360
610,320,565,360
611,319,565,360
613,318,565,360
615,317,565,360
617,316,565,360
619,316,565,352
621,314,565,352
623,313,565,352
625,312,565,352
627,311,565,352
629,310,565,352
631,309,565,352
633,308,565,352
635,307,565,352
637,306,565,352
640,305,553,354
715,274,553,354
791,244,553,354
867,213,553,354
942,183,553,354
1018,153,553,354
1094,122,553,354
1169,92,553,354
1245,61,553,354
1321,31,553,354
1397,1,411,128
1392,1,411,128
1388,1,411,128
1384,1,411,128
1380,1,411,128
1376,1,411,128
1372,1,411,128
1368,1,411,128
1364,1,411,128
1360,1,411,128
1356,1,406,150
1355,1,406,150
1355,1,406,150
1355,1,406,150
1354,1,406,150
1354,1,406,150
1354,1,406,150
1353,1,406,150
1353,1,406,150
1353,1,406,150
1353,1,416,150
1329,5,416,150
1306,9,416,150
1283,14,416,150
1259,18,416,150
1236,23,416,150
1213,27,416,150
1189,31,416,150
1166,36,416,150
1143,40,416,150
1120,45,370,254
1112,51,370,254
1105,58,370,254
1098,65,370,254
1091,71,370,254
1084,78,370,254
1076,85,370,254
1069,91,370,254
1062,98,370,254
1055,105,370,254
1048,112,355,250
1039,120,355,250
1030,129,355,250
1022,138,355,250
1013,146,355,250
1005,155,355,250
996,164,355,250
987,172,355,250
979,181,355,250
970,190,355,250
962,199,341,239
956,202,341,239
951,206,341,239
945,210,341,239
940,213,341,239
935,217,341,239
929,221,341,239
924,224,341,239
918,228,341,239
913,232,341,239
908,236,337,234
902,230,337,234
896,225,337,234
890,219,337,234
884,214,337,234
878,208,337,234
872,203,337,234
866,197,337,234
860,192,337,234
854,186,337,234
849,181,326,228
841,179,326,228
834,178,326,228
827,176,326,228
819,175,326,228
812,173,326,228
805,172,326,228
797,170,326,228
790,169,326,228
783,167,326,228
776,166,310,220
772,176,310,220
768,186,310,220
764,196,310,220
761,206,310,220
757,216,310,220
753,226,310,220
750,236,310,220
746,246,310,220
742,256,310,220
739,266,299,213
738,276,299,213
737,286,299,213
737,296,299,213
736,306,299,213
736,316,299,213
735,326,299,213
734,336,299,213
734,346,299,213
733,356,299,213
733,366,294,208
733,377,294,208
734,388,294,208
735,399,294,208
735,411,294,208
736,422,294,208
737,433,294,208
737,445,294,208
738,456,294,208
739,467,294,208
740,479,289,197
738,477,289,197
736,475,289,197
734,473,289,197
732,471,289,197
730,469,289,197
728,467,289,197
726,465,289,197
724,463,289,197
722,461,289,197
721,459,276,192
717,453,276,192
713,448,276,192
709,442,276,192
705,437,276,192
701,432,276,192
697,426,276,192
693,421,276,192
689,415,276,192
685,410,276,192
682,405,267,185
681,399,267,185
681,394,267,185
681,389,267,185
680,383,267,185
680,378,267,185
680,373,267,185
679,367,267,185
679,362,267,185
679,357,267,185
679,352,258,177
685,347,258,177
692,342,258,177
699,337,258,177
706,332,258,177
713,327,258,177
720,322,258,177
727,317,258,177
734,312,258,177
741,307,258,177
748,303,212,175
754,297,212,175
760,292,212,175
767,287,212,175
773,282,212,175
780,277,212,175
786,272,212,175
792,267,212,175
799,262,212,175
805,257,212,175
812,252,205,173
730,226,205,173
649,201,205,173
568,176,205,173
486,150,205,173
405,125,205,173
324,100,205,173
242,74,205,173
161,49,205,173
80,24,205,173
-1,-1,-1,-1
-1,-1,-1,-1
-1,-1,-1,-1
-1,-1,-1,-1
-1,-1,-1,-1
-1,-1,-1,-1
-1,-1,-1,-1
-1,-1,-1,-1
-1,-1,-1,-1
-1,-1,-1,-1
-1,-1,-1,-1
102,24,-1,-1
206,50,-1,-1
310,75,-1,-1
414,101,-1,-1
518,126,-1,-1
622,152,-1,-1
726,177,-1,-1
830,203,-1,-1
934,228,-1,-1
1038,254,222,153
1043,249,222,153
1049,245,222,153
1055,241,222,153
1060,236,222,153
1066,232,222,153
1072,228,222,153
1077,223,222,153
1083,219,222,153
1089,215,222,153
1095,211,224,153
1095,207,224,153
1096,204,224,153
1097,201,224,153
1098,197,224,153
1099,194,224,153
1099,191,224,153
1100,187,224,153
1101,184,224,153
1102,181,224,153
1103,178,216,151
1101,173,216,151
1100,169,216,151
1099,165,216,151
1097,161,216,151
1096,157,216,151
1095,152,216,151
1093,148,216,151
1092,144,216,151
1091,140,216,151
1090,136,215,151
1086,132,215,151
1083,129,215,151
1079,125,215,151
1076,122,215,151
1073,118,215,151
1069,115,215,151
1066,111,215,151
1062,108,215,151
1059,104,215,151
1056,101,204,145
1055,98,204,145
1055,95,204,145
1055,92,204,145
1055,89,204,145
1055,86,204,145
1054,83,204,145
1054,80,204,145
1054,77,204,145
1054,74,204,145
1054,72,204,143
1058,70,204,143
1063,68,204,143
1067,66,204,143
1072,64,204,143
1077,63,204,143
1081,61,204,143
1086,59,204,143
1090,57,204,143
1095,55,204,143
1100,54,197,141
1104,52,197,141
1109,50,197,141
1113,49,197,141
1118,47,197,141
1122,46,197,141
1127,44,197,141
1131,42,197,141
1136,41,197,141
1140,39,197,141
1145,38,197,137
1143,37,197,137
1141,36,197,137
1139,35,197,137
1137,35,197,137
1135,34,197,137
1133,33,197,137
1131,33,197,137
1129,32,197,137
1127,31,197,137
1125,31,198,139
1120,40,198,139
1115,49,198,139
1111,58,198,139
1106,67,198,139
1102,76,198,139
1097,85,198,139
1092,94,198,139
1088,103,198,139
1083,112,198,139
1079,121,194,138
1075,132,194,138
1071,143,194,138
1068,154,194,138
1064,165,194,138
1061,176,194,138
1057,187,194,138
1053,198,194,138
1050,209,194,138
1046,220,194,138
1043,232,194,137
1036,241,194,137
1030,250,194,137
1024,259,194,137
1018,269,194,137
1012,278,194,137
1006,287,194,137
1000,297,194,137
994,306,194,137
988,315,194,137
982,325,202,135
967,328,202,135
952,331,202,135
937,334,202,135
922,337,202,135
907,340,202,135
892,343,202,135
877,346,202,135
862,349,202,135
847,352,202,135
832,355,203,137
821,355,203,137
811,355,203,137
801,356,203,137
790,356,203,137
780,357,203,137
770,357,203,137
759,357,203,137
749,358,203,137
739,358,203,137
729,359,206,137
731,359,206,137
733,360,206,137
735,361,206,137
737,362,206,137
740,363,206,137
742,364,206,137
744,365,206,137
746,366,206,137
748,367,206,137
751,368,211,142
754,369,211,142
758,370,211,142
761,371,211,142
765,372,211,142
769,374,211,142
772,375,211,142
776,376,211,142
779,377,211,142
783,378,211,142
787,380,219,137
788,382,219,137
789,384,219,137
790,386,219,137
791,389,219,137
793,391,219,137
794,393,219,137
795,396,219,137
796,398,219,137
797,400,219,137
799,403,224,139
797,404,224,139
795,406,224,139
793,407,224,139
791,409,224,139
789,411,224,139
787,412,224,139
785,414,224,139
783,415,224,139
781,417,224,139
779,419,228,137
773,420,228,137
768,421,228,137
763,422,228,137
758,423,228,137
753,424,228,137
747,425,228,137
742,426,228,137
737,427,228,137
732,428,228,137
727,430,237,139
723,432,237,139
720,435,237,139
717,437,237,139
714,440,237,139
711,442,237,139
707,445,237,139
704,447,237,139
701,450,237,139
698,452,237,139
695,455,244,141
697,464,244,141
699,473,244,141
701,482,244,141
704,491,244,141
706,500,244,141
708,509,244,141
711,518,244,141
713,527,244,141
715,536,244,141
718,546,252,141
715,549,252,141
713,552,252,141
710,556,252,141
708,559,252,141
705,563,252,141
703,566,252,141
700,569,252,141
698,573,252,141
695,576,252,141
693,580,263,141
689,582,263,141
685,585,263,141
681,588,263,141
677,591,263,141
674,594,263,141
670,596,263,141
666,599,263,141
662,602,263,141
658,605,263,141
655,608,270,148
652,611,270,148
649,614,270,148
646,617,270,148
643,620,270,148
640,623,270,148
637,626,270,148
634,629,270,148
631,632,270,148
628,635,270,148
625,639,283,146
622,641,283,146
619,643,283,146
616,645,283,146
613,648,283,146
610,650,283,146
607,652,283,146
604,655,283,146
601,657,283,146
598,659,283,146
595,662,291,154
585,665,291,154
575,668,291,154
565,671,291,154
555,674,291,154
545,677,291,154
535,680,291,154
525,683,291,154
515,686,291,154
505,689,291,154
496,692,292,156
486,694,292,156
477,697,292,156
467,700,292,156
458,703,292,156
448,706,292,156
439,708,292,156
429,711,292,156
420,714,292,156
410,717,292,156
401,720,302,152
390,720,302,152
380,720,302,152
369,720,302,152
359,720,302,152
349,721,302,152
338,721,302,152
328,721,302,152
317,721,302,152
307,721,302,152
297,722,309,159
287,723,309,159
278,725,309,159
269,727,309,159
260,729,309,159
251,731,309,159
242,732,309,159
233,734,309,159
224,736,309,159
215,738,309,159
206,740,322,162
197,742,322,162
188,745,322,162
179,747,322,162
170,750,322,162
161,752,322,162
152,755,322,162
143,757,322,162
134,760,322,162
125,762,322,162
117,765,328,160
106,767,328,160
95,770,328,160
84,773,328,160
73,775,328,160
63,778,328,160
52,781,328,160
41,783,328,160
30,786,328,160
19,789,328,160
9,792,339,157
8,794,339,157
7,796,339,157
6,798,339,157
5,801,339,157
5,803,339,157
4,805,339,157
3,808,339,157
2,810,339,157
1,812,339,157
1,815,253,173
1,817,253,173
1,819,253,173
1,821,253,173
1,824,253,173
1,826,253,173
1,828,253,173
1,831,253,173
1,833,253,173
1,835,253,173
1,838,160,141
1,840,160,141
1,842,160,141
1,845,160,141
1,847,160,141
1,850,160,141
1,852,160,141
1,854,160,141
1,857,160,141
1,859,160,141
1,862,84,111
0,775,84,111
0,689,84,111
0,603,84,111
0,516,84,111
0,430,84,111
0,344,84,111
0,257,84,111
0,171,84,111
0,85,84,111
-1,-1,-1,-1
-1,-1,-1,-1
-1,-1,-1,-1
-1,-1,-1,-1
-1,-1,-1,-1
-1,-1,-1,-1
-1,-1,-1,-1
-1,-1,-1,-1
-1,-1,-1,-1
-1,-1,-1,-1
-1,-1,-1,-1
-1,-1,-1,-1
-1,-1,-1,-1
-1,-1,-1,-1
-1,-1,-1,-1
-1,-1,-1,-1
-1,-1,-1,-1
-1,-1,-1,-1
-1,-1,-1,-1
-1,-1,-1,-1
-1,-1,-1,-1
-1,-1,-1,-1
-1,-1,-1,-1
-1,-1,-1,-1
-1,-1,-1,-1
-1,-1,-1,-1
-1,-1,-1,-1
-1,-1,-1,-1
-1,-1,-1,-1
-1,-1,-1,-1
-1,-1,-1,-1
-1,-1,-1,-1
-1,-1,-1,-1
-1,-1,-1,-1
-1,-1,-1,-1
-1,-1,-1,-1
-1,-1,-1,-1
-1,-1,-1,-1
-1,-1,-1,-1
-1,-1,-1,-1
-1,-1,-1,-1
-1,-1,-1,-1
-1,-1,-1,-1
-1,-1,-1,-1
-1,-1,-1,-1
-1,-1,-1,-1
-1,-1,-1,-1
-1,-1,-1,-1
-1,-1,-1,-1
-1,-1,-1,-1
-1,-1,-1,-1
-1,-1,-1,-1
-1,-1,-1,-1
-1,-1,-1,-1
-1,-1,-1,-1
-1,-1,-1,-1
-1,-1,-1,-1
-1,-1,-1,-1
-1,-1,-1,-1
-1,-1,-1,-1
-1,-1,-1,-1
0,85,-1,-1
0,171,-1,-1
0,257,-1,-1
0,343,-1,-1
0,429,-1,-1
0,515,-1,-1
0,601,-1,-1
0,687,-1,-1
0,773,-1,-1
1,860,365,172
10,858,365,172
19,857,365,172
28,856,365,172
37,854,365,172
46,853,365,172
55,852,365,172
64,850,365,172
73,849,365,172
82,848,365,172
92,847,365,174
101,844,365,174
110,842,365,174
120,840,365,174
129,838,365,174
139,836,365,174
148,834,365,174
157,832,365,174
167,830,365,174
176,828,365,174
186,826,365,174
194,818,365,174
203,810,365,174
212,802,365,174
221,794,365,174
230,786,365,174
239,778,365,174
248,770,365,174
257,762,365,174
266,754,365,174
275,746,353,174
284,729,353,174
294,712,353,174
304,695,353,174
314,678,353,174
324,661,353,174
334,644,353,174
344,627,353,174
354,610,353,174
364,593,353,174
374,577,348,165
381,571,348,165
388,566,348,165
395,560,348,165
402,555,348,165
409,550,348,165
416,544,348,165
423,539,348,165
430,533,348,165
437,528,348,165
444,523,349,167
450,522,349,167
457,522,349,167
463,522,349,167
470,521,349,167
477,521,349,167
483,521,349,167
490,520,349,167
496,520,349,167
503,520,349,167
510,520,344,163
516,518,344,163
523,516,344,163
530,514,344,163
536,512,344,163
543,510,344,163
550,508,344,163
556,506,344,163
563,504,344,163
570,502,344,163
577,500,341,163
579,499,341,163
581,499,341,163
583,498,341,163
585,498,341,163
588,497,341,163
590,497,341,163
592,496,341,163
594,496,341,163
596,495,341,163
599,495,342,163
595,494,342,163
591,493,342,163
587,492,342,163
584,491,342,163
580,490,342,163
576,489,342,163
573,488,342,163
569,487,342,163
565,486,342,163
562,485,339,159
562,483,339,159
562,482,339,159
562,481,339,159
562,480,339,159
562,479,339,159
562,478,339,159
562,477,339,159
562,476,339,159
562,475,339,159
563,474,337,159
565,472,337,159
568,471,337,159
570,469,337,159
573,468,337,159
576,467,337,159
578,465,337,159
581,464,337,159
583,462,337,159
586,461,337,159
589,460,339,159
591,459,339,159
593,459,339,159
595,458,339,159
597,458,339,159
599,457,339,159
601,457,339,159
603,456,339,159
605,456,339,159
607,455,339,159
609,455,333,162
610,455,333,162
612,455,333,162
613,455,333,162
615,455,333,162
616,455,333,162
618,455,333,162
619,455,333,162
621,455,333,162
622,455,333,162
624,455,332,159
625,454,332,159
626,454,332,159
627,453,332,159
629,453,332,159
630,452,332,159
631,452,332,159
633,451,332,159
634,451,332,159
635,450,332,159
637,450,332,161
638,449,332,161
639,448,332,161
640,448,332,161
641,447,332,161
642,447,332,161
643,446,332,161
644,445,332,161
645,445,332,161
646,444,332,161
647,444,333,160
647,443,333,160
647,443,333,160
647,443,333,160
647,443,333,160
647,443,333,160
647,443,333,160
647,443,333,160
647,443,333,160
647,443,333,160
647,443,331,158
647,443,331,158
647,443,331,158
647,443,331,158
647,443,331,158
648,444,331,158
648,444,331,158
648,444,331,158
648,444,331,158
648,444,331,158
649,445,331,158
649,444,331,158
649,444,331,158
649,443,331,158
649,443,331,158
649,443,331,158
649,442,331,158
649,442,331,158
649,441,331,158
649,441,331,158
649,441,331,158
647,452,331,158
645,464,331,158
643,475,331,158
641,487,331,158
639,499,331,158
637,510,331,158
635,522,331,158
633,533,331,158
631,545,331,158
630,557,378,187
630,556,378,187
630,556,378,187
630,555,378,187
630,555,378,187
630,555,378,187
630,554,378,187
630,554,378,187
630,553,378,187
630,553,378,187
630,553,378,189
630,552,378,189
630,552,378,189
630,551,378,189
630,551,378,189
630,551,378,189
630,550,378,189
630,550,378,189
630,549,378,189
630,549,378,189
631,549,376,189
630,549,376,189
630,549,376,189
630,549,376,189
630,549,376,189
630,549,376,189
630,549,376,189
630,549,376,189
630,549,376,189
630,549,376,189
630,549,382,189
630,549,382,189
630,549,382,189
630,549,382,189
630,549,382,189
630,550,382,189
630,550,382,189
630,550,382,189
630,550,382,189
630,550,382,189
631,551,378,191
630,551,378,191
630,551,378,191
630,551,378,191
630,551,378,191
630,551,378,191
630,551,378,191
630,551,378,191
630,551,378,191
630,551,378,191
630,551,378,189
630,550,378,189
630,550,378,189
630,550,378,189
630,549,378,189
631,549,378,189
631,549,378,189
631,548,378,189
631,548,378,189
631,548,378,189
632,548,380,193
632,547,380,193
632,547,380,193
632,546,380,193
632,546,380,193
632,546,380,193
632,545,380,193
632,545,380,193
632,544,380,193
632,544,380,193
633,544,376,189
633,543,376,189
633,543,376,189
634,543,376,189
634,542,376,189
635,542,376,189
635,542,376,189
635,541,376,189
636,541,376,189
636,541,376,189
637,541,376,191
638,540,376,191
639,540,376,191
640,539,376,191
641,539,376,191
643,538,376,191
644,538,376,191
645,537,376,191
646,537,376,191
647,536,376,191
649,536,380,189
650,535,380,189
652,534,380,189
654,534,380,189
655,533,380,189
657,533,380,189
659,532,380,189
660,531,380,189
662,531,380,189
664,530,380,189
666,530,376,187
664,529,376,187
663,529,376,187
662,529,376,187
661,528,376,187
660,528,376,187
659,528,376,187
658,527,376,187
657,527,376,187
656,527,376,187
655,527,372,187
651,526,372,187
648,525,372,187
645,524,372,187
641,523,372,187
638,522,372,187
635,521,372,187
631,520,372,187
628,519,372,187
625,518,372,187
622,517,368,189
620,515,368,189
619,514,368,189
617,513,368,189
616,512,368,189
614,511,368,189
613,509,368,189
611,508,368,189
610,507,368,189
608,506,368,189
607,505,373,190
604,504,373,190
602,503,373,190
600,502,373,190
598,501,373,190
596,500,373,190
593,499,373,190
591,498,373,190
589,497,373,190
587,496,373,190
585,496,361,189
579,494,361,189
574,493,361,189
569,492,361,189
563,490,361,189
558,489,361,189
553,488,361,189
547,486,361,189
542,485,361,189
537,484,361,189
532,483,358,189
526,482,358,189
521,481,358,189
516,480,358,189
510,480,358,189
505,479,358,189
500,478,358,189
494,478,358,189
489,477,358,189
484,476,358,189
479,476,359,181
483,474,359,181
487,472,359,181
491,471,359,181
495,469,359,181
499,468,359,181
503,466,359,181
507,464,359,181
511,463,359,181
515,461,359,181
520,460,361,182
525,458,361,182
530,456,361,182
535,455,361,182
540,453,361,182
545,452,361,182
550,450,361,182
555,448,361,182
560,447,361,182
565,445,361,182
571,444,365,181
575,442,365,181
579,440,365,181
584,439,365,181
588,437,365,181
593,436,365,181
597,434,365,181
601,432,365,181
606,431,365,181
610,429,365,181
615,428,367,178
616,426,367,178
617,424,367,178
618,422,367,178
619,420,367,178
620,418,367,178
621,416,367,178
622,414,367,178
623,412,367,178
624,410,367,178
625,409,370,183
624,407,370,183
624,406,370,183
623,405,370,183
623,404,370,183
622,403,370,183
622,402,370,183
621,401,370,183
621,400,370,183
620,399,370,183
620,398,372,176
620,396,372,176
620,395,372,176
620,394,372,176
620,392,372,176
620,391,372,176
620,390,372,176
620,388,372,176
620,387,372,176
620,386,372,176
620,385,379,176
621,384,379,176
622,383,379,176
623,382,379,176
624,381,379,176
626,380,379,176
627,379,379,176
628,378,379,176
629,377,379,176
630,376,379,176
632,375,378,171
629,373,378,171
627,372,378,171
624,370,378,171
622,369,378,171
619,368,378,171
617,366,378,171
614,365,378,171
612,363,378,171
609,362,378,171
607,361,379,174
600,360,379,174
594,360,379,174
588,359,379,174
582,359,379,174
576,359,379,174
569,358,379,174
563,358,379,174
557,357,379,174
551,357,379,174
545,357,380,165
539,356,380,165
534,356,380,165
529,355,380,165
524,355,380,165
519,355,380,165
513,354,380,165
508,354,380,165
503,353,380,165
498,353,380,165
493,353,373,169
489,354,373,169
485,356,373,169
481,358,373,169
477,359,373,169
473,361,373,169
469,363,373,169
465,364,373,169
461,366,373,169
457,368,373,169
454,370,374,167
451,374,374,167
449,378,374,167
446,382,374,167
444,387,374,167
442,391,374,167
439,395,374,167
437,400,374,167
434,404,374,167
432,408,374,167
430,413,376,164
428,417,376,164
426,422,376,164
424,427,376,164
422,432,376,164
421,437,376,164
419,441,376,164
417,446,376,164
415,451,376,164
413,456,376,164
412,461,385,165
407,463,385,165
403,465,385,165
399,467,385,165
395,469,385,165
391,471,385,165
387,473,385,165
383,475,385,165
379,477,385,165
375,479,385,165
371,481,380,167
360,481,380,167
349,482,380,167
338,483,380,167
328,483,380,167
317,484,380,167
306,485,380,167
296,485,380,167
285,486,380,167
274,487,380,167
264,488,372,164
260,488,372,164
257,488,372,164
253,489,372,164
250,489,372,164
246,490,372,164
243,490,372,164
239,490,372,164
236,491,372,164
232,491,372,164
229,492,385,169
230,492,385,169
232,492,385,169
234,492,385,169
236,493,385,169
238,493,385,169
240,493,385,169
242,494,385,169
244,494,385,169
246,494,385,169
248,495,386,173
249,495,386,173
251,495,386,173
252,495,386,173
254,496,386,173
256,496,386,173
257,496,386,173
259,497,386,173
260,497,386,173
262,497,386,173
264,498,385,167
264,499,385,167
264,500,385,167
264,501,385,167
264,502,385,167
265,504,385,167
265,505,385,167
265,506,385,167
265,507,385,167
265,508,385,167
266,510,383,169
266,510,383,169
267,510,383,169
268,510,383,169
268,511,383,169
269,511,383,169
270,511,383,169
270,512,383,169
271,512,383,169
272,512,383,169
273,513,383,168
273,513,383,168
274,514,383,168
275,515,383,168
275,516,383,168
276,517,383,168
277,518,383,168
277,519,383,168
278,520,383,168
279,521,383,168
280,522,376,170
281,522,376,170
282,522,376,170
283,522,376,170
285,522,376,170
286,522,376,170
287,522,376,170
289,522,376,170
290,522,376,170
291,522,376,170
293,522,389,168
294,522,389,168
296,522,389,168
298,522,389,168
299,522,389,168
301,523,389,168
303,523,389,168
304,523,389,168
306,523,389,168
308,523,389,168
310,524,373,169
314,524,373,169
318,524,373,169
322,524,373,169
326,525,373,169
331,525,373,169
335,525,373,169
339,526,373,169
343,526,373,169
347,526,373,169
352,527,372,167
354,525,372,167
356,524,372,167
358,523,372,167
360,522,372,167
363,521,372,167
365,520,372,167
367,519,372,167
369,518,372,167
371,517,372,167
374,516,371,165
376,515,371,165
378,515,371,165
380,514,371,165
383,514,371,165
385,514,371,165
387,513,371,165
390,513,371,165
392,512,371,165
394,512,371,165
397,512,376,165
400,511,376,165
403,510,376,165
406,510,376,165
409,509,376,165
412,509,376,165
415,508,376,165
418,507,376,165
421,507,376,165
424,506,376,165
427,506,371,165
429,505,371,165
432,505,371,165
434,505,371,165
437,504,371,165
440,504,371,165
442,504,371,165
445,503,371,165
447,503,371,165
450,503,371,165
453,503,382,165
455,502,382,165
457,502,382,165
459,502,382,165
461,501,382,165
463,501,382,165
465,501,382,165
467,500,382,165
469,500,382,165
471,500,382,165
474,500,380,167
475,499,380,167
476,498,380,167
477,497,380,167
478,496,380,167
480,495,380,167
481,494,380,167
482,493,380,167
483,492,380,167
484,491,380,167
486,491,378,166
487,490,378,166
488,489,378,166
489,488,378,166
491,487,378,166
492,486,378,166
493,485,378,166
495,484,378,166
496,483,378,166
497,482,378,166
499,481,379,163
500,479,379,163
502,478,379,163
503,476,379,163
505,475,379,163
506,473,379,163
508,472,379,163
509,470,379,163
511,469,379,163
512,467,379,163
514,466,371,161
515,464,371,161
516,463,371,161
517,461,371,161
518,460,371,161
519,458,371,161
520,457,371,161
521,455,371,161
522,454,371,161
523,452,371,161
524,451,371,165
525,449,371,165
526,448,371,165
527,447,371,165
528,446,371,165
529,445,371,165
530,444,371,165
531,443,371,165
532,442,371,165
533,441,371,165
534,440,376,163
535,438,376,163
536,437,376,163
537,436,376,163
538,434,376,163
540,433,376,163
541,432,376,163
542,430,376,163
543,429,376,163
544,428,376,163
546,427,371,165
547,425,371,165
549,424,371,165
550,423,371,165
552,422,371,165
554,421,371,165
555,420,371,165
557,419,371,165
558,418,371,165
560,417,371,165
562,416,361,161
563,415,361,161
564,415,361,161
565,415,361,161
566,414,361,161
567,414,361,161
568,414,361,161
569,413,361,161
570,413,361,161
571,413,361,161
572,413,368,162
573,412,368,162
574,412,368,162
575,412,368,162
576,412,368,162
578,412,368,162
579,411,368,162
580,411,368,162
581,411,368,162
582,411,368,162
584,411,359,161
585,410,359,161
586,410,359,161
587,409,359,161
588,409,359,161
589,409,359,161
590,408,359,161
591,408,359,161
592,407,359,161
593,407,359,161
595,407,348,159
595,408,348,159
595,409,348,159
595,410,348,159
596,411,348,159
596,412,348,159
596,413,348,159
597,414,348,159
597,415,348,159
597,416,348,159
598,418,364,157
598,418,364,157
599,419,364,157
599,419,364,157
600,420,364,157
600,420,364,157
601,421,364,157
601,421,364,157
602,422,364,157
602,422,364,157
603,423,359,156
602,424,359,156
602,426,359,156
602,427,359,156
602,429,359,156
602,430,359,156
601,432,359,156
601,433,359,156
601,435,359,156
601,436,359,156
601,438,357,158
601,439,357,158
601,440,357,158
602,441,357,158
602,442,357,158
603,443,357,158
603,444,357,158
603,445,357,158
604,446,357,158
604,447,357,158
605,448,351,155
604,449,351,155
604,450,351,155
604,451,351,155
604,453,351,155
604,454,351,155
604,455,351,155
604,457,351,155
604,458,351,155
604,459,351,155
604,461,358,157
604,462,358,157
605,463,358,157
605,464,358,157
606,466,358,157
606,467,358,157
607,468,358,157
607,470,358,157
608,471,358,157
608,472,358,157
609,474,349,155
609,474,349,155
609,475,349,155
609,476,349,155
609,477,349,155
609,478,349,155
609,479,349,155
609,480,349,155
609,481,349,155
609,482,349,155
609,483,351,153
609,482,351,153
610,482,351,153
610,482,351,153
611,482,351,153
611,482,351,153
612,482,351,153
612,482,351,153
613,482,351,153
613,482,351,153
614,482,342,154
614,482,342,154
615,482,342,154
615,482,342,154
616,482,342,154
616,483,342,154
617,483,342,154
617,483,342,154
618,483,342,154
618,483,342,154
619,484,347,158
620,484,347,158
621,484,347,158
622,484,347,158
624,485,347,158
625,485,347,158
626,485,347,158
628,486,347,158
629,486,347,158
630,486,347,158
632,487,335,151
633,487,335,151
635,488,335,151
637,489,335,151
638,489,335,151
640,490,335,151
642,491,335,151
643,491,335,151
645,492,335,151
647,493,335,151
649,494,341,155
652,494,341,155
655,494,341,155
658,494,341,155
661,494,341,155
665,495,341,155
668,495,341,155
671,495,341,155
674,495,341,155
677,495,341,155
681,496,340,160
686,496,340,160
691,497,340,160
696,498,340,160
702,498,340,160
707,499,340,160
712,500,340,160
718,500,340,160
723,501,340,160
728,502,340,160
734,503,343,155
741,503,343,155
748,504,343,155
755,505,343,155
762,506,343,155
769,507,343,155
776,508,343,155
783,509,343,155
790,510,343,155
797,511,343,155
805,512,337,154
811,512,337,154
817,512,337,154
824,512,337,154
830,512,337,154
837,513,337,154
843,513,337,154
849,513,337,154
856,513,337,154
862,513,337,154
869,514,332,156
875,514,332,156
881,515,332,156
887,515,332,156
893,516,332,156
900,517,332,156
906,517,332,156
912,518,332,156
918,518,332,156
924,519,332,156
931,520,331,156
937,521,331,156
944,522,331,156
951,523,331,156
957,524,331,156
964,525,331,156
971,526,331,156
977,527,331,156
984,528,331,156
991,529,331,156
998,531,327,150
1004,531,327,150
1010,531,327,150
1016,531,327,150
1022,531,327,150
1028,531,327,150
1034,531,327,150
1040,531,327,150
1046,531,327,150
1052,531,327,150
1058,531,322,154
1064,531,322,154
1070,531,322,154
1076,532,322,154
1082,532,322,154
1088,533,322,154
1094,533,322,154
1100,533,322,154
1106,534,322,154
1112,534,322,154
1118,535,320,152
1122,535,320,152
1126,536,320,152
1130,536,320,152
1134,537,320,152
1138,538,320,152
1142,538,320,152
1146,539,320,152
1150,539,320,152
1154,540,320,152
1158,541,326,146
1161,540,326,146
1164,539,326,146
1167,538,326,146
1170,537,326,146
1173,537,326,146
1176,536,326,146
1179,535,326,146
1182,534,326,146
1185,533,326,146
1188,533,305,146
1190,531,305,146
1192,530,305,146
1194,528,305,146
1196,527,305,146
1198,525,305,146
1200,524,305,146
1202,522,305,146
1204,521,305,146
1206,519,305,146
1209,518,299,148
1183,523,299,148
1158,528,299,148
1133,533,299,148
1107,539,299,148
1082,544,299,148
1057,549,299,148
1031,555,299,148
1006,560,299,148
981,565,299,148
956,571,229,120
957,572,229,120
959,574,229,120
961,576,229,120
962,577,229,120
964,579,229,120
966,581,229,120
967,582,229,120
969,584,229,120
971,586,229,120
973,588,250,125
977,589,250,125
981,590,250,125
986,591,250,125
990,592,250,125
995,593,250,125
999,594,250,125
1003,595,250,125
1008,596,250,125
1012,597,250,125
1017,598,254,123
1019,594,254,123
1022,591,254,123
1025,587,254,123
1028,584,254,123
1031,581,254,123
1033,577,254,123
1036,574,254,123
1039,570,254,123
1042,567,254,123
1045,564,247,130
1045,560,247,130
1046,557,247,130
1046,554,247,130
1047,551,247,130
1048,548,247,130
1048,545,247,130
1049,542,247,130
1049,539,247,130
1050,536,247,130
1051,533,241,123
1049,528,241,123
1048,524,241,123
1047,520,241,123
1046,515,241,123
1045,511,241,123
1044,507,241,123
1043,502,241,123
1042,498,241,123
1041,494,241,123
1040,490,248,117
1038,487,248,117
1036,484,248,117
1034,481,248,117
1032,478,248,117
1030,475,248,117
1028,472,248,117
1026,469,248,117
1024,466,248,117
1022,463,248,117
1020,461,241,123
1017,460,241,123
1014,460,241,123
1011,460,241,123
1008,459,241,123
1006,459,241,123
1003,459,241,123
1000,458,241,123
997,458,241,123
994,458,241,123
992,458,241,123
984,458,241,123
976,459,241,123
969,459,241,123
961,460,241,123
954,461,241,123
946,461,241,123
938,462,241,123
931,462,241,123
923,463,241,123
916,464,241,123
908,465,241,123
901,466,241,123
894,467,241,123
887,468,241,123
880,470,241,123
873,471,241,123
866,472,241,123
859,473,241,123
852,474,241,123
845,476,241,123
837,476,241,123
829,477,241,123
821,477,241,123
813,478,241,123
806,479,241,123
798,479,241,123
790,480,241,123
782,480,241,123
774,481,241,123
767,482,241,123
760,482,241,123
753,483,241,123
747,484,241,123
740,485,241,123
734,486,241,123
727,486,241,123
720,487,241,123
714,488,241,123
707,489,241,123
701,490,252,128
698,493,252,128
695,496,252,128
693,499,252,128
690,502,252,128
688,505,252,128
685,508,252,128
682,511,252,128
680,514,252,128
677,517,252,128
675,520,259,130
674,523,259,130
673,526,259,130
672,529,259,130
671,532,259,130
670,536,259,130
669,539,259,130
668,542,259,130
667,545,259,130
666,548,259,130
666,552,247,128
664,554,247,128
662,557,247,128
661,560,247,128
659,563,247,128
658,566,247,128
656,569,247,128
654,572,247,128
653,575,247,128
651,578,247,128
650,581,247,128
645,583,247,128
641,586,247,128
637,589,247,128
632,592,247,128
628,595,247,128
624,598,247,128
619,601,247,128
615,604,247,128
611,607,247,128
607,610,247,128
604,612,247,128
602,615,247,128
600,618,247,128
598,620,247,128
596,623,247,128
594,626,247,128
592,628,247,128
590,631,247,128
588,634,247,128
586,637,247,128
581,639,247,128
577,642,247,128
572,645,247,128
568,648,247,128
563,651,247,128
559,653,247,128
554,656,247,128
550,659,247,128
545,662,247,128
541,665,255,133
543,667,255,133
545,669,255,133
547,671,255,133
549,673,255,133
551,675,255,133
553,677,255,133
555,679,255,133
557,681,255,133
559,683,255,133
562,686,263,136
568,684,263,136
575,682,263,136
582,681,263,136
589,679,263,136
596,678,263,136
602,676,263,136
609,674,263,136
616,673,263,136
623,671,263,136
630,670,262,132
638,667,262,132
646,665,262,132
654,663,262,132
662,661,262,132
670,659,262,132
678,657,262,132
686,655,262,132
694,653,262,132
702,651,262,132
711,649,256,130
718,646,256,130
725,643,256,130
732,640,256,130
739,638,256,130
746,635,256,130
753,632,256,130
760,630,256,130
767,627,256,130
774,624,256,130
781,622,256,130
788,619,256,130
795,616,256,130
802,613,256,130
809,610,256,130
816,607,256,130
823,604,256,130
830,601,256,130
837,598,256,130
844,595,256,130
851,592,257,130
855,589,257,130
860,586,257,130
864,584,257,130
869,581,257,130
873,579,257,130
878,576,257,130
882,573,257,130
887,571,257,130
891,568,257,130
896,566,257,130
899,562,257,130
902,559,257,130
905,556,257,130
908,552,257,130
912,549,257,130
915,546,257,130
918,542,257,130
921,539,257,130
924,536,257,130
928,533,256,130
930,530,256,130
933,527,256,130
936,524,256,130
939,521,256,130
942,519,256,130
944,516,256,130
947,513,256,130
950,510,256,130
953,507,256,130
956,505,258,137
957,505,258,137
959,505,258,137
961,505,258,137
963,505,258,137
965,505,258,137
966,505,258,137
968,505,258,137
970,505,258,137
972,505,258,137
974,505,258,137
974,507,258,137
974,509,258,137
974,512,258,137
974,514,258,137
974,517,258,137
974,519,258,137
974,521,258,137
974,524,258,137
974,526,258,137
974,529,253,134
970,530,253,134
966,532,253,134
962,533,253,134
958,535,253,134
954,536,253,134
950,538,253,134
946,539,253,134
942,541,253,134
938,542,253,134
934,544,256,136
929,546,256,136
925,548,256,136
921,551,256,136
917,553,256,136
913,556,256,136
909,558,256,136
905,560,256,136
901,563,256,136
897,565,256,136
893,568,252,137
887,569,252,137
882,571,252,137
877,573,252,137
872,574,252,137
867,576,252,137
862,578,252,137
857,579,252,137
852,581,252,137
847,583,252,137
842,585,253,144
835,587,253,144
828,589,253,144
821,591,253,144
814,593,253,144
807,595,253,144
800,597,253,144
793,599,253,144
786,601,253,144
779,603,253,144
773,605,250,137
766,607,250,137
760,609,250,137
754,611,250,137
747,613,250,137
741,615,250,137
735,617,250,137
728,619,250,137
722,621,250,137
716,623,250,137
710,625,250,137
706,626,250,137
702,628,250,137
698,629,250,137
694,631,250,137
690,632,250,137
686,634,250,137
682,635,250,137
678,637,250,137
674,638,250,137
670,640,250,137
673,641,250,137
677,642,250,137
681,643,250,137
684,644,250,137
688,646,250,137
692,647,250,137
695,648,250,137
699,649,250,137
703,650,250,137
707,652,250,137
711,653,250,137
715,654,250,137
719,655,250,137
724,656,250,137
728,657,250,137
732,658,250,137
737,659,250,137
741,660,250,137
745,661,250,137
750,662,250,137
754,662,250,137
759,663,250,137
764,663,250,137
769,664,250,137
774,665,250,137
779,665,250,137
784,666,250,137
789,666,250,137
794,667,250,137
799,668,250,137
803,669,250,137
808,671,250,137
813,672,250,137
817,674,250,137
822,675,250,137
827,677,250,137
831,678,250,137
836,680,250,137
841,681,250,137
846,683,244,137
848,679,244,137
851,675,244,137
853,671,244,137
856,668,244,137
859,664,244,137
861,660,244,137
864,657,244,137
866,653,244,137
869,649,244,137
872,646,242,143
873,642,242,143
874,638,242,143
875,634,242,143
876,630,242,143
878,627,242,143
879,623,242,143
880,619,242,143
881,615,242,143
882,611,242,143
884,608,242,141
883,606,242,141
883,604,242,141
882,602,242,141
882,600,242,141
881,598,242,141
881,596,242,141
880,594,242,141
880,592,242,141
879,590,242,141
879,588,238,141
879,588,238,141
880,589,238,141
881,589,238,141
882,590,238,141
883,591,238,141
884,591,238,141
885,592,238,141
886,592,238,141
887,593,238,141
888,594,233,140
888,594,233,140
889,595,233,140
889,596,233,140
890,596,233,140
890,597,233,140
891,598,233,140
891,598,233,140
892,599,233,140
892,600,233,140
893,601,232,142
892,601,232,142
892,601,232,142
892,602,232,142
892,602,232,142
892,603,232,142
891,603,232,142
891,603,232,142
891,604,232,142
891,604,232,142
891,605,239,143
891,605,239,143
891,606,239,143
891,607,239,143
891,607,239,143
891,608,239,143
891,609,239,143
891,609,239,143
891,610,239,143
891,611,239,143
891,612,228,137
890,613,228,137
889,614,228,137
888,615,228,137
887,617,228,137
886,618,228,137
885,619,228,137
884,621,228,137
883,622,228,137
882,623,228,137
882,625,226,139
879,624,226,139
876,624,226,139
873,624,226,139
871,624,226,139
868,624,226,139
865,624,226,139
863,624,226,139
860,624,226,139
857,624,226,139
855,624,227,141
851,624,227,141
847,624,227,141
843,624,227,141
840,624,227,141
836,624,227,141
832,624,227,141
829,624,227,141
825,624,227,141
821,624,227,141
818,625,231,143
813,625,231,143
808,625,231,143
804,626,231,143
799,626,231,143
795,627,231,143
790,627,231,143
785,627,231,143
781,628,231,143
776,628,231,143
772,629,221,148
766,629,221,148
761,630,221,148
755,631,221,148
750,631,221,148
745,632,221,148
739,633,221,148
734,633,221,148
728,634,221,148
723,635,221,148
718,636,227,145
715,636,227,145
713,636,227,145
710,636,227,145
708,636,227,145
705,636,227,145
703,636,227,145
700,636,227,145
698,636,227,145
695,636,227,145
693,636,224,147
695,636,224,147
697,636,224,147
699,636,224,147
702,636,224,147
704,637,224,147
706,637,224,147
709,637,224,147
711,637,224,147
713,637,224,147
716,638,222,151
717,638,222,151
719,638,222,151
720,638,222,151
722,638,222,151
724,639,222,151
725,639,222,151
727,639,222,151
728,639,222,151
730,639,222,151
732,640,218,145
733,640,218,145
734,640,218,145
735,640,218,145
736,640,218,145
737,640,218,145
738,640,218,145
739,640,218,145
740,640,218,145
741,640,218,145
742,640,222,152
743,641,222,152
745,642,222,152
747,644,222,152
748,645,222,152
750,647,222,152
752,648,222,152
753,649,222,152
755,651,222,152
757,652,222,152
759,654,213,142
760,654,213,142
762,654,213,142
763,654,213,142
765,654,213,142
766,654,213,142
768,654,213,142
769,654,213,142
771,654,213,142
772,654,213,142
774,654,213,142
775,654,213,142
776,654,213,142
778,654,213,142
779,655,213,142
781,655,213,142
782,655,213,142
783,656,213,142
785,656,213,142
786,656,213,142
788,657,218,143
789,657,218,143
790,658,218,143
792,658,218,143
793,659,218,143
795,659,218,143
796,660,218,143
797,660,218,143
799,661,218,143
800,661,218,143
802,662,214,142
803,662,214,142
804,663,214,142
805,663,214,142
806,664,214,142
808,665,214,142
809,665,214,142
810,666,214,142
811,666,214,142
812,667,214,142
814,668,215,142
814,668,215,142
815,668,215,142
816,669,215,142
817,669,215,142
818,670,215,142
818,670,215,142
819,670,215,142
820,671,215,142
821,671,215,142
822,672,216,138
822,672,216,138
823,672,216,138
823,672,216,138
824,672,216,138
824,673,216,138
825,673,216,138
825,673,216,138
826,673,216,138
826,673,216,138
827,674,216,140
827,672,216,140
828,671,216,140
828,669,216,140
829,668,216,140
830,666,216,140
830,665,216,140
831,663,216,140
831,662,216,140
832,660,216,140
833,659,214,141
833,648,214,141
834,637,214,141
834,626,214,141
835,615,214,141
835,604,214,141
836,593,214,141
836,582,214,141
837,571,214,141
837,560,214,141
838,549,211,150
838,543,211,150
838,538,211,150
838,533,211,150
838,528,211,150
838,523,211,150
838,517,211,150
838,512,211,150
838,507,211,150
838,502,211,150
839,497,206,137
838,497,206,137
838,498,206,137
838,498,206,137
837,499,206,137
837,500,206,137
837,500,206,137
836,501,206,137
836,501,206,137
836,502,206,137
836,503,215,143
836,503,215,143
836,504,215,143
837,505,215,143
837,506,215,143
838,507,215,143
838,507,215,143
838,508,215,143
839,509,215,143
839,510,215,143
840,511,203,138
839,511,203,138
839,511,203,138
838,511,203,138
838,511,203,138
838,511,203,138
837,511,203,138
837,511,203,138
836,511,203,138
836,511,203,138
836,512,209,141
835,512,209,141
835,512,209,141
835,513,209,141
834,513,209,141
834,514,209,141
834,514,209,141
833,514,209,141
833,515,209,141
833,515,209,141
833,516,210,146
833,516,210,146
833,517,210,146
833,517,210,146
833,518,210,146
833,519,210,146
833,519,210,146
833,520,210,146
833,520,210,146
833,521,210,146
833,522,210,142
832,522,210,142
832,523,210,142
832,524,210,142
831,524,210,142
831,525,210,142
831,526,210,142
830,526,210,142
830,527,210,142
830,528,210,142
830,529,212,142
829,529,212,142
829,530,212,142
829,531,212,142
829,532,212,142
829,533,212,142
829,534,212,142
829,535,212,142
829,536,212,142
829,537,212,142
829,538,209,141
828,539,209,141
828,540,209,141
828,541,209,141
827,542,209,141
827,543,209,141
827,544,209,141
826,545,209,141
826,546,209,141
826,547,209,141
826,548,212,141
825,547,212,141
825,546,212,141
825,546,212,141
825,545,212,141
825,545,212,141
825,544,212,141
825,543,212,141
825,543,212,141
825,542,212,141
825,542,213,148
825,542,213,148
825,543,213,148
825,544,213,148
825,544,213,148
826,545,213,148
826,546,213,148
826,546,213,148
826,547,213,148
826,548,213,148
827,549,207,141
826,551,207,141
826,553,207,141
825,555,207,141
825,558,207,141
825,560,207,141
824,562,207,141
824,565,207,141
823,567,207,141
823,569,207,141
823,572,206,136
822,572,206,136
822,573,206,136
822,574,206,136
822,574,206,136
822,575,206,136
821,576,206,136
821,576,206,136
821,577,206,136
821,578,206,136
821,579,209,141
820,579,209,141
820,580,209,141
820,580,209,141
820,581,209,141
820,582,209,141
819,582,209,141
819,583,209,141
819,583,209,141
819,584,209,141
819,585,211,141
819,585,211,141
819,586,211,141
819,586,211,141
819,587,211,141
820,587,211,141
820,588,211,141
820,588,211,141
820,589,211,141
820,589,211,141
821,590,209,135
821,590,209,135
821,591,209,135
821,591,209,135
821,592,209,135
821,593,209,135
821,593,209,135
821,594,209,135
821,594,209,135
821,595,209,135
822,596,208,138
824,603,208,138
826,610,208,138
828,617,208,138
830,624,208,138
832,632,208,138
834,639,208,138
836,646,208,138
838,653,208,138
840,660,208,138
842,668,188,125
840,669,188,125
839,670,188,125
838,671,188,125
837,672,188,125
836,673,188,125
834,674,188,125
833,675,188,125
832,676,188,125
831,677,188,125
830,679,189,126
828,680,189,126
827,681,189,126
825,682,189,126
824,684,189,126
823,685,189,126
821,686,189,126
820,688,189,126
818,689,189,126
817,690,189,126
816,692,187,123
813,693,187,123
811,695,187,123
809,696,187,123
807,698,187,123
805,699,187,123
802,701,187,123
800,702,187,123
798,704,187,123
796,705,187,123
794,707,183,126
791,709,183,126
788,711,183,126
786,714,183,126
783,716,183,126
781,719,183,126
778,721,183,126
775,723,183,126
773,726,183,126
770,728,183,126
768,731,187,124
765,732,187,124
762,733,187,124
760,734,187,124
757,736,187,124
755,737,187,124
752,738,187,124
749,740,187,124
747,741,187,124
744,742,187,124
742,744,187,130
738,747,187,130
735,750,187,130
732,753,187,130
729,756,187,130
726,759,187,130
723,762,187,130
720,765,187,130
717,768,187,130
714,771,187,130
711,775,186,126
707,770,186,126
704,766,186,126
700,762,186,126
697,758,186,126
693,754,186,126
690,749,186,126
686,745,186,126
683,741,186,126
679,737,186,126
676,733,190,133
672,727,190,133
669,721,190,133
666,715,190,133
663,709,190,133
660,703,190,133
657,697,190,133
654,691,190,133
651,685,190,133
648,679,190,133
645,673,191,131
642,674,191,131
639,675,191,131
637,677,191,131
634,678,191,131
632,680,191,131
629,681,191,131
626,682,191,131
624,684,191,131
621,685,191,131
619,687,191,135
616,688,191,135
614,690,191,135
612,692,191,135
610,694,191,135
608,696,191,135
605,697,191,135
603,699,191,135
601,701,191,135
599,703,191,135
597,705,196,135
600,706,196,135
604,708,196,135
608,710,196,135
612,711,196,135
616,713,196,135
620,715,196,135
624,716,196,135
628,718,196,135
632,720,196,135
636,722,196,129
643,723,196,129
650,725,196,129
658,726,196,129
665,728,196,129
673,730,196,129
680,731,196,129
687,733,196,129
695,734,196,129
702,736,196,129
710,738,206,123
719,738,206,123
729,739,206,123
739,739,206,123
749,740,206,123
759,741,206,123
768,741,206,123
778,742,206,123
788,742,206,123
798,743,206,123
808,744,206,130
813,744,206,130
818,745,206,130
823,746,206,130
828,747,206,130
834,748,206,130
839,748,206,130
844,749,206,130
849,750,206,130
854,751,206,130
860,752,198,128
862,752,198,128
864,752,198,128
866,752,198,128
869,752,198,128
871,753,198,128
873,753,198,128
876,753,198,128
878,753,198,128
880,753,198,128
883,754,198,125
886,754,198,125
890,754,198,125
893,754,198,125
897,754,198,125
901,754,198,125
904,754,198,125
908,754,198,125
911,754,198,125
915,754,198,125
919,754,202,127
922,753,202,127
926,753,202,127
930,753,202,127
933,752,202,127
937,752,202,127
941,752,202,127
944,751,202,127
948,751,202,127
952,751,202,127
956,751,200,126
955,750,200,126
954,750,200,126
953,749,200,126
952,749,200,126
951,749,200,126
950,748,200,126
949,748,200,126
948,747,200,126
947,747,200,126
947,747,196,126
941,747,196,126
935,747,196,126
929,748,196,126
923,748,196,126
917,749,196,126
911,749,196,126
905,749,196,126
899,750,196,126
893,750,196,126
887,751,194,122
884,750,194,122
881,749,194,122
879,749,194,122
876,748,194,122
874,748,194,122
871,747,194,122
868,746,194,122
866,746,194,122
863,745,194,122
861,745,192,125
858,745,192,125
855,745,192,125
852,745,192,125
849,745,192,125
846,745,192,125
843,745,192,125
840,745,192,125
837,745,192,125
834,745,192,125
832,746,193,120
828,745,193,120
824,744,193,120
820,743,193,120
817,742,193,120
813,742,193,120
809,741,193,120
806,740,193,120
802,739,193,120
798,738,193,120
795,738,193,126
792,738,193,126
790,738,193,126
788,738,193,126
785,738,193,126
783,739,193,126
781,739,193,126
778,739,193,126
776,739,193,126
774,739,193,126
772,740,192,126
774,740,192,126
776,740,192,126
778,740,192,126
780,740,192,126
782,740,192,126
784,740,192,126
786,740,192,126
788,740,192,126
790,740,192,126
793,740,194,129
795,740,194,129
797,740,194,129
800,740,194,129
802,741,194,129
805,741,194,129
807,741,194,129
809,742,194,129
812,742,194,129
814,742,194,129
817,743,193,128
820,743,193,128
823,744,193,128
826,745,193,128
829,746,193,128
832,747,193,128
835,748,193,128
838,749,193,128
841,750,193,128
844,751,193,128
847,752,187,122
849,751,187,122
851,750,187,122
854,750,187,122
856,749,187,122
859,749,187,122
861,748,187,122
863,747,187,122
866,747,187,122
868,746,187,122
871,746,195,128
874,746,195,128
877,747,195,128
881,747,195,128
884,748,195,128
888,749,195,128
891,749,195,128
894,750,195,128
898,750,195,128
901,751,195,128
905,752,189,126
908,751,189,126
911,751,189,126
914,750,189,126
917,750,189,126
920,750,189,126
923,749,189,126
926,749,189,126
929,748,189,126
932,748,189,126
935,748,190,128
937,747,190,128
939,747,190,128
941,747,190,128
944,747,190,128
946,747,190,128
948,747,190,128
951,747,190,128
953,747,190,128
955,747,190,128
958,747,187,126
956,746,187,126
955,745,187,126
954,744,187,126
952,743,187,126
951,742,187,126
950,741,187,126
948,740,187,126
947,739,187,126
946,738,187,126
945,738,185,130
944,737,185,130
943,736,185,130
942,735,185,130
941,734,185,130
940,733,185,130
939,732,185,130
938,731,185,130
937,730,185,130
936,729,185,130
936,729,187,128
936,728,187,128
936,728,187,128
936,727,187,128
936,727,187,128
936,727,187,128
936,726,187,128
936,726,187,128
936,725,187,128
936,725,187,128
937,725,187,128
938,724,187,128
939,724,187,128
940,723,187,128
941,723,187,128
942,722,187,128
943,722,187,128
944,721,187,128
945,721,187,128
946,720,187,128
948,720,187,128
947,720,187,128
947,720,187,128
946,720,187,128
946,720,187,128
946,720,187,128
945,720,187,128
945,720,187,128
944,720,187,128
944,720,187,128
944,720,187,128
944,720,187,128
945,720,187,128
945,720,187,128
946,720,187,128
946,720,187,128
947,720,187,128
947,720,187,128
948,720,187,128
948,720,187,128
949,721,187,128
952,718,187,128
955,715,187,128
958,713,187,128
961,710,187,128
964,708,187,128
967,705,187,128
970,702,187,128
973,700,187,128
976,697,187,128
979,695,187,128
980,693,187,128
981,691,187,128
982,689,187,128
983,687,187,128
984,685,187,128
985,683,187,128
986,681,187,128
987,679,187,128
988,677,187,128
990,676,187,128
992,674,187,128
994,673,187,128
997,672,187,128
999,671,187,128
1002,670,187,128
1004,668,187,128
1006,667,187,128
1009,666,187,128
1011,665,187,128
1014,664,187,128
1016,662,187,128
1018,660,187,128
1020,658,187,128
1022,656,187,128
1024,654,187,128
1026,652,187,128
1028,650,187,128
1030,648,187,128
1032,646,187,128
1034,644,187,128
1037,642,187,128
1041,641,187,128
1045,639,187,128
1049,638,187,128
1053,636,187,128
1057,635,187,128
1061,633,187,128
1065,632,187,128
1069,630,187,128
1073,629,175,122
1074,627,175,122
1076,626,175,122
1078,624,175,122
1079,623,175,122
1081,621,175,122
1083,620,175,122
1084,618,175,122
1086,617,175,122
1088,615,175,122
1090,614,172,120
1089,611,172,120
1088,609,172,120
1088,606,172,120
1087,604,172,120
1087,601,172,120
1086,599,172,120
1085,596,172,120
1085,594,172,120
1084,591,172,120
1084,589,174,124
1083,586,174,124
1083,584,174,124
1082,581,174,124
1082,579,174,124
1081,577,174,124
1081,574,174,124
1080,572,174,124
1080,569,174,124
1079,567,174,124
1079,565,174,124
1078,562,174,124
1078,559,174,124
1078,556,174,124
1077,554,174,124
1077,551,174,124
1077,548,174,124
1076,546,174,124
1076,543,174,124
1076,540,174,124
1076,538,174,124
1075,535,174,124
1075,533,174,124
1074,530,174,124
1074,528,174,124
1073,525,174,124
1073,523,174,124
1072,520,174,124
1072,518,174,124
1071,515,174,124
1071,513,174,124
1070,510,174,124
1069,507,174,124
1068,504,174,124
1067,501,174,124
1066,499,174,124
1065,496,174,124
1064,493,174,124
1063,490,174,124
1062,487,174,124
1061,485,174,124
1059,482,174,124
1058,479,174,124
1057,476,174,124
1056,473,174,124
1055,470,174,124
1053,467,174,124
1052,464,174,124
1051,461,174,124
1050,458,174,124
1049,455,174,124
1047,452,174,124
1045,449,174,124
1043,446,174,124
1041,443,174,124
1040,440,174,124
1038,437,174,124
1036,434,174,124
1034,431,174,124
1032,428,174,124
1031,425,174,124
1026,423,174,124
1022,422,174,124
1018,420,174,124
1014,419,174,124
1010,417,174,124
1006,416,174,124
1002,414,174,124
998,413,174,124
994,411,174,124
990,410,167,117
986,410,167,117
983,411,167,117
980,412,167,117
977,413,167,117
974,414,167,117
970,414,167,117
967,415,167,117
964,416,167,117
961,417,167,117
958,418,159,117
962,423,159,117
966,428,159,117
970,433,159,117
974,439,159,117
978,444,159,117
982,449,159,117
986,455,159,117
990,460,159,117
994,465,159,117
999,471,153,115
1002,473,153,115
1006,475,153,115
1010,477,153,115
1013,480,153,115
1017,482,153,115
1021,484,153,115
1024,487,153,115
1028,489,153,115
1032,491,153,115
1036,494,160,113
1036,491,160,113
1037,488,160,113
1037,485,160,113
1038,483,160,113
1039,480,160,113
1039,477,160,113
1040,475,160,113
1040,472,160,113
1041,469,160,113
1042,467,150,112
1038,464,150,112
1034,461,150,112
1031,458,150,112
1027,456,150,112
1024,453,150,112
1020,450,150,112
1016,448,150,112
1013,445,150,112
1009,442,150,112
1006,440,156,113
1005,437,156,113
1005,435,156,113
1004,433,156,113
1004,431,156,113
1003,429,156,113
1003,426,156,113
1002,424,156,113
1002,422,156,113
1001,420,156,113
1001,418,146,111
1002,415,146,111
1004,413,146,111
1005,410,146,111
1007,408,146,111
1009,405,146,111
1010,403,146,111
1012,400,146,111
1013,398,146,111
1015,395,146,111
1017,393,149,107
1019,390,149,107
1022,387,149,107
1024,384,149,107
1027,381,149,107
1030,378,149,107
1032,375,149,107
1035,372,149,107
1037,369,149,107
1040,366,149,107
1043,363,146,109
1047,360,146,109
1052,358,146,109
1056,355,146,109
1061,353,146,109
1066,350,146,109
1070,348,146,109
1075,345,146,109
1079,343,146,109
1084,340,146,109
1089,338,149,111
1093,335,149,111
1098,332,149,111
1103,330,149,111
1108,327,149,111
1113,325,149,111
1118,322,149,111
1123,319,149,111
1128,317,149,111
1133,314,149,111
1138,312,144,113
1141,310,144,113
1145,308,144,113
1148,307,144,113
1152,305,144,113
1155,304,144,113
1159,302,144,113
1162,300,144,113
1166,299,144,113
1169,297,144,113
1173,296,145,104
1173,296,145,104
1174,296,145,104
1175,296,145,104
1176,296,145,104
1177,296,145,104
1178,296,145,104
1179,296,145,104
1180,296,145,104
1181,296,145,104
1182,296,137,107
1181,299,137,107
1181,303,137,107
1180,307,137,107
1180,311,137,107
1180,315,137,107
1179,319,137,107
1179,323,137,107
1178,327,137,107
1178,331,137,107
1178,335,137,105
1176,338,137,105
1175,341,137,105
1173,344,137,105
1172,347,137,105
1171,350,137,105
1169,353,137,105
1168,356,137,105
1166,359,137,105
1165,362,137,105
1164,366,137,111
1161,366,137,111
1158,367,137,111
1155,368,137,111
1152,368,137,111
1149,369,137,111
1146,370,137,111
1143,370,137,111
1140,371,137,111
1137,372,137,111
1134,373,134,109
1129,373,134,109
1125,374,134,109
1120,374,134,109
1116,375,134,109
1112,375,134,109
1107,376,134,109
1103,376,134,109
1098,377,134,109
1094,377,134,109
1090,378,137,106
1087,377,137,106
1084,377,137,106
1081,377,137,106
1078,377,137,106
1076,377,137,106
1073,377,137,106
1070,377,137,106
1067,377,137,106
1064,377,137,106
1062,377,129,109
1063,377,129,109
1065,377,129,109
1067,377,129,109
1069,377,129,109
1071,378,129,109
1072,378,129,109
1074,378,129,109
1076,378,129,109
1078,378,129,109
1080,379,130,109
1083,379,130,109
1086,380,130,109
1089,381,130,109
1092,382,130,109
1095,383,130,109
1098,384,130,109
1101,385,130,109
1104,386,130,109
1107,387,130,109
1110,388,130,110
1108,388,130,110
1106,389,130,110
1105,390,130,110
1103,391,130,110
1102,392,130,110
1100,392,130,110
1098,393,130,110
1097,394,130,110
1095,395,130,110
1094,396,124,111
1090,397,124,111
1086,399,124,111
1082,400,124,111
1079,402,124,111
1075,403,124,111
1071,405,124,111
1068,406,124,111
1064,408,124,111
1060,409,124,111
1057,411,121,109
1054,411,121,109
1051,412,121,109
1048,412,121,109
1046,413,121,109
1043,413,121,109
1040,414,121,109
1038,414,121,109
1035,415,121,109
1032,415,121,109
1030,416,121,109
1030,416,121,109
1031,417,121,109
1032,418,121,109
1033,419,121,109
1034,420,121,109
1034,421,121,109
1035,422,121,109
1036,423,121,109
1037,424,121,109
1038,425,115,108
1038,426,115,108
1039,427,115,108
1040,428,115,108
1041,429,115,108
1042,430,115,108
1043,431,115,108
1044,432,115,108
1045,433,115,108
1046,434,115,108
1047,436,115,111
1046,437,115,111
1045,438,115,111
1044,439,115,111
1043,440,115,111
1042,442,115,111
1041,443,115,111
1040,444,115,111
1039,445,115,111
1038,446,115,111
1038,448,107,111
1034,448,107,111
1030,449,107,111
1026,450,107,111
1023,451,107,111
1019,452,107,111
1015,453,107,111
1012,454,107,111
1008,455,107,111
1004,456,107,111
1001,457,111,111
997,458,111,111
993,459,111,111
989,460,111,111
986,461,111,111
982,462,111,111
978,463,111,111
975,464,111,111
971,465,111,111
967,466,111,111
964,468,103,111
964,482,103,111
965,497,103,111
966,511,103,111
967,526,103,111
968,541,103,111
968,555,103,111
969,570,103,111
970,584,103,111
971,599,103,111
972,614,96,123
972,615,96,123
973,617,96,123
974,619,96,123
975,620,96,123
976,622,96,123
977,624,96,123
978,625,96,123
979,627,96,123
980,629,96,123
981,631,95,124
977,633,95,124
974,635,95,124
971,637,95,124
968,639,95,124
965,641,95,124
961,643,95,124
958,645,95,124
955,647,95,124
952,649,95,124
949,652,98,122
946,653,98,122
943,654,98,122
941,655,98,122
938,656,98,122
936,658,98,122
933,659,98,122
930,660,98,122
928,661,98,122
925,662,98,122
923,664,96,126
919,665,96,126
915,666,96,126
911,667,96,126
908,669,96,126
904,670,96,126
900,671,96,126
897,673,96,126
893,674,96,126
889,675,96,126
886,677,98,124
884,678,98,124
882,680,98,124
880,682,98,124
878,684,98,124
876,686,98,124
874,688,98,124
872,690,98,124
870,692,98,124
868,694,98,124
867,696,102,128
867,696,102,128
868,697,102,128
868,698,102,128
869,699,102,128
870,700,102,128
870,700,102,128
871,701,102,128
871,702,102,128
872,703,102,128
873,704,100,128
876,704,100,128
879,705,100,128
882,705,100,128
885,706,100,128
888,707,100,128
891,707,100,128
894,708,100,128
897,708,100,128
900,709,100,128
903,710,98,128
903,711,98,128
903,712,98,128
903,713,98,128
903,714,98,128
903,715,98,128
903,716,98,128
903,717,98,128
903,718,98,128
903,719,98,128
903,721,98,128
900,722,98,128
897,723,98,128
894,724,98,128
891,725,98,128
888,726,98,128
885,727,98,128
882,728,98,128
879,729,98,128
876,730,98,128
873,732,100,128
870,732,100,128
867,733,100,128
864,734,100,128
861,735,100,128
858,736,100,128
855,737,100,128
852,738,100,128
849,739,100,128
846,740,100,128
844,741,102,132
841,741,102,132
838,741,102,132
835,741,102,132
832,742,102,132
830,742,102,132
827,742,102,132
824,743,102,132
821,743,102,132
818,743,102,132
816,744,106,130
817,742,106,130
819,740,106,130
821,738,106,130
823,736,106,130
825,734,106,130
827,732,106,130
829,730,106,130
831,728,106,130
833,726,106,130
835,724,103,131
846,722,103,131
857,721,103,131
868,720,103,131
879,718,103,131
891,717,103,131
902,716,103,131
913,714,103,131
924,713,103,131
935,712,103,131
947,711,106,134
956,710,106,134
965,710,106,134
974,709,106,134
984,709,106,134
993,708,106,134
1002,708,106,134
1012,707,106,134
1021,707,106,134
1030,706,106,134
1040,706,107,134
1038,707,107,134
1036,709,107,134
1034,710,107,134
1032,712,107,134
1030,714,107,134
1028,715,107,134
1026,717,107,134
1024,718,107,134
1022,720,107,134
1021,722,115,139
1017,724,115,139
1014,726,115,139
1011,729,115,139
1007,731,115,139
1004,734,115,139
1001,736,115,139
997,738,115,139
994,741,115,139
991,743,115,139
988,746,120,138
985,748,120,138
982,751,120,138
979,753,120,138
976,756,120,138
973,759,120,138
970,761,120,138
967,764,120,138
964,766,120,138
961,769,120,138
958,772,124,132
954,774,124,132
950,776,124,132
946,778,124,132
943,780,124,132
939,782,124,132
935,784,124,132
932,786,124,132
928,788,124,132
924,790,124,132
921,792,135,135
917,788,135,135
914,785,135,135
910,781,135,135
907,778,135,135
903,774,135,135
900,771,135,135
896,767,135,135
893,764,135,135
889,760,135,135
886,757,139,135
890,744,139,135
894,732,139,135
898,719,139,135
903,707,139,135
907,695,139,135
911,682,139,135
916,670,139,135
920,657,139,135
924,645,139,135
929,633,148,137
940,627,148,137
952,621,148,137
964,615,148,137
976,609,148,137
988,603,148,137
1000,597,148,137
1012,591,148,137
1024,585,148,137
1036,579,148,137
1048,573,150,135
1062,575,150,135
1077,577,150,135
1092,579,150,135
1106,582,150,135
1121,584,150,135
1136,586,150,135
1150,589,150,135
1165,591,150,135
1180,593,150,135
1195,596,156,133
1197,596,156,133
1200,596,156,133
1203,597,156,133
1206,597,156,133
1209,598,156,133
1211,598,156,133
1214,598,156,133
1217,599,156,133
1220,599,156,133
1223,600,163,133
1217,600,163,133
1212,601,163,133
1207,602,163,133
1202,603,163,133
1197,604,163,133
1191,604,163,133
1186,605,163,133
1181,606,163,133
1176,607,163,133
1171,608,172,130
1165,608,172,130
1159,608,172,130
1153,608,172,130
1147,608,172,130
1142,608,172,130
1136,608,172,130
1130,608,172,130
1124,608,172,130
1118,608,172,130
1113,609,180,126
1112,608,180,126
1111,608,180,126
1110,608,180,126
1109,608,180,126
1108,608,180,126
1107,607,180,126
1106,607,180,126
1105,607,180,126
1104,607,180,126
1103,607,189,118
1105,606,189,118
1108,605,189,118
1110,604,189,118
1113,603,189,118
1115,602,189,118
1118,601,189,118
1120,600,189,118
1123,599,189,118
1125,598,189,118
1128,598,202,111
1130,598,202,111
1133,599,202,111
1136,599,202,111
1138,600,202,111
1141,601,202,111
1144,601,202,111
1146,602,202,111
1149,602,202,111
1152,603,202,111
1155,604,202,102
1153,603,202,102
1152,603,202,102
1151,602,202,102
1149,602,202,102
1148,601,202,102
1147,601,202,102
1145,600,202,102
1144,600,202,102
1143,599,202,102
1142,599,210,104
1139,598,210,104
1137,598,210,104
1135,598,210,104
1132,597,210,104
1130,597,210,104
1128,597,210,104
1125,596,210,104
1123,596,210,104
1121,596,210,104
1119,596,214,108
1119,596,214,108
1120,597,214,108
1121,598,214,108
1122,599,214,108
1123,600,214,108
1123,601,214,108
1124,602,214,108
1125,603,214,108
1126,604,214,108
1127,605,211,98
1132,605,211,98
1138,605,211,98
1144,605,211,98
1150,605,211,98
1156,605,211,98
1162,605,211,98
1168,605,211,98
1174,605,211,98
1180,605,211,98
1186,606,209,96
1196,606,209,96
1206,606,209,96
1216,607,209,96
1226,607,209,96
1236,608,209,96
1246,608,209,96
1256,608,209,96
1266,609,209,96
1276,609,209,96
1286,610,211,102
1296,610,211,102
1306,611,211,102
1316,612,211,102
1326,613,211,102
1336,614,211,102
1346,614,211,102
1356,615,211,102
1366,616,211,102
1376,617,211,102
1386,618,205,102
1383,618,205,102
1381,619,205,102
1379,619,205,102
1376,620,205,102
1374,620,205,102
1372,621,205,102
1369,621,205,102
1367,622,205,102
1365,622,205,102
1363,623,207,99
1357,623,207,99
1352,623,207,99
1346,623,207,99
1341,623,207,99
1336,624,207,99
1330,624,207,99
1325,624,207,99
1319,624,207,99
1314,624,207,99
1309,625,209,102
1303,625,209,102
1297,625,209,102
1291,625,209,102
1285,625,209,102
1279,626,209,102
1273,626,209,102
1267,626,209,102
1261,626,209,102
1255,626,209,102
1249,627,205,100
1242,626,205,100
1236,626,205,100
1230,625,205,100
1224,625,205,100
1218,624,205,100
1212,624,205,100
1206,623,205,100
1200,623,205,100
1194,622,205,100
1188,622,208,104
1182,622,208,104
1177,623,208,104
1171,624,208,104
1166,624,208,104
1160,625,208,104
1155,626,208,104
1149,626,208,104
1144,627,208,104
1138,628,208,104
1133,629,207,100
1128,628,207,100
1124,628,207,100
1120,628,207,100
1116,628,207,100
1112,628,207,100
1108,627,207,100
1104,627,207,100
1100,627,207,100
1096,627,207,100
1092,627,207,100
1090,626,207,100
1088,625,207,100
1086,624,207,100
1084,623,207,100
1082,622,207,100
1080,621,207,100
1078,620,207,100
1076,619,207,100
1074,618,207,100
1073,618,209,111
1071,617,209,111
1070,617,209,111
1069,617,209,111
1067,617,209,111
1066,617,209,111
1065,616,209,111
1063,616,209,111
1062,616,209,111
1061,616,209,111
1060,616,207,106
1059,616,207,106
1058,616,207,106
1057,616,207,106
1057,616,207,106
1056,616,207,106
1055,616,207,106
1055,616,207,106
1054,616,207,106
1053,616,207,106
1053,616,202,106
1051,615,202,106
1050,615,202,106
1049,615,202,106
1048,615,202,106
1047,615,202,106
1046,614,202,106
1045,614,202,106
1044,614,202,106
1043,614,202,106
1042,614,207,111
1041,614,207,111
1040,614,207,111
1039,614,207,111
1038,614,207,111
1038,614,207,111
1037,614,207,111
1036,614,207,111
1035,614,207,111
1034,614,207,111
1034,614,209,108
1033,614,209,108
1033,614,209,108
1032,614,209,108
1032,614,209,108
1032,614,209,108
1031,614,209,108
1031,614,209,108
1030,614,209,108
1030,614,209,108
1030,614,208,108
1029,613,208,108
1029,612,208,108
1029,611,208,108
1028,610,208,108
1028,609,208,108
1028,608,208,108
1027,607,208,108
1027,606,208,108
1027,605,208,108
1027,605,205,117
1026,604,205,117
1026,604,205,117
1026,604,205,117
1026,604,205,117
1026,604,205,117
1025,603,205,117
1025,603,205,117
1025,603,205,117
1025,603,205,117
1025,603,209,115
1024,602,209,115
1024,602,209,115
1024,601,209,115
1024,601,209,115
1024,601,209,115
1023,600,209,115
1023,600,209,115
1023,599,209,115
1023,599,209,115
1023,599,209,119
1023,599,209,119
1023,599,209,119
1023,599,209,119
1023,599,209,119
1024,599,209,119
1024,599,209,119
1024,599,209,119
1024,599,209,119
1024,599,209,119
1025,599,207,117
1025,599,207,117
1025,599,207,117
1025,599,207,117
1025,599,207,117
1025,600,207,117
1025,600,207,117
1025,600,207,117
1025,600,207,117
1025,600,207,117
1025,601,205,117
1025,600,205,117
1025,600,205,117
1025,600,205,117
1025,600,205,117
1025,600,205,117
1025,599,205,117
1025,599,205,117
1025,599,205,117
1025,599,205,117
1025,599,205,117
1025,599,205,117
1025,599,205,117
1025,599,205,117
1025,599,205,117
1026,600,205,117
1026,600,205,117
1026,600,205,117
1026,600,205,117
1026,600,205,117
1027,601,203,115
1027,601,203,115
1027,602,203,115
1027,602,203,115
1027,603,203,115
1027,604,203,115
1027,604,203,115
1027,605,203,115
1027,605,203,115
1027,606,203,115
1027,607,203,109
1026,607,203,109
1026,608,203,109
1026,608,203,109
1026,609,203,109
1026,609,203,109
1025,610,203,109
1025,610,203,109
1025,611,203,109
1025,611,203,109
1025,612,205,102
1025,612,205,102
1025,612,205,102
1026,612,205,102
1026,612,205,102
1027,612,205,102
1027,612,205,102
1027,612,205,102
1028,612,205,102
1028,612,205,102
1029,612,203,104
1028,612,203,104
1028,613,203,104
1027,614,203,104
1027,615,203,104
1027,616,203,104
1026,616,203,104
1026,617,203,104
1025,618,203,104
1025,619,203,104
1025,620,207,104
1025,621,207,104
1026,622,207,104
1026,623,207,104
1027,625,207,104
1027,626,207,104
1028,627,207,104
1028,629,207,104
1029,630,207,104
1029,631,207,104
1030,633,200,102
1029,624,200,102
1029,616,200,102
1029,607,200,102
1028,599,200,102
1028,590,200,102
1028,582,200,102
1027,573,200,102
1027,565,200,102
1027,556,200,102
1027,548,205,105
1027,547,205,105
1027,547,205,105
1027,546,205,105
1027,546,205,105
1027,545,205,105
1027,545,205,105
1027,544,205,105
1027,544,205,105
1027,543,205,105
1027,543,209,103
1026,544,209,103
1026,546,209,103
1026,548,209,103
1026,549,209,103
1026,551,209,103
1025,553,209,103
1025,554,209,103
1025,556,209,103
1025,558,209,103
1025,560,207,104
1024,561,207,104
1024,563,207,104
1023,565,207,104
1023,566,207,104
1023,568,207,104
1022,570,207,104
1022,571,207,104
1021,573,207,104
1021,575,207,104
1021,577,208,105
1020,578,208,105
1019,580,208,105
1018,582,208,105
1018,583,208,105
1017,585,208,105
1016,587,208,105
1016,588,208,105
1015,590,208,105
1014,592,208,105
1014,594,211,107
1011,595,211,107
1009,596,211,107
1007,597,211,107
1005,598,211,107
1003,599,211,107
1000,600,211,107
998,601,211,107
996,602,211,107
994,603,211,107
992,605,211,107
989,605,211,107
987,605,211,107
984,605,211,107
982,606,211,107
979,606,211,107
977,606,211,107
974,607,211,107
972,607,211,107
969,607,211,107
967,608,212,102
964,607,212,102
961,607,212,102
958,607,212,102
955,607,212,102
952,607,212,102
949,607,212,102
946,607,212,102
943,607,212,102
940,607,212,102
938,607,213,104
934,606,213,104
930,605,213,104
926,604,213,104
923,603,213,104
919,603,213,104
915,602,213,104
912,601,213,104
908,600,213,104
904,599,213,104
901,599,211,100
896,598,211,100
892,597,211,100
888,596,211,100
884,596,211,100
880,595,211,100
876,594,211,100
872,594,211,100
868,593,211,100
864,592,211,100
860,592,211,102
855,591,211,102
850,591,211,102
846,590,211,102
841,590,211,102
837,590,211,102
832,589,211,102
827,589,211,102
823,588,211,102
818,588,211,102
814,588,211,100
809,586,211,100
804,585,211,100
799,584,211,100
794,583,211,100
790,582,211,100
785,581,211,100
780,580,211,100
775,579,211,100
770,578,211,100
766,577,207,104
760,576,207,104
754,575,207,104
748,574,207,104
742,574,207,104
737,573,207,104
731,572,207,104
725,572,207,104
719,571,207,104
713,570,207,104
708,570,209,102
704,568,209,102
701,567,209,102
698,566,209,102
695,565,209,102
692,564,209,102
689,563,209,102
686,562,209,102
683,561,209,102
680,560,209,102
677,559,209,102
701,555,209,102
725,552,209,102
749,549,209,102
773,546,209,102
797,543,209,102
821,539,209,102
845,536,209,102
869,533,209,102
893,530,209,102
918,527,208,104
923,525,208,104
929,523,208,104
935,521,208,104
941,519,208,104
947,517,208,104
953,515,208,104
959,513,208,104
965,511,208,104
971,509,208,104
977,507,205,109
971,505,205,109
966,503,205,109
960,501,205,109
955,500,205,109
950,498,205,109
944,496,205,109
939,495,205,109
933,493,205,109
928,491,205,109
923,490,204,105
941,488,204,105
960,487,204,105
978,486,204,105
997,485,204,105
1015,484,204,105
1034,483,204,105
1052,482,204,105
1071,481,204,105
1089,480,204,105
1108,479,204,105
1126,478,204,105
1145,477,204,105
1164,476,204,105
1182,476,204,105
1201,475,204,105
1220,474,204,105
1238,474,204,105
1257,473,204,105
1276,472,204,105
1295,472,204,105
1301,472,204,105
1308,472,204,105
1315,472,204,105
1322,472,204,105
1329,472,204,105
1336,472,204,105
1343,472,204,105
1350,472,204,105
1357,472,204,105
1364,472,204,105
1321,490,204,105
1278,508,204,105
1235,526,204,105
1192,545,204,105
1150,563,204,105
1107,581,204,105
1064,600,204,105
1021,618,204,105
978,636,204,105
936,655,246,127
938,656,246,127
940,657,246,127
942,658,246,127
944,660,246,127
946,661,246,127
948,662,246,127
950,664,246,127
952,665,246,127
954,666,246,127
956,668,244,120
956,664,244,120
956,661,244,120
957,658,244,120
957,655,244,120
958,652,244,120
958,648,244,120
958,645,244,120
959,642,244,120
959,639,244,120
960,636,250,119
959,629,250,119
959,623,250,119
959,617,250,119
958,611,250,119
958,605,250,119
958,598,250,119
957,592,250,119
957,586,250,119
957,580,250,119
957,574,250,116
957,567,250,116
957,561,250,116
957,554,250,116
957,548,250,116
957,541,250,116
957,535,250,116
957,528,250,116
957,522,250,116
957,515,250,116
957,509,252,115
957,506,252,115
957,503,252,115
957,500,252,115
957,497,252,115
958,494,252,115
958,491,252,115
958,488,252,115
958,485,252,115
958,482,252,115
959,479,250,120
958,477,250,120
958,475,250,120
957,473,250,120
957,471,250,120
957,470,250,120
956,468,250,120
956,466,250,120
955,464,250,120
955,462,250,120
955,461,252,122
952,458,252,122
949,456,252,122
946,454,252,122
943,452,252,122
940,450,252,122
937,447,252,122
934,445,252,122
931,443,252,122
928,441,252,122
925,439,254,128
919,439,254,128
914,439,254,128
908,439,254,128
903,439,254,128
897,439,254,128
892,439,254,128
886,439,254,128
881,439,254,128
875,439,254,128
870,439,251,131
864,438,251,131
859,437,251,131
853,437,251,131
848,436,251,131
843,436,251,131
837,435,251,131
832,434,251,131
826,434,251,131
821,433,251,131
816,433,250,135
813,432,250,135
810,431,250,135
807,431,250,135
804,430,250,135
801,430,250,135
798,429,250,135
795,428,250,135
792,428,250,135
789,427,250,135
786,427,246,142
787,426,246,142
789,426,246,142
791,425,246,142
792,425,246,142
794,425,246,142
796,424,246,142
797,424,246,142
799,423,246,142
801,423,246,142
803,423,246,143
805,422,246,143
807,422,246,143
809,421,246,143
811,421,246,143
813,421,246,143
815,420,246,143
817,420,246,143
819,419,246,143
821,419,246,143
823,419,244,143
825,418,244,143
827,417,244,143
830,417,244,143
832,416,244,143
835,416,244,143
837,415,244,143
839,414,244,143
842,414,244,143
844,413,244,143
847,413,241,146
847,413,241,146
847,413,241,146
848,413,241,146
848,413,241,146
849,414,241,146
849,414,241,146
849,414,241,146
850,414,241,146
850,414,241,146
851,415,243,144
846,414,243,144
842,414,243,144
838,413,243,144
834,413,243,144
830,413,243,144
826,412,243,144
822,412,243,144
818,411,243,144
814,411,243,144
810,411,241,144
806,411,241,144
803,412,241,144
799,412,241,144
796,413,241,144
792,413,241,144
789,414,241,144
785,414,241,144
782,415,241,144
778,415,241,144
775,416,241,144
773,415,241,144
771,415,241,144
769,414,241,144
767,414,241,144
765,414,241,144
763,413,241,144
761,413,241,144
759,412,241,144
757,412,241,144
756,412,247,152
756,413,247,152
756,414,247,152
756,415,247,152
756,416,247,152
756,417,247,152
756,418,247,152
756,419,247,152
756,420,247,152
756,421,247,152
756,422,243,144
755,422,243,144
754,423,243,144
753,424,243,144
752,425,243,144
751,426,243,144
750,427,243,144
749,428,243,144
748,429,243,144
747,430,243,144
747,431,243,149
747,432,243,149
747,434,243,149
747,435,243,149
747,437,243,149
748,438,243,149
748,440,243,149
748,441,243,149
748,443,243,149
748,444,243,149
749,446,240,148
749,447,240,148
750,448,240,148
751,449,240,148
751,451,240,148
752,452,240,148
753,453,240,148
753,455,240,148
754,456,240,148
755,457,240,148
756,459,241,144
756,460,241,144
757,462,241,144
757,463,241,144
758,465,241,144
758,466,241,144
759,468,241,144
759,469,241,144
760,471,241,144
760,472,241,144
761,474,243,146
760,474,243,146
760,475,243,146
760,476,243,146
760,477,243,146
760,478,243,146
760,479,243,146
760,480,243,146
760,481,243,146
760,482,243,146
760,483,254,155
760,484,254,155
761,486,254,155
762,488,254,155
763,490,254,155
764,492,254,155
765,493,254,155
766,495,254,155
767,497,254,155
768,499,254,155
769,501,243,150
769,502,243,150
769,503,243,150
770,504,243,150
770,505,243,150
771,507,243,150
771,508,243,150
771,509,243,150
772,510,243,150
772,511,243,150
773,513,246,151
773,513,246,151
773,514,246,151
773,515,246,151
773,516,246,151
774,517,246,151
774,518,246,151
774,519,246,151
774,520,246,151
774,521,246,151
775,522,248,153
776,523,248,153
778,524,248,153
779,525,248,153
781,526,248,153
782,527,248,153
784,528,248,153
785,529,248,153
787,530,248,153
788,531,248,153
790,533,244,153
794,533,244,153
799,533,244,153
803,534,244,153
808,534,244,153
813,535,244,153
817,535,244,153
822,535,244,153
826,536,244,153
831,536,244,153
836,537,250,153
842,537,250,153
849,537,250,153
856,537,250,153
862,537,250,153
869,537,250,153
876,537,250,153
882,537,250,153
889,537,250,153
896,537,250,153
903,537,248,155
904,537,248,155
905,537,248,155
906,537,248,155
908,538,248,155
909,538,248,155
910,538,248,155
912,539,248,155
913,539,248,155
914,539,248,155
916,540,246,158
916,540,246,158
916,540,246,158
916,540,246,158
916,540,246,158
916,540,246,158
916,540,246,158
916,540,246,158
916,540,246,158
916,540,246,158
916,540,250,158
916,540,250,158
916,541,250,158
916,541,250,158
916,542,250,158
916,543,250,158
916,543,250,158
916,544,250,158
916,544,250,158
916,545,250,158
917,546,249,161
917,546,249,161
917,546,249,161
917,546,249,161
917,546,249,161
917,547,249,161
917,547,249,161
917,547,249,161
917,547,249,161
917,547,249,161
917,548,249,158
917,548,249,158
917,549,249,158
918,550,249,158
918,550,249,158
919,551,249,158
919,552,249,158
919,552,249,158
920,553,249,158
920,554,249,158
921,555,248,154
921,554,248,154
921,554,248,154
921,554,248,154
921,554,248,154
921,554,248,154
921,553,248,154
921,553,248,154
921,553,248,154
921,553,248,154
921,553,248,156
921,553,248,156
921,553,248,156
922,553,248,156
922,553,248,156
923,554,248,156
923,554,248,156
923,554,248,156
924,554,248,156
924,554,248,156
925,555,248,156
924,554,248,156
924,554,248,156
924,554,248,156
924,554,248,156
924,554,248,156
924,553,248,156
924,553,248,156
924,553,248,156
924,553,248,156
924,553,247,159
924,553,247,159
924,553,247,159
924,553,247,159
925,553,247,159
925,554,247,159
925,554,247,159
926,554,247,159
926,554,247,159
926,554,247,159
927,555,246,157
926,554,246,157
926,554,246,157
926,554,246,157
926,554,246,157
926,554,246,157
925,553,246,157
925,553,246,157
925,553,246,157
925,553,246,157
925,553,246,159
925,553,246,159
925,553,246,159
925,553,246,159
925,553,246,159
926,554,246,159
926,554,246,159
926,554,246,159
926,554,246,159
926,554,246,159
927,555,244,159
927,555,244,159
927,556,244,159
927,557,244,159
927,557,244,159
928,558,244,159
928,559,244,159
928,559,244,159
928,560,244,159
928,561,244,159
929,562,246,154
929,562,246,154
929,563,246,154
929,564,246,154
929,564,246,154
929,565,246,154
929,566,246,154
929,566,246,154
929,567,246,154
929,568,246,154
930,569,247,155
930,569,247,155
930,570,247,155
930,570,247,155
930,571,247,155
931,571,247,155
931,572,247,155
931,572,247,155
931,573,247,155
931,573,247,155
932,574,248,157
931,574,248,157
931,575,248,157
931,576,248,157
931,577,248,157
931,578,248,157
931,578,248,157
931,579,248,157
931,580,248,157
931,581,248,157
931,582,251,156
931,582,251,156
931,583,251,156
931,584,251,156
932,585,251,156
932,586,251,156
932,586,251,156
933,587,251,156
933,588,251,156
933,589,251,156
934,590,245,154
934,590,245,154
934,590,245,154
934,590,245,154
934,590,245,154
935,590,245,154
935,590,245,154
935,590,245,154
935,590,245,154
935,590,245,154
936,591,246,155
936,591,246,155
936,591,246,155
936,591,246,155
936,591,246,155
936,591,246,155
936,591,246,155
936,591,246,155
936,591,246,155
936,591,246,155
937,591,249,157
937,591,249,157
937,591,249,157
937,591,249,157
937,592,249,157
937,592,249,157
937,592,249,157
937,593,249,157
937,593,249,157
937,593,249,157
938,594,250,161
938,594,250,161
938,595,250,161
938,595,250,161
938,596,250,161
938,597,250,161
938,597,250,161
938,598,250,161
938,598,250,161
938,599,250,161
938,600,250,153
938,600,250,153
939,600,250,153
939,600,250,153
940,600,250,153
941,601,250,153
941,601,250,153
942,601,250,153
942,601,250,153
943,601,250,153
944,602,244,152
943,601,244,152
943,601,244,152
943,601,244,152
943,601,244,152
943,601,244,152
943,600,244,152
943,600,244,152
943,600,244,152
943,600,244,152
943,600,243,157
942,600,243,157
942,600,243,157
942,600,243,157
941,600,243,157
941,600,243,157
941,600,243,157
940,600,243,157
940,600,243,157
940,600,243,157
940,600,248,155
940,600,248,155
940,600,248,155
940,600,248,155
940,600,248,155
940,600,248,155
940,600,248,155
940,600,248,155
940,600,248,155
940,600,248,155
940,600,250,155
940,599,250,155
940,599,250,155
940,599,250,155
940,599,250,155
940,599,250,155
940,599,250,155
940,599,250,155
940,599,250,155
940,599,250,155
940,599,248,158
940,599,248,158
940,599,248,158
940,599,248,158
941,599,248,158
941,599,248,158
941,599,248,158
942,599,248,158
942,599,248,158
942,599,248,158
943,599,245,152
943,599,245,152
943,599,245,152
943,599,245,152
943,599,245,152
943,599,245,152
943,599,245,152
943,599,245,152
943,599,245,152
943,599,245,152
943,600,243,159
943,600,243,159
943,600,243,159
943,600,243,159
943,600,243,159
943,600,243,159
943,600,243,159
943,600,243,159
943,600,243,159
943,600,243,159
943,600,243,153
942,599,243,153
942,599,243,153
941,599,243,153
941,599,243,153
941,599,243,153
940,598,243,153
940,598,243,153
939,598,243,153
939,598,243,153
939,598,245,155
939,598,245,155
939,598,245,155
939,598,245,155
939,598,245,155
940,599,245,155
940,599,245,155
940,599,245,155
940,599,245,155
940,599,245,155
941,600,247,153
941,600,247,153
941,600,247,153
941,600,247,153
941,600,247,153
941,600,247,153
941,600,247,153
941,600,247,153
941,600,247,153
941,600,247,153
941,600,245,149
941,599,245,149
941,599,245,149
941,599,245,149
941,599,245,149
941,599,245,149
941,599,245,149
941,599,245,149
941,599,245,149
941,599,245,149
941,599,243,158
940,599,243,158
940,599,243,158
940,599,243,158
940,599,243,158
940,600,243,158
939,600,243,158
939,600,243,158
939,600,243,158
939,600,243,158
939,601,241,154
938,600,241,154
938,600,241,154
938,600,241,154
938,600,241,154
938,600,241,154
937,600,241,154
937,600,241,154
937,600,241,154
937,600,241,154
937,600,247,153
937,599,247,153
937,599,247,153
937,599,247,153
937,599,247,153
937,599,247,153
937,598,247,153
937,598,247,153
937,598,247,153
937,598,247,153
937,598,242,157
937,598,242,157
937,598,242,157
937,598,242,157
937,598,242,157
937,599,242,157
937,599,242,157
937,599,242,157
937,599,242,157
937,599,242,157
937,600,243,155
937,600,243,155
937,600,243,155
937,600,243,155
937,600,243,155
937,600,243,155
937,600,243,155
937,600,243,155
937,600,243,155
937,600,243,155
937,601,241,150
937,601,241,150
937,601,241,150
937,601,241,150
937,601,241,150
937,601,241,150
937,601,241,150
937,601,241,150
937,601,241,150
937,601,241,150
938,602,239,153
937,602,239,153
937,602,239,153
937,602,239,153
936,602,239,153
936,603,239,153
936,603,239,153
935,603,239,153
935,603,239,153
935,603,239,153
935,604,241,150
934,602,241,150
933,600,241,150
932,598,241,150
931,596,241,150
930,594,241,150
929,592,241,150
928,590,241,150
927,588,241,150
926,586,241,150
925,585,242,157
924,585,242,157
924,585,242,157
924,585,242,157
924,585,242,157
924,585,242,157
923,585,242,157
923,585,242,157
923,585,242,157
923,585,242,157
923,586,244,156
923,586,244,156
923,586,244,156
923,586,244,156
923,586,244,156
923,587,244,156
923,587,244,156
923,587,244,156
923,587,244,156
923,587,244,156
923,588,244,154
923,588,244,154
923,589,244,154
924,589,244,154
924,590,244,154
925,590,244,154
925,591,244,154
925,591,244,154
926,592,244,154
926,592,244,154
927,593,242,151
927,592,242,151
927,592,242,151
927,592,242,151
928,591,242,151
928,591,242,151
928,591,242,151
929,590,242,151
929,590,242,151
929,590,242,151
930,590,242,151
929,590,242,151
929,590,242,151
929,590,242,151
928,590,242,151
928,590,242,151
928,590,242,151
927,590,242,151
927,590,242,151
927,590,242,151
927,590,242,151
927,590,242,151
927,590,242,151
927,590,242,151
927,591,242,151
928,591,242,151
928,591,242,151
928,592,242,151
928,592,242,151
928,592,242,151
929,593,242,152
929,592,242,152
929,592,242,152
929,592,242,152
929,592,242,152
929,592,242,152
929,592,242,152
929,592,242,152
929,592,242,152
929,592,242,152
930,592,241,148
930,592,241,148
930,592,241,148
931,592,241,148
931,592,241,148
932,592,241,148
932,592,241,148
932,592,241,148
933,592,241,148
933,592,241,148
934,592,239,150
934,592,239,150
934,592,239,150
935,592,239,150
935,592,239,150
936,592,239,150
936,592,239,150
936,592,239,150
937,592,239,150
937,592,239,150
938,592,235,150
937,592,235,150
937,592,235,150
937,592,235,150
937,592,235,150
937,593,235,150
936,593,235,150
936,593,235,150
936,593,235,150
936,593,235,150
936,594,241,150
935,594,241,150
935,594,241,150
935,594,241,150
935,594,241,150
935,595,241,150
934,595,241,150
934,595,241,150
934,595,241,150
934,595,241,150
934,596,243,151
934,596,243,151
934,596,243,151
934,596,243,151
934,596,243,151
935,596,243,151
935,596,243,151
935,596,243,151
935,596,243,151
935,596,243,151
936,596,239,152
936,596,239,152
936,596,239,152
936,596,239,152
936,596,239,152
936,596,239,152
936,596,239,152
936,596,239,152
936,596,239,152
936,596,239,152
936,596,243,152
936,596,243,152
936,596,243,152
936,597,243,152
936,597,243,152
937,598,243,152
937,598,243,152
937,598,243,152
937,599,243,152
937,599,243,152
938,600,239,152
938,600,239,152
938,600,239,152
938,600,239,152
938,600,239,152
938,600,239,152
938,600,239,152
