912,597,63,72
912,593,63,72
912,589,63,72
912,585,63,72
912,582,63,72
912,578,63,72
912,574,63,72
912,571,63,72
912,567,63,72
912,563,63,72
912,560,60,76
911,557,60,76
911,554,60,76
910,551,60,76
910,548,60,76
909,546,60,76
909,543,60,76
908,540,60,76
908,537,60,76
907,534,60,76
907,532,63,71
907,529,63,71
907,527,63,71
907,525,63,71
907,523,63,71
907,521,63,71
907,518,63,71
907,516,63,71
907,514,63,71
907,512,63,71
907,510,57,69
906,508,57,69
906,506,57,69
906,504,57,69
906,502,57,69
906,501,57,69
905,499,57,69
905,497,57,69
905,495,57,69
905,493,57,69
905,492,57,69
905,490,57,69
905,489,57,69
905,488,57,69
905,487,57,69
905,486,57,69
905,485,57,69
905,484,57,69
905,483,57,69
905,482,57,69
905,481,57,69
904,480,57,69
904,479,57,69
903,478,57,69
903,478,57,69
903,477,57,69
902,476,57,69
902,476,57,69
901,475,57,69
901,474,57,69
901,474,57,69
902,473,57,69
903,473,57,69
904,473,57,69
906,473,57,69
907,473,57,69
908,472,57,69
910,472,57,69
911,472,57,69
912,472,57,69
914,472,57,69
917,472,57,69
920,472,57,69
923,472,57,69
927,472,57,69
930,472,57,69
933,472,57,69
937,472,57,69
940,472,57,69
943,472,57,69
947,472,57,69
949,472,57,69
951,472,57,69
954,472,57,69
956,472,57,69
959,472,57,69
961,472,57,69
963,472,57,69
966,472,57,69
968,472,57,69
971,473,57,69
971,472,57,69
971,472,57,69
971,472,57,69
971,472,57,69
971,472,57,69
971,472,57,69
971,472,57,69
971,472,57,69
971,472,57,69
972,472,57,69
971,472,57,69
971,473,57,69
970,474,57,69
970,475,57,69
970,476,57,69
969,476,57,69
969,477,57,69
968,478,57,69
968,479,57,69
968,480,57,69
968,480,57,69
968,481,57,69
968,481,57,69
968,482,57,69
968,482,57,69
968,483,57,69
968,483,57,69
968,484,57,69
968,484,57,69
968,485,57,69
967,485,57,69
967,486,57,69
967,487,57,69
966,488,57,69
966,489,57,69
966,490,57,69
965,491,57,69
965,492,57,69
965,493,57,69
965,494,57,69
964,494,57,69
964,495,57,69
964,496,57,69
964,497,57,69
964,498,57,69
964,499,57,69
964,500,57,69
964,501,57,69
964,502,57,69
964,503,57,69
968,511,57,69
973,519,57,69
978,527,57,69
983,535,57,69
988,543,57,69
992,551,57,69
997,559,57,69
1002,567,57,69
1007,575,57,69
1012,583,67,88
1012,582,67,88
1012,582,67,88
1012,582,67,88
1012,582,67,88
1013,582,67,88
1013,582,67,88
1013,582,67,88
1013,582,67,88
1013,582,67,88
1014,582,67,88
1014,582,67,88
1014,582,67,88
1014,582,67,88
1014,582,67,88
1014,582,67,88
1014,582,67,88
1014,582,67,88
1014,582,67,88
1014,582,67,88
1014,582,67,88
1014,582,67,88
1014,582,67,88
1014,582,67,88
1014,582,67,88
1014,582,67,88
1014,582,67,88
1014,582,67,88
1014,582,67,88
1014,582,67,88
1014,583,67,88
1014,583,67,88
1014,583,67,88
1014,583,67,88
1014,583,67,88
1015,583,67,88
1015,583,67,88
1015,583,67,88
1015,583,67,88
1015,583,67,88
1016,583,67,88
1016,583,67,88
1016,583,67,88
1016,583,67,88
1016,583,67,88
1016,584,67,88
1016,584,67,88
1016,584,67,88
1016,584,67,88
1016,584,67,88
1016,585,67,88
1016,585,67,88
1016,585,67,88
1016,585,67,88
1016,585,67,88
1016,585,67,88
1016,585,67,88
1016,585,67,88
1016,585,67,88
1016,585,67,88
1016,585,67,88
1016,585,67,88
1016,585,67,88
1016,585,67,88
1016,585,67,88
1016,585,67,88
1016,585,67,88
1016,585,67,88
1016,585,67,88
1016,585,67,88
1016,585,67,88
1016,584,67,88
1016,584,67,88
1016,584,67,88
1016,584,67,88
1017,584,67,88
1017,584,67,88
1017,584,67,88
1017,584,67,88
1017,584,67,88
1018,584,67,88
1018,584,67,88
1018,584,67,88
1019,584,67,88
1019,584,67,88
1020,584,67,88
1020,584,67,88
1020,584,67,88
1021,584,67,88
1021,584,67,88
1022,585,67,88
1022,584,67,88
1022,584,67,88
1022,584,67,88
1022,584,67,88
1023,584,67,88
1023,583,67,88
1023,583,67,88
1023,583,67,88
1023,583,67,88
1024,583,67,88
1024,583,67,88
1024,583,67,88
1025,583,67,88
1025,583,67,88
1026,584,67,88
1026,584,67,88
1026,584,67,88
1027,584,67,88
1027,584,67,88
1028,585,67,88
1027,584,67,88
1027,584,67,88
1027,584,67,88
1027,584,67,88
1027,584,67,88
1026,583,67,88
1026,583,67,88
1026,583,67,88
1026,583,67,88
1026,583,67,88
1026,583,67,88
1026,583,67,88
1027,583,67,88
1027,583,67,88
1028,583,67,88
1028,583,67,88
1028,583,67,88
1029,583,67,88
1029,583,67,88
1030,583,67,88
1030,583,67,88
1030,583,67,88
1030,583,67,88
1030,583,67,88
1030,583,67,88
1030,583,67,88
1030,583,67,88
1030,583,67,88
1030,583,67,88
1031,583,67,88
1031,582,67,88
1031,582,67,88
1031,582,67,88
1031,582,67,88
1032,582,67,88
1032,581,67,88
1032,581,67,88
1032,581,67,88
1032,581,67,88
1033,581,67,88
1033,581,67,88
1033,581,67,88
1033,581,67,88
1033,581,67,88
1033,581,67,88
1033,581,67,88
1033,581,67,88
1033,581,67,88
1033,581,67,88
1033,581,67,88
1033,581,67,88
1033,581,67,88
1033,581,67,88
1033,581,67,88
1034,581,67,88
1034,581,67,88
1034,581,67,88
1034,581,67,88
1034,581,67,88
1035,581,67,88
1034,580,67,88
1034,580,67,88
1034,580,67,88
1034,580,67,88
1034,580,67,88
1033,580,67,88
1033,580,67,88
1033,580,67,88
1033,580,67,88
1033,580,67,88
1033,580,67,88
1033,580,67,88
1033,580,67,88
1033,580,67,88
1034,581,67,88
1034,581,67,88
1034,581,67,88
1034,581,67,88
1034,581,67,88
1035,582,67,88
1034,582,67,88
1034,582,67,88
1034,582,67,88
1034,582,67,88
1034,582,67,88
1033,582,67,88
1033,582,67,88
1033,582,67,88
1033,582,67,88
1033,582,67,88
1033,582,67,88
1033,582,67,88
1033,582,67,88
1033,582,67,88
1033,582,67,88
1033,582,67,88
1033,582,67,88
1033,582,67,88
1033,582,67,88
1033,582,67,88
1033,582,67,88
1033,582,67,88
1033,582,67,88
1033,582,67,88
1033,582,67,88
1033,582,67,88
1033,582,67,88
1033,582,67,88
1033,582,67,88
1034,583,67,88
1033,583,67,88
1033,583,67,88
1033,583,67,88
1033,583,67,88
1033,583,67,88
1032,583,67,88
1032,583,67,88
1032,583,67,88
1032,583,67,88
1032,583,67,88
1032,582,67,88
1032,582,67,88
1032,582,67,88
1032,582,67,88
1032,582,67,88
1032,582,67,88
1032,582,67,88
1032,582,67,88
1032,582,67,88
1033,582,67,88
1032,582,67,88
1032,582,67,88
1032,582,67,88
1032,582,67,88
1032,582,67,88
1031,582,67,88
1031,582,67,88
1031,582,67,88
1031,582,67,88
1031,582,67,88
1031,582,67,88
1031,582,67,88
1031,582,67,88
1031,582,67,88
1032,582,67,88
1032,582,67,88
1032,582,67,88
1032,582,67,88
1032,582,67,88
1033,583,67,88
1033,582,67,88
1033,582,67,88
1033,582,67,88
1033,582,67,88
1033,582,67,88
1033,582,67,88
1033,582,67,88
1033,582,67,88
1033,582,67,88
1033,582,67,88
1033,582,67,88
1033,582,67,88
1033,582,67,88
1033,582,67,88
1033,583,67,88
1033,583,67,88
1033,583,67,88
1033,583,67,88
1033,583,67,88
1033,584,67,88
1033,584,67,88
1033,584,67,88
1033,584,67,88
1033,584,67,88
1033,584,67,88
1033,584,67,88
1033,584,67,88
1033,584,67,88
1033,584,67,88
1033,585,67,88
1033,585,67,88
1033,585,67,88
1033,585,67,88
1033,585,67,88
1033,585,67,88
1033,585,67,88
1033,585,67,88
1033,585,67,88
1033,585,67,88
1033,585,67,88
1032,584,67,88
1032,584,67,88
1032,584,67,88
1032,584,67,88
1032,584,67,88
1031,584,67,88
1031,584,67,88
1031,584,67,88
1031,584,67,88
1031,584,67,88
1031,584,67,88
1031,584,67,88
1031,584,67,88
1031,584,67,88
1032,584,67,88
1032,584,67,88
1032,584,67,88
1032,584,67,88
1032,584,67,88
1033,584,67,88
1030,580,67,88
1028,577,67,88
1026,573,67,88
1023,570,67,88
1021,566,67,88
1019,563,67,88
1016,559,67,88
1014,556,67,88
1012,552,67,88
1010,549,67,88
998,541,67,88
986,533,67,88
974,525,67,88
962,518,67,88
951,510,67,88
939,502,67,88
927,495,67,88
915,487,67,88
903,479,67,88
892,472,67,88
889,470,67,88
887,469,67,88
885,467,67,88
883,466,67,88
881,465,67,88
878,463,67,88
876,462,67,88
874,460,67,88
872,459,67,88
870,458,67,88
870,457,67,88
870,457,67,88
870,457,67,88
870,457,67,88
871,457,67,88
871,456,67,88
871,456,67,88
871,456,67,88
871,456,67,88
872,456,67,88
882,455,67,88
892,454,67,88
902,454,67,88
912,453,67,88
923,453,67,88
933,452,67,88
943,451,67,88
953,451,67,88
963,450,67,88
974,450,72,87
975,450,72,87
977,450,72,87
978,450,72,87
980,450,72,87
981,450,72,87
983,450,72,87
984,450,72,87
986,450,72,87
987,450,72,87
989,451,73,87
989,458,73,87
989,466,73,87
989,473,73,87
989,481,73,87
990,489,73,87
990,496,73,87
990,504,73,87
990,511,73,87
990,519,73,87
991,527,71,98
991,530,71,98
991,534,71,98
991,537,71,98
992,541,71,98
992,545,71,98
992,548,71,98
993,552,71,98
993,555,71,98
993,559,71,98
994,563,67,89
993,563,67,89
993,563,67,89
993,563,67,89
993,563,67,89
993,563,67,89
992,563,67,89
992,563,67,89
992,563,67,89
992,563,67,89
992,563,67,89
992,563,67,89
992,563,67,89
992,563,67,89
992,563,67,89
993,563,67,89
993,563,67,89
993,563,67,89
993,563,67,89
993,563,67,89
994,563,67,89
993,563,67,89
993,563,67,89
993,563,67,89
993,563,67,89
993,563,67,89
992,563,67,89
992,563,67,89
992,563,67,89
992,563,67,89
992,563,67,89
992,563,67,89
992,563,67,89
992,563,67,89
992,563,67,89
992,563,67,89
992,563,67,89
992,563,67,89
992,563,67,89
992,563,67,89
993,563,67,89
993,563,67,89
993,563,67,89
993,563,67,89
993,563,67,89
993,563,67,89
993,563,67,89
993,563,67,89
993,563,67,89
993,563,67,89
993,564,67,89
993,563,67,89
993,563,67,89
993,563,67,89
993,563,67,89
993,563,67,89
993,563,67,89
993,563,67,89
993,563,67,89
993,563,67,89
993,563,67,89
992,563,67,89
992,563,67,89
992,563,67,89
992,563,67,89
992,563,67,89
992,563,67,89
992,563,67,89
992,563,67,89
992,563,67,89
992,563,67,89
992,560,67,89
992,558,67,89
992,556,67,89
992,554,67,89
992,552,67,89
992,549,67,89
992,547,67,89
992,545,67,89
992,543,67,89
992,541,67,89
991,540,67,89
991,540,67,89
991,540,67,89
991,539,67,89
991,539,67,89
991,539,67,89
991,538,67,89
991,538,67,89
991,538,67,89
991,538,67,89
991,538,67,89
991,538,67,89
991,538,67,89
991,538,67,89
992,538,67,89
992,538,67,89
992,538,67,89
992,538,67,89
992,538,67,89
993,538,67,89
992,538,67,89
992,538,67,89
992,538,67,89
992,538,67,89
992,538,67,89
991,538,67,89
991,538,67,89
991,538,67,89
991,538,67,89
991,538,67,89
991,538,67,89
991,538,67,89
991,538,67,89
992,538,67,89
992,538,67,89
992,538,67,89
993,538,67,89
993,538,67,89
993,538,67,89
994,538,67,89
994,537,67,89
994,537,67,89
994,537,67,89
994,537,67,89
994,537,67,89
994,537,67,89
994,537,67,89
994,537,67,89
994,537,67,89
994,537,67,89
993,537,67,89
993,537,67,89
993,537,67,89
993,537,67,89
993,537,67,89
993,537,67,89
993,537,67,89
993,537,67,89
993,537,67,89
993,537,67,89
993,537,67,89
993,537,67,89
993,537,67,89
993,537,67,89
993,538,67,89
993,538,67,89
993,538,67,89
993,538,67,89
993,538,67,89
993,539,67,89
993,538,67,89
993,538,67,89
993,538,67,89
993,538,67,89
993,538,67,89
993,537,67,89
993,537,67,89
993,537,67,89
993,537,67,89
993,537,67,89
993,537,67,89
993,537,67,89
993,537,67,89
993,537,67,89
993,538,67,89
993,538,67,89
993,538,67,89
993,538,67,89
993,538,67,89
993,539,67,89
993,539,67,89
993,539,67,89
993,539,67,89
993,539,67,89
993,539,67,89
993,539,67,89
993,539,67,89
993,539,67,89
993,539,67,89
993,539,67,89
993,539,67,89
993,539,67,89
993,539,67,89
993,539,67,89
993,539,67,89
993,539,67,89
993,539,67,89
993,539,67,89
993,539,67,89
993,540,67,89
992,539,67,89
992,539,67,89
992,539,67,89
992,539,67,89
992,539,67,89
991,538,67,89
991,538,67,89
991,538,67,89
991,538,67,89
991,538,67,89
991,538,67,89
991,538,67,89
991,538,67,89
991,538,67,89
991,538,67,89
991,538,67,89
991,538,67,89
991,538,67,89
991,538,67,89
991,539,67,89
991,539,67,89
991,539,67,89
991,539,67,89
991,539,67,89
992,540,67,89
992,540,67,89
992,540,67,89
992,540,67,89
992,540,67,89
993,541,67,89
992,540,67,89
992,540,67,89
992,540,67,89
992,540,67,89
992,540,67,89
991,539,67,89
991,539,67,89
991,539,67,89
991,539,67,89
991,539,67,89
990,538,67,89
990,538,67,89
990,537,67,89
990,537,67,89
990,536,67,89
989,536,67,89
989,535,67,89
989,535,67,89
989,534,67,89
989,534,67,89
989,533,67,89
989,533,67,89
989,533,67,89
989,533,67,89
990,533,67,89
990,533,67,89
990,533,67,89
990,533,67,89
990,533,67,89
991,533,67,89
991,533,67,89
991,533,67,89
991,533,67,89
991,533,67,89
991,533,67,89
991,533,67,89
991,533,67,89
991,533,67,89
991,533,67,89
991,533,67,89
990,533,67,89
990,533,67,89
990,533,67,89
990,533,67,89
990,533,67,89
989,533,67,89
989,533,67,89
989,533,67,89
989,533,67,89
989,533,67,89
989,532,67,89
989,532,67,89
989,531,67,89
989,531,67,89
989,530,67,89
989,530,67,89
989,529,67,89
989,529,67,89
989,528,67,89
989,528,67,89
988,527,67,89
988,527,67,89
988,527,67,89
988,527,67,89
988,527,67,89
987,527,67,89
987,527,67,89
987,527,67,89
987,527,67,89
987,527,67,89
986,526,67,89
986,526,67,89
986,525,67,89
986,525,67,89
986,525,67,89
985,524,67,89
985,524,67,89
985,523,67,89
985,523,67,89
985,523,67,89
985,522,67,89
985,521,67,89
985,520,67,89
985,519,67,89
985,519,67,89
985,518,67,89
985,517,67,89
985,516,67,89
985,515,67,89
985,515,67,89
985,514,67,89
985,514,67,89
985,513,67,89
985,513,67,89
985,512,67,89
985,512,67,89
985,511,67,89
985,511,67,89
985,510,67,89
985,510,67,89
985,509,67,89
985,508,67,89
985,507,67,89
985,507,67,89
985,506,67,89
985,505,67,89
985,505,67,89
985,504,67,89
985,503,67,89
985,503,67,89
985,502,67,89
985,501,67,89
985,500,67,89
985,500,67,89
985,499,67,89
985,498,67,89
985,498,67,89
985,497,67,89
985,496,67,89
985,496,67,89
984,495,67,89
984,495,67,89
984,494,67,89
984,494,67,89
984,494,67,89
983,493,67,89
983,493,67,89
983,492,67,89
983,492,67,89
983,492,67,89
982,492,67,89
982,492,67,89
982,492,67,89
982,492,67,89
982,492,67,89
982,492,67,89
982,492,67,89
982,492,67,89
982,492,67,89
982,492,67,89
981,491,67,89
981,491,67,89
981,490,67,89
981,490,67,89
981,490,67,89
980,489,67,89
980,489,67,89
980,488,67,89
980,488,67,89
980,488,67,89
979,487,67,89
979,487,67,89
979,486,67,89
979,486,67,89
979,486,67,89
979,485,67,89
979,485,67,89
979,484,67,89
979,484,67,89
979,484,67,89
978,483,67,89
978,483,67,89
977,482,67,89
977,482,67,89
977,481,67,89
976,481,67,89
976,480,67,89
975,480,67,89
975,479,67,89
975,479,67,89
974,478,67,89
974,478,67,89
974,477,67,89
974,477,67,89
974,477,67,89
973,476,67,89
973,476,67,89
973,475,67,89
973,475,67,89
973,475,67,89
972,474,67,89
972,473,67,89
972,472,67,89
972,471,67,89
972,471,67,89
971,470,67,89
971,469,67,89
971,468,67,89
971,467,67,89
971,467,67,89
972,466,67,89
973,466,67,89
974,466,67,89
975,465,67,89
977,465,67,89
978,465,67,89
979,464,67,89
980,464,67,89
981,464,67,89
983,464,67,86
984,463,67,86
985,463,67,86
987,463,67,86
988,462,67,86
990,462,67,86
991,462,67,86
992,461,67,86
994,461,67,86
995,461,67,86
997,461,67,86
996,460,67,86
996,459,67,86
996,459,67,86
996,458,67,86
996,458,67,86
995,457,67,86
995,456,67,86
995,456,67,86
995,455,67,86
995,455,67,86
994,454,67,86
994,454,67,86
994,454,67,86
994,454,67,86
994,454,67,86
994,453,67,86
994,453,67,86
994,453,67,86
994,453,67,86
994,453,67,86
993,453,67,86
993,453,67,86
993,453,67,86
993,453,67,86
993,453,67,86
993,453,67,86
993,453,67,86
993,453,67,86
993,453,67,86
993,454,67,86
993,454,67,86
993,455,67,86
993,456,67,86
993,457,67,86
993,458,67,86
993,458,67,86
993,459,67,86
993,460,67,86
993,461,67,86
994,462,67,86
994,462,67,86
994,463,67,86
994,464,67,86
994,464,67,86
995,465,67,86
995,466,67,86
995,466,67,86
995,467,67,86
995,468,67,86
996,469,67,83
996,470,67,83
996,471,67,83
996,472,67,83
996,473,67,83
996,474,67,83
996,475,67,83
996,476,67,83
996,477,67,83
996,478,67,83
997,480,67,83
996,481,67,83
996,483,67,83
996,484,67,83
996,486,67,83
996,487,67,83
996,489,67,83
996,490,67,83
996,492,67,83
996,493,67,83
996,495,67,83
995,496,67,83
995,497,67,83
995,498,67,83
995,500,67,83
995,501,67,83
995,502,67,83
995,504,67,83
995,505,67,83
995,506,67,83
995,508,67,87
995,508,67,87
995,509,67,87
995,510,67,87
995,511,67,87
995,512,67,87
995,513,67,87
995,514,67,87
995,515,67,87
995,516,67,87
996,517,68,85
995,519,68,85
995,521,68,85
995,523,68,85
995,525,68,85
995,527,68,85
994,529,68,85
994,531,68,85
994,533,68,85
994,535,68,85
994,538,68,85
993,539,68,85
993,540,68,85
993,541,68,85
993,543,68,85
993,544,68,85
993,545,68,85
993,547,68,85
993,548,68,85
993,549,68,85
993,551,68,85
993,552,68,85
993,553,68,85
993,554,68,85
993,556,68,85
993,557,68,85
993,558,68,85
993,560,68,85
993,561,68,85
993,562,68,85
993,564,70,89
992,565,70,89
992,567,70,89
992,568,70,89
992,570,70,89
992,572,70,89
991,573,70,89
991,575,70,89
991,576,70,89
991,578,70,89
991,580,70,89
990,581,70,89
990,582,70,89
990,583,70,89
989,585,70,89
989,586,70,89
989,587,70,89
988,589,70,89
988,590,70,89
988,591,70,89
988,593,75,93
988,594,75,93
988,596,75,93
988,597,75,93
988,599,75,93
989,600,75,93
989,602,75,93
989,603,75,93
989,605,75,93
989,606,75,93
990,608,74,97
989,609,74,97
989,611,74,97
989,612,74,97
989,614,74,97
989,615,74,97
988,617,74,97
988,618,74,97
988,620,74,97
988,621,74,97
988,623,74,97
988,624,74,97
988,625,74,97
988,627,74,97
988,628,74,97
988,630,74,97
988,631,74,97
988,632,74,97
988,634,74,97
988,635,74,97
988,637,74,97
988,638,74,97
988,640,74,97
988,642,74,97
988,644,74,97
988,646,74,97
988,648,74,97
988,650,74,97
988,652,74,97
988,654,74,97
988,656,74,97
988,657,74,97
988,658,74,97
988,659,74,97
988,661,74,97
988,662,74,97
988,663,74,97
988,665,74,97
988,666,74,97
988,667,74,97
988,669,76,100
987,670,76,100
987,671,76,100
987,672,76,100
987,674,76,100
987,675,76,100
987,676,76,100
987,678,76,100
987,679,76,100
987,680,76,100
987,682,76,98
986,683,76,98
986,684,76,98
986,685,76,98
986,686,76,98
986,687,76,98
985,688,76,98
985,689,76,98
985,690,76,98
985,691,76,98
985,693,79,100
985,693,79,100
985,694,79,100
985,695,79,100
985,696,79,100
985,697,79,100
985,697,79,100
985,698,79,100
985,699,79,100
985,700,79,100
985,701,78,102
984,701,78,102
984,702,78,102
984,702,78,102
984,703,78,102
984,704,78,102
983,704,78,102
983,705,78,102
983,705,78,102
983,706,78,102
983,707,78,102
982,707,78,102
982,708,78,102
982,708,78,102
982,709,78,102
982,709,78,102
981,710,78,102
981,710,78,102
981,711,78,102
981,711,78,102
981,712,78,102
980,712,78,102
980,712,78,102
980,713,78,102
980,713,78,102
980,714,78,102
979,714,78,102
979,714,78,102
979,715,78,102
979,715,78,102
979,716,78,102
979,716,78,102
979,716,78,102
979,716,78,102
979,716,78,102
979,717,78,102
979,717,78,102
979,717,78,102
979,717,78,102
979,717,78,102
979,718,78,102
978,717,78,102
978,717,78,102
978,717,78,102
978,717,78,102
978,717,78,102
977,716,78,102
977,716,78,102
977,716,78,102
977,716,78,102
977,716,78,102
977,716,78,102
977,716,78,102
977,716,78,102
977,716,78,102
977,716,78,102
977,716,78,102
977,716,78,102
977,716,78,102
977,716,78,102
977,716,78,102
976,716,78,102
976,716,78,102
976,716,78,102
976,716,78,102
976,717,78,102
975,717,78,102
975,717,78,102
975,717,78,102
975,717,78,102
975,718,78,102
974,718,78,102
974,718,78,102
973,718,78,102
973,718,78,102
973,719,78,102
972,719,78,102
972,719,78,102
971,719,78,102
971,719,78,102
971,720,78,102
970,720,78,102
970,720,78,102
970,720,78,102
970,720,78,102
970,720,78,102
969,720,78,102
969,720,78,102
969,720,78,102
969,720,78,102
969,720,78,102
968,718,78,102
968,717,78,102
968,716,78,102
968,715,78,102
968,714,78,102
967,713,78,102
967,712,78,102
967,711,78,102
967,710,78,102
967,709,78,102
967,706,78,102
967,704,78,102
967,701,78,102
967,699,78,102
967,697,78,102
967,694,78,102
967,692,78,102
967,689,78,102
967,687,78,102
967,685,78,102
968,672,78,102
969,659,78,102
971,646,78,102
972,634,78,102
974,621,78,102
975,608,78,102
976,596,78,102
978,583,78,102
979,570,78,102
981,558,84,100
981,557,84,100
982,556,84,100
983,555,84,100
984,555,84,100
985,554,84,100
986,553,84,100
987,553,84,100
988,552,84,100
989,551,84,100
990,551,80,98
990,550,80,98
991,549,80,98
991,548,80,98
992,547,80,98
993,546,80,98
993,545,80,98
994,544,80,98
994,543,80,98
995,542,80,98
996,541,80,101
996,541,80,101
997,541,80,101
998,541,80,101
998,541,80,101
999,541,80,101
1000,541,80,101
1000,541,80,101
1001,541,80,101
1002,541,80,101
1003,542,81,99
1003,541,81,99
1003,541,81,99
1003,541,81,99
1003,541,81,99
1004,541,81,99
1004,540,81,99
1004,540,81,99
1004,540,81,99
1004,540,81,99
1005,540,79,99
1005,539,79,99
1006,539,79,99
1007,539,79,99
1008,539,79,99
1009,539,79,99
1010,538,79,99
1011,538,79,99
1012,538,79,99
1013,538,79,99
1014,538,74,99
1013,537,74,99
1013,537,74,99
1013,537,74,99
1013,537,74,99
1013,537,74,99
1012,537,74,99
1012,537,74,99
1012,537,74,99
1012,537,74,99
1012,537,76,98
1012,537,76,98
1012,537,76,98
1013,537,76,98
1013,537,76,98
1014,538,76,98
1014,538,76,98
1014,538,76,98
1015,538,76,98
1015,538,76,98
1016,539,74,99
1015,539,74,99
1015,539,74,99
1014,539,74,99
1014,539,74,99
1014,539,74,99
1013,539,74,99
1013,539,74,99
1012,539,74,99
1012,539,74,99
1012,540,79,98
1012,540,79,98
1012,540,79,98
1013,540,79,98
1013,540,79,98
1014,540,79,98
1014,540,79,98
1014,540,79,98
1015,540,79,98
1015,540,79,98
1016,540,76,98
1015,540,76,98
1015,540,76,98
1015,540,76,98
1015,540,76,98
1015,540,76,98
1015,540,76,98
1015,540,76,98
1015,540,76,98
1015,540,76,98
1015,541,77,100
1014,541,77,100
1013,541,77,100
1012,541,77,100
1011,541,77,100
1010,542,77,100
1009,542,77,100
1008,542,77,100
1007,542,77,100
1006,542,77,100
1005,543,78,98
1002,542,78,98
1000,542,78,98
998,542,78,98
995,541,78,98
993,541,78,98
991,541,78,98
988,540,78,98
986,540,78,98
984,540,78,98
982,540,73,103
979,539,73,103
976,539,73,103
973,539,73,103
970,539,73,103
968,539,73,103
965,538,73,103
962,538,73,103
959,538,73,103
956,538,73,103
954,538,73,107
953,538,73,107
952,538,73,107
951,538,73,107
950,539,73,107
949,539,73,107
948,539,73,107
947,540,73,107
946,540,73,107
945,540,73,107
944,541,76,102
944,541,76,102
944,541,76,102
944,542,76,102
944,542,76,102
944,543,76,102
944,543,76,102
944,543,76,102
944,544,76,102
944,544,76,102
944,545,72,102
944,545,72,102
944,546,72,102
944,547,72,102
944,547,72,102
945,548,72,102
945,549,72,102
945,549,72,102
945,550,72,102
945,551,72,102
946,552,72,101
947,553,72,101
948,554,72,101
949,555,72,101
950,556,72,101
951,558,72,101
952,559,72,101
953,560,72,101
954,561,72,101
955,562,72,101
957,564,78,98
957,564,78,98
957,565,78,98
957,566,78,98
957,567,78,98
957,568,78,98
957,569,78,98
957,570,78,98
957,571,78,98
957,572,78,98
957,573,78,104
956,574,78,104
956,575,78,104
956,576,78,104
956,577,78,104
956,578,78,104
955,579,78,104
955,580,78,104
955,581,78,104
955,582,78,104
955,584,78,102
954,585,78,102
954,586,78,102
954,587,78,102
954,588,78,102
954,589,78,102
953,590,78,102
953,591,78,102
953,592,78,102
953,593,78,102
953,595,78,102
952,596,78,102
952,597,78,102
952,598,78,102
952,600,78,102
952,601,78,102
951,602,78,102
951,604,78,102
951,605,78,102
951,606,78,102
951,608,78,102
950,609,78,102
950,610,78,102
949,611,78,102
949,612,78,102
948,613,78,102
948,614,78,102
947,615,78,102
947,616,78,102
946,617,78,102
946,619,79,106
945,620,79,106
945,621,79,106
945,622,79,106
945,623,79,106
945,624,79,106
944,625,79,106
944,626,79,106
944,627,79,106
944,628,79,106
944,630,81,108
943,630,81,108
943,630,81,108
943,630,81,108
943,630,81,108
943,630,81,108
942,630,81,108
942,630,81,108
942,630,81,108
942,630,81,108
942,630,76,104
941,627,76,104
941,625,76,104
941,623,76,104
941,621,76,104
941,619,76,104
940,617,76,104
940,615,76,104
940,613,76,104
940,611,76,104
940,609,76,111
939,605,76,111
938,601,76,111
938,598,76,111
937,594,76,111
937,591,76,111
936,587,76,111
935,583,76,111
935,580,76,111
934,576,76,111
934,573,77,117
933,571,77,117
933,569,77,117
933,567,77,117
933,565,77,117
933,563,77,117
933,561,77,117
933,559,77,117
933,557,77,117
933,555,77,117
933,553,78,118
932,553,78,118
932,554,78,118
932,555,78,118
932,555,78,118
932,556,78,118
931,557,78,118
931,557,78,118
931,558,78,118
931,559,78,118
931,560,78,117
930,561,78,117
930,562,78,117
930,563,78,117
930,564,78,117
930,565,78,117
929,566,78,117
929,567,78,117
929,568,78,117
929,569,78,117
929,571,78,115
928,571,78,115
928,572,78,115
928,572,78,115
928,573,78,115
928,574,78,115
927,574,78,115
927,575,78,115
927,575,78,115
927,576,78,115
927,577,78,115
926,577,78,115
926,578,78,115
926,579,78,115
926,579,78,115
926,580,78,115
925,581,78,115
925,581,78,115
925,582,78,115
925,583,78,115
925,584,80,117
925,582,80,117
925,581,80,117
925,579,80,117
925,578,80,117
926,577,80,117
926,575,80,117
926,574,80,117
926,572,80,117
926,571,80,117
927,570,78,120
927,569,78,120
927,568,78,120
927,567,78,120
927,566,78,120
928,566,78,120
928,565,78,120
928,564,78,120
928,563,78,120
928,562,78,120
929,562,80,117
929,562,80,117
930,562,80,117
930,563,80,117
931,563,80,117
932,564,80,117
932,564,80,117
933,564,80,117
933,565,80,117
934,565,80,117
935,566,87,118
935,566,87,118
936,566,87,118
936,566,87,118
937,566,87,118
937,566,87,118
938,566,87,118
938,566,87,118
939,566,87,118
939,566,87,118
940,567,94,121
940,567,94,121
941,568,94,121
942,568,94,121
943,569,94,121
944,570,94,121
944,570,94,121
945,571,94,121
946,571,94,121
947,572,94,121
948,573,94,122
948,573,94,122
949,574,94,122
949,575,94,122
950,575,94,122
950,576,94,122
951,577,94,122
951,577,94,122
952,578,94,122
952,579,94,122
953,580,101,121
954,580,101,121
955,581,101,121
956,582,101,121
957,583,101,121
958,584,101,121
959,584,101,121
960,585,101,121
961,586,101,121
962,587,101,121
964,588,101,120
965,588,101,120
966,588,101,120
967,589,101,120
969,589,101,120
970,590,101,120
971,590,101,120
973,590,101,120
974,591,101,120
975,591,101,120
977,592,95,122
978,592,95,122
979,592,95,122
980,592,95,122
981,593,95,122
982,593,95,122
983,593,95,122
984,594,95,122
985,594,95,122
986,594,95,122
987,595,94,121
987,594,94,121
988,594,94,121
989,594,94,121
990,594,94,121
991,594,94,121
992,593,94,121
993,593,94,121
994,593,94,121
995,593,94,121
996,593,94,119
996,592,94,119
997,592,94,119
998,591,94,119
999,591,94,119
1000,590,94,119
1001,590,94,119
1002,589,94,119
1003,589,94,119
1004,588,94,119
1005,588,89,118
1005,586,89,118
1006,585,89,118
1007,583,89,118
1008,582,89,118
1009,581,89,118
1009,579,89,118
1010,578,89,118
1011,576,89,118
1012,575,89,118
1013,574,87,121
1013,573,87,121
1014,572,87,121
1014,571,87,121
1015,570,87,121
1015,570,87,121
1016,569,87,121
1016,568,87,121
1017,567,87,121
1017,566,87,121
1018,566,86,115
1018,565,86,115
1018,564,86,115
1019,563,86,115
1019,562,86,115
1020,561,86,115
1020,560,86,115
1020,559,86,115
1021,558,86,115
1021,557,86,115
1022,556,79,113
1022,554,79,113
1022,552,79,113
1022,550,79,113
1022,548,79,113
1023,546,79,113
1023,544,79,113
1023,542,79,113
1023,540,79,113
1023,538,79,113
1024,536,79,115
1023,534,79,115
1023,532,79,115
1023,531,79,115
1023,529,79,115
1023,528,79,115
1023,526,79,115
1023,524,79,115
1023,523,79,115
1023,521,79,115
1023,520,77,112
1015,538,77,112
1008,556,77,112
1000,574,77,112
993,593,77,112
985,611,77,112
978,629,77,112
970,648,77,112
963,666,77,112
955,684,77,112
948,703,83,131
947,704,83,131
947,706,83,131
946,707,83,131
946,709,83,131
946,711,83,131
945,712,83,131
945,714,83,131
944,715,83,131
944,717,83,131
944,719,85,132
943,720,85,132
943,721,85,132
943,722,85,132
943,724,85,132
943,725,85,132
942,726,85,132
942,728,85,132
942,729,85,132
942,730,85,132
942,732,89,136
941,733,89,136
941,735,89,136
941,736,89,136
941,738,89,136
941,739,89,136
940,741,89,136
940,742,89,136
940,744,89,136
940,745,89,136
940,747,87,133
939,748,87,133
939,749,87,133
939,750,87,133
939,752,87,133
939,753,87,133
938,754,87,133
938,756,87,133
938,757,87,133
938,758,87,133
938,760,89,137
938,761,89,137
938,762,89,137
938,763,89,137
938,765,89,137
938,766,89,137
938,767,89,137
938,769,89,137
938,770,89,137
938,771,89,137
938,773,87,135
937,773,87,135
937,774,87,135
937,775,87,135
937,775,87,135
937,776,87,135
937,777,87,135
937,777,87,135
937,778,87,135
937,779,87,135
937,780,88,141
936,781,88,141
936,782,88,141
936,783,88,141
936,784,88,141
936,785,88,141
935,786,88,141
935,787,88,141
935,788,88,141
935,789,88,141
935,790,85,139
934,790,85,139
933,790,85,139
933,790,85,139
932,791,85,139
932,791,85,139
931,791,85,139
930,792,85,139
930,792,85,139
929,792,85,139
929,793,89,137
928,793,89,137
928,793,89,137
927,794,89,137
927,794,89,137
927,795,89,137
926,795,89,137
926,795,89,137
925,796,89,137
925,796,89,137
925,797,93,137
924,797,93,137
924,797,93,137
924,797,93,137
924,797,93,137
924,797,93,137
924,797,93,137
924,797,93,137
924,797,93,137
924,797,93,137
924,797,94,139
924,796,94,139
924,796,94,139
924,795,94,139
924,795,94,139
924,795,94,139
924,794,94,139
924,794,94,139
924,793,94,139
924,793,94,139
925,793,88,136
924,791,88,136
924,790,88,136
923,789,88,136
923,788,88,136
922,787,88,136
922,785,88,136
921,784,88,136
921,783,88,136
920,782,88,136
920,781,93,138
920,779,93,138
920,777,93,138
921,776,93,138
921,774,93,138
922,773,93,138
922,771,93,138
922,769,93,138
923,768,93,138
923,766,93,138
924,765,87,135
923,762,87,135
923,760,87,135
922,758,87,135
922,755,87,135
922,753,87,135
921,751,87,135
921,748,87,135
920,746,87,135
920,744,87,135
920,742,83,138
920,742,83,138
920,742,83,138
920,742,83,138
920,742,83,138
