907,1022,74,57
908,1020,75,56
910,1018,76,57
913,1015,75,58
916,1014,73,59
919,1012,72,58
922,1010,71,59
926,1008,70,59
928,1006,71,59
931,1003,70,59
932,1002,70,58
936,1000,69,58
939,999,69,56
941,997,69,56
945,995,68,56
947,993,67,55
948,992,68,55
951,990,66,55
955,987,65,55
956,985,65,55
960,983,65,56
962,981,64,55
963,979,65,55
965,978,64,56
967,975,64,57
970,974,62,55
973,972,62,56
975,970,61,55
975,969,63,54
978,967,61,55
980,965,61,54
982,964,61,55
985,962,60,53
987,960,60,54
988,960,60,53
991,958,58,54
993,955,59,53
994,953,59,53
997,951,57,54
999,950,55,54
999,950,56,51
1001,947,56,52
1004,945,56,51
1006,944,55,51
1007,942,54,51
1009,940,54,52
1010,939,54,51
1012,937,53,52
1013,935,54,51
1015,935,52,49
1016,931,52,51
1018,931,52,51
1019,930,50,50
1020,928,51,49
1022,927,50,49
1023,924,50,49
1024,923,51,50
1024,921,51,50
1025,920,50,50
1027,918,48,51
1027,916,49,51
1029,915,47,51
1030,913,48,50
1031,911,48,51
1032,910,47,51
1032,910,48,51
1032,908,47,50
1034,905,46,51
1035,904,46,51
1036,903,44,50
1037,902,43,50
1038,900,43,49
1038,899,44,50
1038,898,44,49
1039,897,44,50
1040,895,43,49
1040,894,43,48
1040,893,42,48
1040,891,42,49
1042,889,40,48
1042,889,41,48
1042,886,40,48
1041,885,43,49
1041,884,42,49
1043,883,41,48
1043,881,41,47
1044,880,40,47
1045,879,39,46
1045,879,39,46
1046,878,39,46
1046,876,38,46
1046,875,38,46
1047,874,38,46
1046,872,38,47
1047,871,39,48
1046,870,39,47
1047,868,39,46
1046,867,40,46
1046,867,39,46
1046,865,39,46
1046,864,40,46
1047,864,39,46
1046,861,41,46
1048,861,38,46
1047,859,39,46
1047,858,40,47
1046,856,40,48
1048,855,39,48
1047,855,39,47
1048,854,39,47
1048,854,40,45
1049,853,38,45
1048,852,39,45
1048,850,39,45
1049,849,39,45
1048,849,39,45
1048,849,40,44
1048,846,40,44
1049,846,39,45
1049,846,39,45
1048,844,41,45
1048,843,41,46
1047,842,41,46
1047,841,41,46
1048,840,41,46
1049,840,41,46
1049,838,40,45
1050,837,40,45
1049,836,41,46
1049,835,42,45
1050,834,41,45
1050,834,40,45
1051,833,39,45
1050,832,40,44
1050,831,40,44
1051,830,40,45
1051,830,41,45
1051,828,41,44
1052,827,40,45
1051,826,40,45
1051,825,40,44
1051,823,40,45
1051,823,39,45
1052,823,39,44
1052,821,38,43
1052,821,39,44
1052,820,40,45
1052,819,40,44
1053,818,39,44
1053,817,39,43
1049,759,38,35
1050,743,36,38
1050,743,36,39
1050,744,36,39
1050,743,37,40
1050,744,37,40
1051,745,35,39
1051,745,35,39
1050,745,36,40
1050,746,36,39
1051,747,35,39
1052,748,35,39
1051,748,35,38
1052,747,34,38
1052,749,34,38
1051,749,36,39
1051,750,36,39
1050,750,37,40
1051,750,36,38
1051,751,36,38
1052,751,36,38
1052,752,36,39
1052,753,36,40
1052,752,36,40
1053,754,36,39
1053,754,36,39
1052,755,37,39
1053,755,37,39
1054,755,36,40
1054,755,36,41
1053,755,37,41
1054,755,37,40
1053,757,37,40
1054,757,36,40
1055,758,35,39
1054,759,36,39
1054,759,37,40
1054,760,37,40
1055,760,36,39
1055,760,38,40
1055,762,39,40
1055,761,38,40
1056,760,37,41
1054,762,38,41
1054,763,38,41
1053,762,40,42
1054,763,39,41
1054,763,39,40
1054,764,39,40
1055,764,38,39
1055,765,38,39
1056,765,38,38
1055,764,38,40
1055,763,38,40
1055,763,39,40
1056,763,38,39
1057,764,37,39
1057,763,38,39
1057,762,38,38
1056,760,39,40
1057,760,39,41
1056,759,39,41
1056,758,39,41
1056,758,39,42
1056,757,39,43
1056,756,39,43
1055,756,39,43
1056,755,40,43
1056,755,39,44
1056,756,39,43
1057,757,38,41
1057,754,38,42
1057,754,38,42
1058,753,37,43
1057,751,38,43
1057,752,37,42
1057,752,37,41
1057,751,37,43
1058,752,37,41
1057,751,38,40
1058,751,37,40
1058,751,37,40
1058,749,37,40
1057,749,37,40
1057,748,38,41
1057,747,38,40
1057,747,37,40
1058,746,37,41
1058,745,36,40
1058,746,36,40
1057,745,38,40
1057,744,38,41
1056,742,38,42
1058,741,37,41
1058,742,37,41
1057,741,37,41
1057,740,38,41
1057,740,37,42
1057,739,37,42
1058,738,37,42
1058,738,37,41
1058,737,37,43
1057,737,37,42
1056,737,38,43
1057,737,38,43
1057,735,38,42
1057,735,37,42
1058,735,37,41
1058,734,37,43
1057,734,38,43
1057,733,39,42
1058,734,37,41
1057,733,38,42
1056,731,39,42
1057,731,38,41
1057,731,39,40
1057,732,38,41
1057,731,38,40
1057,730,38,40
1058,729,37,40
1058,729,37,41
1058,728,37,40
1057,727,38,40
1057,728,38,41
1056,727,39,41
1058,727,37,40
1060,727,36,40
1059,728,36,40
1058,726,38,40
1058,725,37,41
1057,725,38,40
1057,725,38,41
1056,725,39,41
1057,725,39,41
1057,724,39,41
1057,723,39,42
1058,723,38,43
1058,724,37,41
1058,724,38,41
1058,723,39,42
1058,722,38,42
1059,722,37,42
1059,723,37,42
1058,722,38,42
1058,723,39,41
1059,723,37,42
1059,721,38,42
1060,722,37,41
1060,721,37,42
1060,721,38,41
1060,721,38,41
1060,720,38,42
1059,720,39,41
1060,720,38,41
1060,720,38,42
1060,720,38,41
1060,720,38,41
1062,720,37,41
1060,719,37,43
1060,717,38,44
1061,719,38,41
1061,719,38,41
1061,719,37,41
1062,718,36,41
1062,718,37,40
1062,717,37,40
1061,717,39,41
1062,717,39,41
1061,716,40,42
1062,715,39,43
1062,715,40,42
1061,714,40,42
1062,714,40,41
1062,715,39,42
1062,715,39,41
1062,714,38,40
1062,713,39,43
1062,714,39,41
1062,714,39,41
1062,714,40,42
1062,714,38,40
1062,714,39,42
1062,713,40,42
1062,713,40,42
1062,713,39,41
1063,713,39,41
1063,713,39,42
1063,713,39,41
1063,713,39,41
1062,713,40,41
1063,713,38,41
1062,713,39,42
1062,713,39,42
1062,713,39,42
1063,713,37,41
1063,713,38,41
1063,713,39,42
1063,714,38,42
1063,713,38,41
1063,712,39,42
1063,712,38,41
1062,713,38,42
1062,713,38,42
1062,713,39,42
1062,712,39,42
1062,712,39,42
1062,712,39,42
1062,712,39,42
1062,713,39,42
1063,713,39,42
1062,713,39,42
1063,714,38,42
1063,713,38,41
1062,713,38,41
1062,713,38,41
1062,714,38,41
1062,713,38,41
1062,714,38,41
1062,714,39,40
1062,713,39,41
1062,713,38,41
1062,713,38,41
1063,713,39,41
1063,714,39,41
1062,713,39,41
1062,713,38,41
1063,713,38,41
1062,713,38,42
1062,713,39,41
1062,713,39,42
1062,713,38,42
1062,713,39,41
1062,713,39,41
1063,714,39,40
1062,713,39,41
1063,714,38,41
1063,714,37,41
1063,714,38,41
1063,714,38,40
1062,713,38,41
1063,713,38,42
1062,712,38,42
1063,713,38,41
1063,713,39,42
1063,713,39,42
1062,713,40,41
1062,713,39,41
1062,713,40,43
1062,713,40,42
1062,713,40,42
1062,712,39,42
1063,713,38,42
1063,713,39,41
1063,713,39,42
1063,714,39,41
1063,713,38,41
1063,714,38,40
1064,713,38,42
1063,713,38,42
1063,713,39,41
1064,713,38,42
1063,713,38,41
1063,713,39,42
1063,712,39,42
1063,712,40,41
1064,712,39,42
1064,713,39,42
1064,712,39,41
1063,712,39,42
1062,713,39,42
1063,713,39,42
1063,713,39,41
1064,713,38,41
1064,713,38,42
1063,713,38,41
1064,713,38,41
1064,712,38,41
1063,712,38,42
1064,712,39,42
1063,712,39,42
1064,712,39,42
1063,713,39,42
1063,712,39,41
1063,713,39,41
1063,713,39,41
1062,713,40,41
1063,713,39,41
1064,712,39,41
1062,712,39,42
1062,713,40,42
1063,713,39,40
1063,713,39,41
1063,713,39,40
1063,713,39,41
1063,713,39,41
1063,712,38,42
1063,713,39,41
1064,712,38,42
1064,712,38,42
1063,713,38,42
1064,713,38,41
1063,712,38,42
1064,712,39,42
1063,712,39,42
1063,713,39,41
1064,713,39,42
1063,712,40,42
1063,711,40,42
1063,712,39,42
1063,713,39,42
1063,712,38,41
1063,712,39,41
1064,712,39,42
1064,713,39,41
1064,713,38,41
1064,712,39,41
1063,712,39,41
1063,712,39,42
1064,713,39,41
1064,713,39,41
1064,713,38,41
1064,713,38,41
1064,714,38,40
1064,714,38,40
1064,714,38,41
1064,713,38,41
1064,713,38,42
1063,713,39,42
1063,713,39,41
1064,713,39,42
1063,713,39,42
1063,712,39,41
1063,713,38,43
1063,712,39,42
1063,713,39,43
1063,713,38,41
1064,713,38,42
1064,712,38,41
1063,713,38,41
1064,713,38,41
1063,713,38,41
1064,713,38,41
1063,712,38,41
1063,713,38,42
1063,713,38,41
1063,713,39,41
1063,713,38,41
1063,713,39,41
1063,713,38,41
1064,713,38,41
1062,713,39,41
1063,713,40,43
1063,713,39,42
1063,713,38,42
1063,712,38,42
1062,713,39,42
1062,713,39,41
1062,713,40,42
1062,712,40,41
1062,713,40,42
1062,713,39,42
1063,713,39,42
1063,712,39,41
1063,713,39,42
1064,713,38,41
1063,713,38,41
1063,713,39,41
1063,712,39,42
1063,712,39,42
1063,713,38,41
1063,713,39,42
1063,713,38,41
1064,713,39,41
1063,713,38,41
1063,713,38,41
1063,713,39,42
1063,712,40,41
1063,713,40,42
1063,713,38,41
1063,713,39,41
1063,713,39,42
1063,712,39,42
1064,712,38,41
1064,713,39,42
1064,712,38,41
1064,713,38,42
1063,713,38,41
1064,712,38,41
1063,712,39,42
1063,713,39,42
1063,712,39,41
1063,713,39,42
1063,712,38,41
1064,713,39,41
1064,712,38,43
1064,712,38,42
1063,713,39,42
1063,713,39,42
1063,712,38,41
1062,713,37,42
1062,713,38,42
1062,713,38,42
1061,712,38,42
1062,713,38,42
1062,713,38,41
1062,713,38,41
1062,713,38,41
1062,713,38,42
1062,714,38,42
1062,713,39,41
1063,713,37,41
1063,713,38,42
1062,712,39,42
1062,712,40,42
1062,712,39,42
1062,712,40,42
1062,712,39,42
1062,713,39,41
1063,713,40,42
1062,713,39,41
1062,713,39,41
1060,713,38,41
1058,713,38,40
1053,714,39,40
1049,714,40,40
1044,714,39,40
1037,713,42,41
1035,713,41,42
1033,713,39,40
1030,713,38,40
1029,713,37,41
1028,713,38,41
1028,713,38,41
1028,712,38,41
1028,713,38,40
1029,713,38,40
1029,712,37,40
1028,712,38,41
1029,712,38,40
1028,713,37,40
1029,712,37,40
1029,713,37,41
1029,712,38,41
1029,713,38,41
1029,713,37,40
1029,712,38,40
1029,713,37,40
1029,713,37,40
1028,712,38,41
1029,712,37,41
1029,713,37,40
1029,712,37,41
1030,712,36,40
1029,712,36,40
1030,713,37,41
1030,714,36,40
1030,712,37,40
1029,713,37,41
1029,713,37,40
1030,713,37,40
1029,713,37,40
1030,713,37,41
1029,713,37,40
1029,713,37,41
1030,713,37,40
1029,713,38,41
1029,712,38,40
1030,713,37,40
1030,712,37,40
1029,713,38,40
1030,712,37,41
1030,713,37,40
1030,714,37,40
1030,713,37,40
1029,713,38,40
1030,713,37,41
1030,713,38,41
1029,712,38,41
1029,713,37,40
1029,713,38,41
1029,713,38,41
1029,712,38,41
1029,713,37,41
1030,712,37,41
1030,713,36,40
1029,713,37,41
1029,713,37,41
1029,713,38,41
1029,713,38,40
1029,713,37,41
1028,713,38,41
1028,713,38,40
1029,713,37,40
1029,714,37,41
1029,713,38,41
1029,714,37,40
1029,714,37,40
1029,713,37,40
1029,713,37,40
1028,713,37,41
1028,713,38,41
1028,713,37,41
1029,714,37,41
1028,713,37,40
1029,713,37,40
1029,713,37,41
1029,713,37,40
1028,713,38,40
1028,713,38,41
1028,712,39,41
1028,712,39,41
1028,713,39,41
1028,713,39,40
1029,713,39,41
1029,713,38,40
1029,713,38,40
1029,713,38,40
1029,713,38,41
1029,713,38,41
1029,713,38,41
1029,713,38,41
1029,713,38,41
1029,714,38,40
1029,713,38,41
1029,713,38,41
1029,714,39,41
1028,714,38,40
1028,713,38,40
1028,714,38,41
1030,714,37,40
1029,714,37,40
1029,713,37,40
1029,713,38,41
1029,713,38,40
1030,713,37,41
1029,713,38,41
1030,713,37,41
1029,713,39,41
1028,713,39,41
1029,712,39,41
1028,713,39,41
1029,713,38,41
1029,713,38,41
1029,712,38,41
1029,713,39,41
1029,712,38,41
1029,713,39,41
1029,712,39,41
1029,712,38,41
1029,713,38,41
1029,713,38,40
1029,713,37,40
1029,713,37,40
1029,713,38,41
1029,713,37,40
1028,713,38,41
1029,712,37,42
1028,713,39,41
1028,713,38,41
1028,713,38,41
1028,713,39,41
1027,713,39,41
1027,713,39,41
1028,713,39,41
1028,713,38,40
1028,713,38,41
1027,713,38,41
1027,713,39,41
1028,713,39,40
1028,713,38,41
1028,713,38,40
1027,713,38,41
1027,713,38,41
1027,713,39,40
1027,713,39,40
1027,713,38,41
1027,712,39,41
1027,713,39,40
1027,712,38,41
1026,713,39,41
1027,714,38,40
1027,714,38,40
1027,713,38,40
1027,713,38,40
1028,714,38,40
1027,714,38,40
1027,714,38,40
1027,713,38,41
1027,713,38,40
1027,713,38,40
1027,713,38,40
1028,713,38,41
1027,714,38,40
1027,714,38,40
1027,714,38,40
1026,713,38,41
1026,713,38,41
1027,712,38,41
1027,713,38,40
1026,713,38,40
1027,714,37,40
1027,713,37,41
1027,713,38,41
1026,713,38,41
1027,713,38,41
1027,713,38,40
1026,713,38,41
1027,713,38,41
1027,714,38,40
1027,713,37,40
1027,713,37,40
1027,713,38,41
1027,713,38,40
1027,712,38,41
1027,713,39,41
1026,713,40,40
1027,714,39,40
1027,713,40,40
1028,713,39,41
1027,714,39,40
1027,713,39,41
1027,713,39,40
1027,713,39,40
1027,713,39,41
1028,714,39,40
1028,712,38,41
1028,713,39,41
1028,713,38,41
1027,713,39,41
1027,713,39,41
1028,713,39,41
1028,713,39,41
1028,713,39,42
1028,713,39,42
1028,713,39,41
1028,712,39,42
1027,713,40,42
1027,713,40,41
1027,713,39,41
1028,713,39,41
1028,713,38,41
1028,712,38,41
1028,713,38,41
1029,712,37,41
1029,712,38,41
1028,713,39,41
1028,713,38,40
1028,713,38,40
1029,713,37,40
1029,713,38,41
1028,714,38,40
1028,713,38,40
1028,713,39,40
1029,712,38,41
1029,713,38,41
1029,713,38,41
1029,712,38,41
1029,713,37,41
1029,714,37,40
1030,713,37,41
1030,712,37,41
1029,713,38,41
1029,713,37,40
1029,713,37,40
1029,713,36,39
1030,713,37,39
1029,713,37,40
1028,713,38,40
1029,713,38,39
1029,713,37,40
1029,713,37,40
1028,713,38,40
1029,713,37,39
1029,712,37,41
1029,713,37,40
1029,712,37,40
1029,712,37,41
1029,712,37,40
1029,712,38,41
1027,711,38,41
1027,711,39,41
1027,711,40,42
1027,711,40,42
1027,711,40,41
1027,712,38,41
1027,711,38,40
1027,712,38,40
1027,712,37,40
1027,711,38,41
1026,711,38,41
1026,712,38,40
1027,712,39,41
1027,712,38,40
1027,711,37,41
1028,712,36,40
1028,712,36,41
1028,712,37,41
1027,712,37,41
1027,712,37,42
1027,713,37,40
1028,713,37,40
1028,713,36,41
1027,714,37,40
1026,714,38,41
1026,714,38,40
1025,714,38,40
1026,715,39,40
1026,714,37,41
1025,715,39,40
1024,715,39,41
1024,715,40,41
1024,716,39,40
1025,717,38,40
1025,716,38,40
1025,717,38,40
1025,717,38,40
1025,717,38,39
1025,717,38,40
1025,717,38,40
1025,718,38,39
1025,718,38,39
1025,719,38,39
1026,718,37,39
1025,718,38,40
1024,719,38,40
1024,718,39,40
1023,717,39,41
1023,717,40,41
1022,718,40,40
1023,718,39,41
1023,717,40,40
1023,718,40,41
1023,718,40,41
1023,717,40,40
1024,718,38,40
1024,719,39,40
1024,720,38,39
1025,720,37,38
1024,719,37,39
1025,720,37,38
1025,720,38,39
1023,719,38,39
1024,719,37,40
1024,720,37,40
1025,720,37,39
1024,719,38,39
1025,719,37,39
1024,718,37,39
1024,719,38,39
1025,719,36,40
1023,719,38,39
1022,719,38,39
1023,719,38,38
1022,720,38,39
1022,719,38,39
1022,719,39,40
1022,720,38,39
1022,719,38,39
1022,720,37,38
1023,720,37,37
1022,720,37,37
1022,719,38,38
1022,719,38,39
1021,719,39,39
1021,719,38,39
1022,720,38,38
1022,720,38,38
1022,719,38,38
1021,719,38,38
1021,718,38,40
1021,719,38,39
1022,718,38,38
1021,718,38,38
1022,718,37,38
1022,718,37,37
1022,717,37,38
1022,718,37,38
1021,716,38,38
1021,715,38,39
1022,716,37,38
1021,716,37,38
1021,716,38,38
1021,714,38,38
1022,714,37,38
1022,714,37,39
1021,712,37,38
1022,712,37,39
1022,712,37,38
1021,712,37,38
1022,712,36,37
1037,672,40,43
1036,670,41,44
1036,670,42,44
1036,671,42,43
1036,671,42,42
1036,670,42,41
1036,670,41,41
1037,667,40,42
1037,666,39,42
1037,666,39,42
1037,665,40,43
1036,664,40,42
1036,665,41,42
1037,665,40,40
1038,664,39,40
1036,663,40,41
1036,661,41,42
1036,660,40,42
1036,660,41,42
1037,659,40,42
1037,659,39,42
1038,657,39,44
1038,655,39,46
1037,651,40,49
1035,653,42,47
1035,654,41,44
1036,654,40,44
1036,654,41,44
1035,653,41,46
1035,652,40,44
1035,654,40,44
1035,652,41,43
1036,652,40,41
1037,653,39,41
1037,652,39,41
1037,648,39,42
1038,648,38,42
1038,648,38,42
1037,646,39,43
1037,646,39,42
1037,646,40,42
1037,646,40,40
1037,645,40,42
1037,644,40,42
1037,642,39,43
1037,641,39,43
1037,641,38,43
1036,641,40,44
1036,640,40,43
1036,639,39,44
1036,639,40,42
1036,639,39,42
1037,638,39,43
1036,638,40,43
1036,636,39,44
1036,636,40,44
1036,635,40,43
1036,635,41,43
1037,634,39,43
1037,634,39,42
1037,633,39,42
1036,632,39,43
1036,631,40,42
1035,631,40,43
1036,629,40,42
1037,630,39,41
1037,628,39,42
1037,628,39,43
1037,627,40,43
1037,628,40,41
1038,627,38,42
1037,626,39,43
1037,625,39,43
1038,624,39,44
1038,624,40,44
1038,622,39,44
1037,622,39,43
1038,622,39,43
1038,623,40,41
1037,622,39,41
1037,622,39,40
1037,620,40,41
1038,620,39,41
1038,618,39,42
1038,617,38,43
1038,617,39,43
1038,614,39,44
1037,614,40,45
1038,614,39,44
1038,614,39,43
1038,613,39,43
1038,612,39,43
1038,613,39,43
1038,612,40,43
1038,611,40,43
1039,610,40,43
1038,610,40,43
1038,610,39,42
1039,611,40,41
1038,608,40,41
1038,608,40,43
1039,606,40,43
1038,606,41,43
1037,604,45,42
1039,604,41,44
1038,603,40,43
1039,603,40,43
1039,602,40,41
1039,601,40,42
1038,600,40,42
1039,600,39,42
1039,599,40,43
1040,598,40,42
1040,597,39,43
1039,597,40,43
1039,597,40,42
1039,596,40,41
1040,595,40,42
1039,594,40,42
1039,593,40,43
1039,592,40,44
1039,592,40,43
1040,591,41,44
1040,591,40,44
1040,591,40,43
1040,591,40,41
1041,590,40,42
1040,588,40,42
1041,589,40,41
1041,587,39,42
1041,587,40,43
1041,586,39,41
1041,585,39,42
1041,586,38,41
1042,585,39,41
1041,586,40,41
1041,584,39,39
1041,583,40,40
1041,582,39,41
1041,582,39,41
1041,581,39,42
1041,580,39,42
1042,581,39,41
1042,580,39,40
1042,581,39,40
1041,580,40,39
1041,579,39,39
1041,577,39,39
1041,576,40,41
1041,575,39,41
1041,574,39,41
1042,575,39,40
1042,576,38,39
1042,574,38,39
1042,574,38,39
1042,574,39,39
1041,572,39,40
1041,571,39,41
1042,570,38,40
1041,569,40,41
1041,569,40,40
1041,570,39,39
1041,567,39,40
1042,568,39,40
1041,566,39,40
1041,565,40,42
1041,564,40,42
1041,564,39,42
1042,563,39,41
1041,563,40,40
1042,562,39,40
1042,561,39,39
1042,561,39,38
1042,560,38,39
1042,558,38,39
1042,557,39,40
1043,558,38,40
1042,558,39,38
1042,556,39,38
1042,555,38,38
1042,553,39,39
1042,553,38,39
1043,552,38,39
1042,551,39,39
1042,550,39,39
1042,550,38,39
1042,549,39,39
1042,548,39,39
1042,549,39,38
1042,547,39,38
1042,546,39,40
1042,546,38,38
1043,545,38,38
1043,545,37,37
1043,546,38,37
1044,545,38,37
1044,543,38,38
1043,543,39,39
1044,540,38,40
1044,540,38,39
1044,539,38,39
1044,539,38,38
1044,538,37,38
1044,538,37,38
1045,538,36,37
1045,535,37,38
1045,536,37,38
1045,535,37,38
1045,535,37,38
1045,533,38,37
1045,533,37,37
1045,532,37,37
1045,531,37,37
1046,531,37,37
1046,529,36,37
1045,528,37,38
1044,527,37,38
1045,526,37,38
1046,528,37,37
1046,526,36,37
1045,527,37,38
1046,525,36,38
1046,524,37,37
1046,523,36,38
1046,521,36,37
1046,523,36,37
1046,522,36,36
1046,521,37,38
1046,519,36,38
1046,518,37,38
1046,517,36,39
1046,516,36,39
1046,515,37,39
1046,516,37,37
1046,515,37,37
1047,515,37,37
1046,514,37,37
1047,512,37,37
1047,512,36,37
1047,510,36,38
1046,510,36,38
1047,510,37,36
1047,509,36,37
1047,509,37,36
1048,508,36,35
1048,506,36,38
1048,505,36,37
1048,504,36,37
1048,504,36,37
1048,503,36,38
1047,502,36,37
1048,501,36,38
1049,498,35,39
1048,497,35,39
1048,496,36,39
1048,497,37,38
1048,496,36,37
1048,496,36,36
1049,496,35,35
1049,495,35,37
1048,493,35,37
1048,494,35,36
1048,493,36,36
1048,492,35,36
1048,491,35,36
1048,491,35,36
1048,489,35,38
1048,489,35,39
1048,487,36,39
1049,487,35,36
1048,486,35,35
1049,486,34,34
1049,485,34,34
1050,484,33,35
1049,483,34,35
1049,482,34,35
1050,480,35,36
1049,480,35,35
1049,479,35,36
1049,480,35,36
1048,479,36,36
1049,476,36,37
1046,474,40,40
1043,470,49,43
1045,469,49,46
985,435,36,47
983,440,37,46
983,444,39,45
983,447,38,47
983,451,39,45
983,454,39,46
984,456,38,47
984,461,39,48
983,464,39,48
984,467,39,48
983,471,40,49
984,474,39,49
984,478,39,48
984,481,38,49
984,486,39,49
984,489,39,50
983,492,40,50
983,497,41,49
984,500,40,50
984,504,41,50
984,508,41,51
983,512,41,50
984,516,40,51
986,520,40,51
984,524,41,51
984,529,41,51
984,532,42,53
983,536,43,54
984,540,43,53
983,544,44,53
984,547,43,55
983,552,45,56
985,557,42,54
985,561,42,55
985,566,43,54
985,570,43,56
985,575,43,55
986,578,42,58
985,584,43,57
986,589,44,56
985,593,44,57
985,597,45,57
986,602,43,57
985,607,44,58
986,612,43,59
987,617,43,57
987,623,44,58
987,628,44,58
987,633,43,59
987,639,44,58
987,643,45,60
987,649,45,60
987,654,46,61
988,659,45,61
988,665,45,62
988,672,45,62
988,677,45,61
989,683,45,63
988,688,46,63
988,694,46,62
987,700,47,63
989,706,45,66
988,713,46,65
989,720,45,63
990,726,45,64
990,733,45,64
991,738,43,63
990,744,45,64
989,750,46,66
989,757,47,66
989,762,47,68
988,770,49,67
990,778,46,65
991,784,46,67
990,791,47,66
992,797,46,68
990,805,48,67
992,811,47,68
992,819,46,68
992,826,48,69
991,833,49,70
992,841,48,70
992,847,48,70
991,855,49,72
992,862,49,72
992,869,49,74
993,876,50,74
993,885,49,75
993,893,50,74
993,900,51,75
993,907,51,76
993,916,51,77
994,924,51,76
993,932,50,77
995,941,50,76
994,949,52,77
995,957,51,76
994,966,53,78
995,974,51,80
995,983,51,82
996,992,51,81
995,1001,53,76
996,1010,52,68
995,1018,54,59
995,1028,56,49
995,1037,55,41
996,1046,53,33
995,1054,55,25
1000,1060,46,19
1004,1069,40,10
1013,1050,34,27
998,1024,71,52
981,966,138,111
1068,872,72,71
1081,874,48,60
1080,876,48,58
1079,875,49,58
1081,875,47,57
1079,874,50,56
1080,874,48,58
1079,873,48,58
1079,873,47,57
1079,873,47,58
1080,872,47,58
1078,871,48,59
1079,871,46,58
1077,871,47,57
1078,871,46,58
1077,869,47,58
1076,869,49,57
1078,869,46,57
1076,868,47,57
1076,868,50,58
1076,867,48,58
1076,866,48,58
1076,867,48,57
1075,867,46,57
1076,865,46,57
1074,865,47,56
1075,865,46,57
1073,864,48,56
1074,864,46,55
1073,862,47,57
1074,862,45,57
1073,861,46,57
1075,861,44,56
1074,859,45,57
1073,859,47,58
1072,859,47,57
1072,859,46,57
1071,857,46,57
1073,857,45,56
1071,857,46,56
1070,857,46,56
1071,856,44,56
1071,855,46,56
1070,855,45,56
1070,855,46,56
1070,854,47,56
1070,854,45,57
1070,854,46,55
1069,852,46,55
1068,853,47,56
1066,852,48,57
1068,852,46,55
1067,852,48,55
1068,852,45,54
1066,850,46,54
1066,851,46,53
1065,850,47,54
1065,850,46,54
1065,849,45,55
1064,849,46,54
1065,848,45,54
1063,848,46,54
1063,849,47,54
1065,847,44,55
1064,847,44,54
1065,847,42,54
1064,846,43,55
1063,846,42,54
1063,845,42,53
1063,845,41,53
1064,844,41,54
1062,844,42,53
1062,842,42,54
1062,842,42,54
1060,841,43,55
1060,842,43,55
1058,842,45,54
1059,842,45,54
1058,842,44,54
1057,842,45,54
1057,842,43,54
1057,841,43,56
1056,841,44,54
1055,840,45,53
1054,841,45,53
1054,840,45,52
1054,840,44,53
1054,840,44,53
1053,839,44,53
1053,839,43,54
1052,839,44,53
1054,839,43,52
1053,838,43,53
1051,839,44,51
1052,838,44,52
1052,838,43,52
1051,837,44,53
1052,837,42,52
1051,837,43,52
1049,837,44,52
1048,836,44,53
1049,837,43,52
1048,837,43,51
1047,836,44,52
1047,836,44,52
1047,836,43,52
1047,836,42,52
1046,835,43,52
1047,835,42,52
1047,835,41,53
1046,835,42,52
1046,835,42,52
1044,834,43,52
1045,833,41,51
1045,834,42,50
1045,833,42,50
1044,834,41,50
1043,832,41,51
1043,833,42,51
1042,832,42,51
1041,831,42,51
1041,832,42,51
1040,832,42,52
1040,832,43,53
1039,830,43,53
1040,833,42,51
1039,832,43,52
1040,832,41,52
1040,831,41,52
1040,831,40,52
1040,831,40,51
1039,832,40,50
1039,831,40,51
1038,831,42,52
1037,832,41,50
1037,831,40,51
1037,831,41,49
1036,830,41,50
1037,830,40,50
1035,829,41,50
1034,828,41,52
1035,827,40,53
1034,830,41,51
1035,830,40,50
1035,832,38,48
1035,831,39,48
1035,831,38,47
1035,831,38,47
1034,831,38,49
1032,829,39,52
1032,828,40,51
1032,827,40,52
1031,827,40,52
1032,827,39,52
1031,826,40,51
1031,826,39,51
1030,825,41,51
1029,826,42,50
1029,827,41,49
1030,827,40,49
1030,826,39,48
1029,826,40,49
1029,826,40,48
1029,825,40,48
1028,825,41,49
1029,826,40,47
1028,826,42,47
1028,824,42,47
1027,824,42,47
1027,825,44,48
1027,824,44,48
1027,823,41,48
1027,825,41,47
1026,822,40,50
1027,823,40,49
1028,824,38,49
1027,824,38,50
1028,824,37,50
1026,823,38,47
1026,823,37,46
1026,823,38,46
1027,824,38,43
1025,822,39,45
1026,824,38,44
1026,822,38,46
1025,823,39,44
1026,823,38,44
1024,821,40,47
1023,821,41,45
1024,822,39,46
1023,821,40,45
1023,820,40,47
1023,819,41,48
1024,819,39,48
1022,819,42,47
1023,820,41,47
1022,820,43,47
1023,819,41,46
1023,819,39,47
1023,819,39,47
1022,819,41,47
1023,818,38,48
1023,818,39,48
1022,818,39,48
1022,818,40,47
1022,817,38,48
1022,817,36,47
1022,817,36,47
1021,818,36,46
1022,818,36,46
1022,818,36,46
1021,818,37,45
1021,818,37,46
1021,817,37,46
1021,819,37,45
1021,818,38,45
1021,818,38,46
1021,817,37,46
1022,817,36,46
1022,818,36,46
1021,816,37,46
1022,816,35,46
1021,818,36,43
1021,816,36,44
1021,816,35,44
1021,817,35,44
1020,815,36,44
1020,817,36,44
1020,816,36,45
1021,816,35,43
1020,816,35,42
1019,816,36,42
1019,815,36,43
1019,816,36,43
1018,815,37,45
1019,815,37,44
1017,815,39,45
1018,814,38,44
1017,815,39,42
1017,814,39,41
1016,814,39,42
1016,814,39,41
1016,814,38,42
1016,813,38,42
1016,814,39,42
1015,813,38,42
1015,813,38,42
1015,813,39,41
1015,814,39,40
1014,813,39,41
1014,814,40,41
1015,812,38,43
1015,812,38,41
1016,815,38,38
1015,818,38,37
1014,822,40,34
1013,824,39,32
1014,827,39,33
1014,830,39,30
1014,834,38,27
1015,834,36,27
1014,837,36,25
1014,835,36,30
1011,839,40,28
1001,832,61,44
979,804,85,62
1011,721,137,52
1009,722,132,53
998,723,136,53
986,725,138,54
983,725,134,53
960,728,147,53
945,729,149,55
945,730,154,55
933,732,153,54
923,734,155,53
923,735,149,50
895,742,161,52
888,743,158,50
882,742,165,52
866,746,168,56
864,747,164,54
907,748,112,48
916,749,98,40
916,752,89,36
904,754,93,39
891,758,96,37
879,757,96,40
876,760,95,39
867,764,92,37
863,766,90,38
855,767,90,37
848,769,87,37
836,774,90,38
820,819,90,43
825,821,94,41
840,824,88,42
849,823,87,45
860,828,87,43
872,830,85,43
881,829,94,47
888,827,108,51
884,830,123,51
881,821,124,62
916,834,102,54
935,845,94,45
946,847,91,47
958,850,92,44
967,851,93,46
976,853,92,45
991,856,90,44
1003,859,90,45
1011,861,90,44
1024,864,97,45
1032,866,97,46
1044,869,93,44
1058,871,89,44
1069,873,91,44
1081,875,93,45
1092,877,95,45
1108,880,95,46
1114,881,92,45
1127,884,90,45
1140,886,91,44
1151,889,93,45
1163,891,96,46
1172,894,94,46
1183,895,92,46
1195,898,93,46
1208,899,93,46
1219,901,93,46
1231,905,97,45
1243,907,97,46
1254,909,93,46
1267,911,94,46
1279,913,95,47
1293,917,96,46
1304,919,95,46
1316,921,98,47
1327,922,95,48
1340,927,95,47
1354,927,96,47
1365,932,98,47
1380,934,99,47
1393,936,97,48
1402,937,97,48
1418,940,96,48
1430,943,99,47
1443,946,98,48
1457,949,96,48
1470,952,99,49
1482,953,95,50
1494,957,96,49
1507,960,97,50
1519,962,102,51
1533,965,102,50
1549,968,99,50
1559,969,98,52
1572,972,100,51
1587,975,99,51
1601,978,99,53
1616,981,99,52
1629,983,102,53
1640,986,99,53
1654,989,99,53
1667,992,99,55
1682,995,101,54
1697,998,101,55
1711,1001,103,55
1721,1003,101,55
1737,1006,100,57
1750,1008,102,57
1767,1012,102,57
1782,1016,103,58
1795,1019,106,57
1804,1019,107,58
1821,1021,97,57
1834,1025,84,53
1850,1028,68,51
1865,1031,53,48
1881,1034,37,45
1886,1034,33,40
1892,1038,27,41
1890,1042,29,37
1890,1045,29,34
1883,1038,36,41
1882,1037,37,42
1879,1019,40,58
1871,988,48,90
1858,955,61,124
1838,935,81,144
1780,909,139,121
1692,1004,155,59
1701,1001,158,62
1720,1012,116,54
1698,1011,60,53
1703,1018,50,48
1696,1016,58,52
1700,1020,56,49
1705,1024,52,48
1703,1023,54,50
1704,1025,57,50
1706,1028,56,48
1708,1030,58,47
1710,1032,58,45
1711,1035,57,43
1700,1030,88,49
1745,1039,126,40
1747,1042,114,37
1745,1042,116,36
1805,1037,65,42
1818,1017,72,30
1816,1050,60,29
1816,1047,56,32
1815,1038,59,40
1808,1051,67,28
1804,1014,85,44
1803,1015,93,46
1795,999,107,70
1791,1026,114,53
1800,1027,107,50
1794,1009,115,66
1748,983,163,96
1768,997,151,82
1778,989,141,90
1662,896,182,121
1692,775,168,105
1670,725,207,98
1686,705,194,125
1691,682,216,143
1645,650,260,163
1426,584,362,147
1394,577,453,255
1405,554,455,198
1422,566,452,236
1416,547,472,224
1407,541,443,225
1412,564,437,231
1403,519,465,237
1402,531,472,276
1365,542,478,246
1418,529,478,282
1400,551,501,252
1392,557,445,222
1419,561,441,203
1424,574,458,224
1414,567,486,228
1420,558,477,215
1421,562,454,216
1434,575,423,203
1423,570,428,211
1437,575,429,233
1423,548,428,198
1437,581,414,179
1434,591,389,157
1422,620,320,151
1474,660,321,226
1439,572,401,166
1435,592,368,151
1450,618,293,131
1435,656,261,145
1439,660,203,125
1430,647,173,71
1436,652,101,49
1436,658,75,42
1439,660,72,41
1435,660,78,43
1436,661,78,43
1441,664,72,41
1444,668,71,38
1444,665,71,41
1454,670,63,39
1452,673,64,37
1453,673,63,37
1455,670,63,42
1454,671,65,42
1451,673,69,42
1455,674,68,41
1451,677,71,39
1456,675,66,42
1450,676,75,43
1456,679,67,43
1454,683,73,38
1456,681,67,42
1458,681,68,43
1455,684,72,42
1453,685,74,42
1455,687,74,41
1457,688,72,42
1461,689,69,42
1469,692,62,41
1464,692,66,42
1464,695,69,40
1469,693,64,43
1465,695,69,42
1471,698,64,41
1468,700,67,40
1467,702,68,39
1466,702,70,41
1468,702,70,41
1471,702,69,43
1472,707,68,40
1474,707,67,41
1475,707,68,43
1474,708,68,42
1474,709,68,42
1476,710,68,43
1478,714,66,41
1477,714,68,43
1479,715,68,43
1478,718,69,41
1479,718,69,42
1476,722,72,40
1476,724,72,40
1476,724,74,40
1476,724,74,42
1474,724,77,43
1478,725,74,43
1483,728,70,42
1487,728,69,43
1488,730,68,44
1489,733,69,41
1490,734,67,42
1488,735,69,43
1489,736,71,43
1489,736,76,44
1489,739,73,43
1487,738,74,46
1491,740,71,45
1490,741,72,46
1491,743,73,45
1492,747,71,42
1488,747,77,44
1492,748,73,45
1495,751,70,42
1491,752,76,42
1490,752,78,44
1495,752,73,45
1502,755,68,45
1501,758,71,43
1503,759,69,42
1501,761,72,41
1494,764,78,41
1499,764,74,43
1500,764,75,44
1501,767,76,43
1504,767,70,44
1501,768,75,45
1500,766,79,47
1508,770,69,45
1505,773,73,45
1500,773,80,46
1505,772,75,47
1510,776,72,46
1507,776,75,47
1509,778,74,47
1501,780,83,47
1512,780,71,48
1505,785,80,44
1508,783,77,47
1512,788,77,45
1504,790,84,44
1514,787,74,48
1512,789,79,49
1514,792,75,47
1508,795,82,46
1516,794,75,49
1522,800,69,45
1526,797,66,48
1520,802,75,46
1523,802,71,46
1522,806,74,44
1529,806,66,47
1520,809,78,46
1525,812,74,44
1525,811,73,47
1525,811,76,47
1523,817,78,43
1525,819,76,43
1529,817,74,47
1527,819,76,46
1525,822,80,46
1527,824,78,46
1523,821,84,50
1530,826,77,49
1527,828,81,47
1537,826,71,51
1533,831,77,48
1534,833,75,47
1535,833,75,49
1535,838,76,45
1531,838,82,47
1533,838,81,49
1544,841,69,46
1535,841,78,49
1545,843,70,49
1542,849,76,45
1546,850,73,45
1537,849,81,48
1546,851,72,48
1545,851,75,51
1540,854,81,50
1540,859,82,47
1538,858,85,48
1553,857,70,52
1544,866,83,45
1545,870,82,43
1541,869,84,46
1541,872,84,43
1541,870,85,46
1542,875,86,45
1544,872,84,51
1547,877,83,46
1545,879,85,46
1541,883,91,44
1546,885,85,43
1546,884,86,46
1543,886,92,48
1552,880,83,55
1547,891,90,46
1556,893,82,45
1556,897,83,43
1557,897,82,45
1556,900,84,45
1556,903,85,43
1555,902,87,46
1561,902,82,49
1558,910,87,41
1557,906,88,47
1560,909,86,46
1561,914,86,44
1566,916,80,42
1564,916,84,46
1562,921,88,43
1562,918,88,47
1560,924,92,45
1569,923,83,46
1575,929,79,43
1575,931,79,42
1573,934,83,41
1568,930,87,48
1566,931,91,48
1571,933,86,48
1569,935,91,48
1572,939,88,47
1570,938,91,49
1572,945,91,44
1575,945,88,46
1576,947,89,49
1573,949,94,47
1580,947,86,51
1579,954,90,47
1581,956,87,45
1582,958,87,47
1583,959,87,47
1584,965,87,44
1582,966,89,45
1578,967,95,46
1582,969,91,47
1581,969,94,48
1585,961,91,57
1586,972,92,51
1588,973,91,51
1586,975,94,51
1589,972,92,55
1590,980,93,52
1589,976,95,56
1592,984,92,53
1587,986,98,51
1592,983,94,56
1597,994,92,50
1596,991,93,53
1596,993,94,55
1592,993,99,60
1590,999,103,57
1586,998,108,60
1582,997,114,66
1577,996,121,73
1575,998,123,75
1576,996,124,79
1582,998,118,78
1593,1003,107,74
1598,1010,105,66
1608,1020,95,58
1600,1024,103,55
1603,1023,103,56
1605,1027,103,52
1606,1032,102,47
1609,1029,100,50
1610,1030,100,49
1612,1029,98,50
1612,1028,98,51
1609,1033,100,46
1609,1034,101,45
1613,1033,97,46
1619,1035,107,44
1617,1033,105,46
1620,1036,110,43
1622,1038,113,41
1619,1041,97,38
1614,1045,117,34
1604,1040,142,39
1607,1030,145,49
1630,1037,169,42
1633,1032,168,47
1597,974,137,79
1634,974,137,99
1643,975,158,103
1625,973,169,103
1646,960,195,115
1607,944,244,135
1669,898,250,176
1672,900,245,175
1673,908,244,169
1670,912,246,164
1674,920,242,158
1695,919,224,160
1714,922,203,154
1721,919,198,157
1718,938,200,138
1697,922,222,157
1698,926,221,152
1707,927,212,147
1712,942,207,134
1727,939,192,140
1670,913,242,165
1590,865,309,214
1580,779,318,300
1571,757,348,322
1444,653,475,426
1389,486,527,556
1264,615,655,464
1268,345,651,629
1174,195,745,864
510,434,1238,645
1119,424,800,655
1152,241,767,838
546,167,1295,912
897,45,1022,1034
281,46,1638,1033
79,0,1840,1056
43,0,1876,1064
59,0,1852,1076
88,0,1831,1067
40,0,1879,1075
25,0,1885,1073
22,0,1893,1075
42,0,1877,1077
33,0,1863,1067
30,0,1877,1080
17,0,1902,1080
24,0,1878,1080
20,0,1887,1079
18,0,1884,1079
16,0,1884,1080
18,0,1874,1080
20,0,1872,1080
34,0,1851,1079
31,0,1858,1080
30,0,1862,1080
28,0,1869,1080
28,0,1878,1080
22,0,1892,1077
24,0,1886,1080
24,0,1890,1080
20,0,1899,1080
25,0,1875,1080
24,0,1876,1075
17,0,1887,1075
14,0,1884,1079
7,0,1857,1072
93,5,1826,1074
90,0,1829,1065
14,0,1905,1070
34,0,1885,1070
188,0,1731,1078
19,0,1897,1070
22,0,1897,1061
9,0,1897,1080
25,0,1894,1080
6,0,1904,1078
14,0,1900,1080
25,0,1894,1079
10,0,1890,1076
61,0,1858,1062
35,0,1884,1074
8,0,1887,1073
111,0,1808,1062
106,0,1813,1051
146,0,1773,1071
8,0,1911,1059
67,0,1852,1071
181,0,1738,1080
17,0,1895,1072
67,0,1852,1064
122,0,1797,1066
83,0,1836,1057
6,0,1913,1065
39,0,1880,1063
138,3,1781,1076
60,0,1859,1074
72,0,1847,1071
867,3,1052,1064
819,14,1100,1065
825,0,1094,1075
64,0,1797,1080
0,0,1867,1072
29,0,1890,1080
72,0,1847,1072
89,3,1830,1076
21,0,1898,1075
151,0,1768,1079
9,0,1910,1066
33,0,1886,1061
153,0,1766,1072
22,0,1897,1061
652,0,1267,1054
2,0,1853,1080
12,0,1907,1066
129,0,1790,1080
12,0,1892,1070
43,0,1876,1065
138,0,1781,1075
0,0,1900,1063
20,0,1899,1080
103,0,1816,1068
825,0,1094,1056
186,44,1733,1035
13,0,1896,1080
103,0,1816,1075
91,0,1828,1073
152,0,1767,1070
95,0,1824,1061
821,15,1098,1036
221,0,1698,1080
66,0,1853,1057
219,0,1700,1060
187,0,1732,1065
29,0,1879,1077
678,0,1241,1053
70,0,1815,1080
139,0,1780,1078
87,0,1832,1061
60,0,1859,1059
97,0,1822,1060
166,0,1753,1054
26,0,1893,1070
19,0,1900,1073
55,0,1864,1064
583,0,1336,1053
88,0,1768,1080
463,0,1456,1055
342,0,1577,1061
152,0,1767,1066
10,0,1909,1062
40,0,1879,1074
25,0,1894,1064
44,0,1875,1077
31,0,1888,1066
54,0,1865,1074
46,0,1873,1061
109,0,1810,1065
21,0,1898,1060
16,0,1903,1079
21,0,1890,1075
34,0,1885,1067
38,0,1881,1077
31,0,1888,1067
20,0,1899,1080
12,0,1901,1080
18,0,1901,1075
25,0,1894,1075
2,0,1914,1080
9,0,1910,1080
17,0,1902,1080
16,0,1892,1080
22,0,1897,1080
26,0,1880,1080
35,0,1884,1067
26,0,1893,1080
15,0,1904,1080
19,0,1895,1078
24,0,1895,1073
2,0,1917,1074
15,0,1904,1078
16,0,1903,1080
17,0,1902,1080
21,0,1898,1080
27,0,1892,1080
0,0,1920,1080
20,0,1899,1080
27,0,1892,1080
6,0,1913,1079
17,0,1902,1080
21,0,1898,1079
24,0,1895,1080
2,0,1917,1078
36,0,1883,1068
36,0,1883,1068
34,0,1885,1075
27,0,1891,1069
23,0,1896,1068
31,0,1888,1066
34,0,1885,1080
25,0,1886,1080
40,0,1879,1080
23,0,1889,1072
14,0,1902,1071
30,0,1888,1070
21,0,1898,1063
27,0,1892,1076
11,0,1897,1080
23,0,1896,1072
13,0,1906,1075
25,0,1894,1080
14,0,1897,1078
31,0,1888,1077
8,0,1877,1077
17,0,1902,1075
33,0,1865,1080
3,0,1916,1080
25,0,1893,1080
29,0,1874,1080
25,0,1894,1080
11,0,1900,1080
19,0,1896,1080
25,0,1894,1080
6,0,1894,1080
1,0,1911,1080
8,0,1899,1080
19,0,1874,1080
10,0,1892,1078
10,0,1887,1080
11,0,1882,1080
13,0,1878,1080
9,0,1882,1077
15,0,1887,1072
16,0,1868,1077
20,0,1862,1072
24,0,1859,1080
23,0,1883,1079
25,0,1894,1078
5,0,1911,1078
12,0,1907,1076
9,0,1910,1076
8,0,1911,1077
7,0,1912,1080
7,0,1912,1080
0,0,1920,1080
0,0,1915,1080
0,0,1918,1080
0,0,1910,1073
1,0,1918,1061
15,0,1904,1077
20,0,1899,1073
39,0,1880,1073
5,0,1914,1073
18,0,1901,1074
36,0,1883,1071
9,0,1907,1079
19,0,1900,1075
26,0,1874,1075
33,0,1884,1068
23,0,1896,1080
23,0,1885,1077
28,0,1891,1071
0,0,1920,1066
16,0,1903,1058
5,0,1914,1076
12,0,1907,1072
27,0,1892,1070
6,0,1909,1075
16,0,1903,1066
9,0,1910,1080
13,0,1905,1078
1,0,1918,1067
5,0,1914,1065
0,0,1920,1065
13,0,1906,1063
22,0,1897,1078
26,0,1893,1075
0,0,1920,1079
0,0,1920,1076
0,0,1920,1071
0,0,1920,1068
0,0,1920,1071
7,0,1912,1072
0,0,1902,1070
0,0,1920,1068
0,0,1920,1068
7,0,1912,1065
0,0,1806,1057
36,0,1803,1038
109,0,1520,1080
0,0,1641,1080
47,25,986,1054
0,0,749,360
85,168,702,533
38,533,691,537
42,588,589,477
401,663,274,279
515,765,154,176
517,789,121,161
520,798,82,157
514,805,76,160
515,809,64,158
511,822,66,155
513,822,64,157
511,832,63,158
508,835,67,165
507,840,67,167
506,844,67,169
501,852,71,193
503,856,70,188
501,860,70,202
499,867,72,189
501,870,70,185
499,877,71,183
498,880,73,186
496,888,74,187
495,892,74,183
494,898,74,179
493,903,72,174
494,909,72,165
491,916,74,160
492,925,72,152
489,930,75,146
492,938,70,137
490,944,71,131
493,951,67,125
490,957,72,119
490,964,69,114
490,971,70,107
488,976,73,102
489,983,70,94
489,991,67,86
488,998,72,78
487,1005,68,71
486,1012,71,65
487,1018,70,60
488,1024,68,54
487,1031,66,47
488,1039,65,39
486,1046,66,33
484,1053,68,26
486,1057,66,22
486,1064,65,15
489,1036,29,42
446,1031,78,47
401,1003,122,76
400,983,144,96
561,940,78,108
567,949,63,62
577,955,45,51
579,959,40,50
577,962,41,48
577,967,41,49
575,972,42,44
577,973,39,47
577,975,39,51
575,981,40,48
575,984,40,47
574,988,40,43
571,990,42,47
572,992,41,49
571,997,41,49
571,998,41,54
570,1003,41,59
571,1004,40,56
566,1009,45,54
569,1010,41,52
565,1015,44,62
567,1018,43,59
565,1023,43,54
566,1025,42,53
566,1030,42,48
563,1033,44,45
564,1035,43,43
562,1039,45,40
562,1039,44,40
561,1050,45,29
560,1053,44,26
560,1056,43,23
558,1058,44,21
558,1057,43,22
558,1065,44,14
560,1048,40,30
566,1024,60,53
555,997,84,76
505,970,120,91
499,948,160,122
483,903,201,169
255,685,218,136
185,709,242,140
159,693,276,136
223,693,218,116
173,699,210,101
162,705,227,150
9,884,191,195
35,892,223,187
95,915,226,164
61,919,175,158
92,942,175,137
90,953,152,125
69,913,110,166
65,920,110,159
63,920,114,159
60,926,120,153
59,929,114,150
52,932,116,147
52,933,111,146
10,925,145,154
20,936,132,143
15,925,135,154
13,923,136,156
10,928,137,151
11,933,127,146
5,940,129,139
3,943,128,136
2,939,137,139
3,951,130,128
1,956,128,120
1,961,125,117
0,964,119,111
0,968,112,109
0,969,111,108
0,973,109,106
0,976,106,100
0,981,106,96
0,985,100,92
0,989,100,87
0,991,97,85
0,994,93,82
0,997,88,80
0,1002,87,75
0,1006,86,71
0,1012,85,66
0,1011,86,65
0,1017,83,61
0,1020,82,57
0,1026,78,52
0,1031,78,48
0,1033,76,45
0,1034,77,44
0,1036,74,43
0,1039,70,40
0,1044,70,35
0,1045,69,34
0,1050,42,29
0,1050,31,29
0,1054,31,25
0,1055,25,24
0,1061,25,18
0,1059,21,20
0,1061,25,18
0,1060,23,19
0,1039,19,38
0,1021,22,56
0,1010,28,63
0,972,34,92
0,941,57,110
2,915,93,137
10,865,164,120
9,878,193,117
6,901,157,95
5,908,134,80
0,906,138,92
12,902,154,100
4,911,169,94
6,921,149,83
2,914,140,101
21,908,177,111
125,777,85,153
136,785,84,139
141,792,64,135
142,793,67,154
86,770,162,201
3,747,218,198
10,725,236,236
17,584,318,414
155,437,349,353
140,445,398,415
14,404,504,571
0,378,498,623
16,379,476,624
30,409,501,583
78,401,639,632
31,342,597,717
78,416,510,551
93,399,480,536
139,416,381,363
501,623,259,380
168,463,304,375
135,479,349,375
142,440,374,426
33,407,539,594
78,422,467,541
8,391,488,630
17,395,496,639
2,420,540,590
10,429,630,603
5,434,518,616
6,428,551,589
65,461,574,557
40,440,586,556
11,433,523,595
0,443,523,594
6,439,508,590
17,406,463,632
15,431,472,603
8,462,484,580
0,430,498,606
18,439,457,599
10,400,511,647
9,428,530,610
0,430,510,617
16,474,464,569
3,465,482,576
3,434,504,616
16,465,457,590
6,476,491,568
15,417,519,640
0,431,554,635
33,472,510,579
17,475,505,577
0,477,507,582
0,467,531,599
6,447,497,611
3,450,467,609
13,507,524,557
30,486,473,577
0,499,498,560
3,495,539,568
8,494,508,564
0,477,513,588
0,464,556,615
48,496,496,535
56,520,451,486
55,525,433,525
50,530,466,509
74,525,474,535
49,514,457,514
148,512,378,455
197,532,322,408
159,547,315,354
183,549,303,348
158,543,309,406
164,539,313,345
189,541,268,301
214,545,225,301
223,549,204,280
221,551,185,281
220,565,175,269
221,561,169,275
216,563,169,276
214,564,175,281
215,568,166,278
211,569,167,283
207,574,173,281
206,571,173,288
204,580,169,283
199,576,178,293
196,583,174,284
196,581,178,294
192,583,182,294
190,585,177,292
190,583,180,303
188,586,179,300
187,594,179,296
185,593,180,303
186,596,180,299
183,593,182,312
181,599,180,307
180,604,182,306
175,604,185,310
171,606,190,317
172,609,189,310
173,612,182,308
172,613,185,319
171,616,185,314
169,617,186,321
164,624,187,319
164,619,201,329
156,610,243,340
154,629,219,325
140,630,239,342
102,626,313,403
121,645,303,357
154,618,255,393
150,642,265,357
157,640,240,351
115,647,257,396
77,637,348,368
67,636,353,356
78,642,321,372
48,643,345,359
61,647,370,361
45,640,374,387
89,652,305,370
41,656,353,368
78,656,352,375
35,666,359,379
70,658,346,379
23,661,383,390
81,663,335,385
38,681,362,376
91,670,343,387
83,690,343,367
71,693,345,368
18,690,388,373
65,684,355,377
30,700,356,366
49,692,367,373
19,688,375,374
22,700,402,368
8,690,388,379
111,704,298,360
7,731,363,347
102,711,333,360
70,715,334,354
28,717,360,355
84,724,338,340
38,737,363,335
91,711,315,363
118,732,281,336
115,728,339,349
126,739,275,332
114,762,273,312
117,758,215,313
131,750,210,319
129,753,230,321
147,753,320,324
109,762,304,313
127,763,318,311
128,763,256,310
125,772,320,307
126,760,249,312
124,785,229,285
128,779,257,299
119,787,193,283
120,801,224,273
124,788,246,287
117,786,299,290
118,790,219,289
111,817,198,254
119,820,178,253
115,824,190,255
120,815,245,260
121,818,157,258
122,814,163,265
124,838,161,234
124,813,175,264
119,844,181,230
122,824,159,255
124,849,143,224
124,830,151,247
129,852,135,221
129,835,142,242
129,862,129,211
133,850,131,228
129,839,141,238
122,870,141,204
132,843,136,231
121,879,150,196
130,875,126,202
123,861,144,215
124,886,152,189
128,891,156,181
129,897,127,178
125,902,126,169
126,902,136,172
130,909,155,166
214,913,116,135
132,911,114,164
127,921,118,155
131,925,120,150
136,920,101,158
234,934,83,133
232,936,85,130
235,939,83,129
239,944,75,125
224,950,92,125
223,949,93,126
139,951,81,123
141,958,77,118
139,964,77,112
140,968,76,110
139,973,75,103
143,975,69,102
146,980,64,97
142,982,69,97
138,985,77,94
136,980,91,99
133,992,91,87
129,996,95,81
131,1002,81,76
154,940,58,55
153,949,56,50
150,958,54,43
149,958,52,47
147,965,52,45
144,968,53,45
142,971,54,48
140,979,52,41
137,983,47,45
136,987,50,41
136,990,50,42
123,996,62,61
122,1009,63,62
128,999,53,49
127,1007,53,47
123,1010,50,46
122,1013,48,46
120,1020,46,44
121,1017,45,50
117,1024,49,47
113,1026,51,50
112,1033,49,45
109,1029,50,49
107,1034,49,45
102,1042,52,37
63,1043,82,36
81,1043,70,36
51,1041,85,38
47,1033,93,46
48,1042,90,37
47,1041,91,38
49,1037,98,42
76,1035,93,44
83,1036,87,43
68,1042,103,37
96,1044,70,35
98,1051,68,28
110,1058,42,21
111,1061,38,18
110,1061,37,18
108,1044,34,34
109,1007,29,70
56,1009,101,70
0,978,117,101
0,837,151,218
15,744,291,335
158,516,462,470
89,545,570,399
347,368,470,692
118,331,715,748
88,61,688,1018
24,65,745,1014
74,52,868,1027
52,112,1025,967
107,99,1183,980
197,91,1579,988
52,0,1867,1063
12,0,1894,1067
17,0,1902,1070
32,0,1883,1049
29,0,1890,1061
16,0,1903,1071
24,0,1895,1067
2,0,1917,1080
18,0,1901,1079
17,0,1901,1078
18,0,1901,1079
21,0,1898,1080
18,0,1901,1080
14,0,1905,1080
14,0,1905,1079
15,0,1904,1076
15,0,1904,1077
15,0,1904,1080
9,0,1910,1080
9,0,1910,1080
8,0,1911,1080
10,0,1909,1079
0,0,1920,1080
11,0,1908,1080
19,0,1900,1080
18,0,1894,1080
14,0,1905,1080
22,0,1875,1079
22,0,1882,1066
21,0,1889,1076
23,0,1894,1074
18,0,1901,1065
19,0,1900,1073
24,0,1895,1070
30,0,1889,1054
12,0,1897,1066
22,0,1885,1068
10,0,1894,1076
8,11,1833,1059
15,0,1904,1054
3,0,1887,1066
12,0,1893,1069
22,0,1881,1065
16,13,1872,1054
18,0,1846,1065
12,0,1887,1056
28,0,1891,1073
16,0,1885,1059
24,0,1895,1070
23,0,1886,1061
18,0,1890,1076
23,0,1896,1076
0,0,1900,1064
12,0,1898,1073
18,0,1901,1075
18,0,1901,1075
18,0,1898,1076
15,0,1904,1077
19,0,1900,1075
24,0,1895,1066
40,0,1879,1074
29,0,1858,1062
17,0,1902,1070
42,0,1877,1060
30,0,1889,1048
43,0,1876,1024
36,0,1883,1041
28,0,1883,1056
16,0,1903,1032
33,0,1886,1057
27,0,1892,1058
38,0,1881,1057
62,0,1857,1049
29,0,1881,1036
43,0,1876,1050
18,0,1901,1055
23,0,1885,1062
31,0,1888,1055
37,0,1882,1065
40,0,1879,1067
32,0,1887,1069
43,0,1876,1063
53,1,1866,1061
31,0,1883,1054
21,0,1898,1047
13,0,1906,1049
5,0,1914,1047
5,0,1914,1049
26,0,1893,1050
20,0,1899,1052
27,0,1892,1053
31,0,1888,1057
48,0,1871,1050
15,0,1892,1031
42,0,1877,1057
22,6,1897,1035
45,0,1874,1031
38,0,1881,1033
31,0,1888,1051
16,0,1903,1042
53,0,1866,1041
22,0,1861,1037
57,0,1841,1055
22,0,1867,1038
19,0,1875,1054
34,0,1885,1048
32,0,1887,1049
39,0,1880,1048
32,0,1873,1031
16,0,1903,1030
41,0,1878,1062
35,0,1846,1031
24,0,1888,1046
42,0,1877,1042
26,2,1890,1073
11,0,1908,1048
59,30,1860,1021
0,30,1797,1049
59,64,1860,1010
32,14,1875,1065
29,3,1890,1062
40,1,1877,1074
75,29,1844,1036
26,86,1809,993
35,51,1861,1028
28,40,1871,1039
48,54,1862,1025
49,71,1861,1008
24,12,1895,1067
42,0,1877,1072
48,1,1856,1070
36,0,1883,1068
58,9,1854,1052
0,28,1770,1034
28,0,1891,1039
38,0,1881,1064
41,11,1878,1052
23,46,1849,1029
31,52,1724,1010
47,0,1864,1059
24,0,1895,1054
31,0,1886,1051
35,0,1884,1042
33,0,1886,1036
28,0,1891,1049
48,0,1871,1048
34,0,1885,1027
7,0,1908,1033
24,0,1880,1049
9,0,1910,1033
13,0,1882,1054
38,0,1881,1045
12,0,1891,1027
18,0,1897,1061
12,0,1907,1054
0,0,1807,1042
40,0,1879,1031
0,0,1895,1051
22,0,1891,1058
9,0,1893,1051
6,0,1904,1039
30,0,1889,1040
0,0,1920,1041
39,0,1880,1031
44,0,1875,1034
47,0,1872,1019
21,56,1884,990
7,74,1912,1005
38,200,1880,879
18,90,1895,989
0,144,1881,935
13,72,1803,1007
4,119,1915,960
52,247,1867,832
41,204,1803,875
0,158,640,907
62,304,493,775
25,284,533,795
9,261,431,816
6,327,397,752
272,601,390,472
148,599,468,470
12,300,373,761
34,342,425,737
0,299,404,771
43,374,430,705
0,311,388,753
42,365,412,714
0,280,373,788
36,347,387,732
261,598,379,474
31,305,350,772
34,365,407,714
17,372,403,707
21,362,432,717
0,315,399,755
25,384,430,695
0,335,403,743
21,379,448,700
0,318,395,761
13,377,381,702
265,640,377,437
177,641,459,430
220,642,404,418
36,363,340,625
21,359,370,720
19,386,428,693
0,345,360,734
13,416,360,663
248,680,395,397
15,385,312,667
39,430,370,649
36,406,414,673
29,372,306,702
21,385,324,679
16,379,323,695
20,386,319,685
17,375,317,670
22,390,302,629
27,394,306,652
24,406,310,592
27,415,300,594
27,409,298,612
34,418,290,562
39,430,292,608
31,413,286,587
31,440,291,601
29,417,287,594
29,437,288,599
23,426,297,586
30,436,292,605
22,428,294,620
27,437,290,601
22,435,296,612
22,446,298,599
22,442,295,612
16,459,305,603
20,451,291,598
17,460,293,589
18,467,291,585
13,468,298,590
11,479,297,576
8,463,297,601
5,479,303,594
6,480,293,577
7,488,287,577
6,491,288,572
8,499,283,563
8,482,283,588
3,498,286,570
5,488,274,577
4,509,274,565
1,499,279,568
0,510,272,555
9,504,263,568
6,519,265,557
4,509,264,560
0,549,250,530
7,555,258,512
5,563,258,507
4,566,260,502
8,554,268,513
6,550,267,517
8,554,259,513
12,567,250,502
4,568,256,503
8,562,250,506
11,571,249,498
5,580,254,491
10,595,252,478
6,589,249,479
12,591,240,478
6,590,245,485
7,589,242,484
7,584,239,487
6,588,244,485
9,586,240,490
8,600,237,475
7,616,239,462
3,624,244,453
7,627,238,450
3,614,238,461
6,602,231,473
4,610,237,469
2,654,250,425
0,845,252,233
3,846,231,233
6,627,224,452
0,694,257,385
10,652,221,427
9,863,229,216
0,893,224,180
3,875,213,204
2,895,215,183
4,880,212,199
10,880,209,199
11,897,208,181
19,910,196,165
20,911,198,166
42,920,167,154
60,930,138,138
64,936,134,137
70,943,126,129
121,950,68,127
123,953,57,120
119,960,63,116
119,963,56,113
117,966,65,111
120,971,52,106
114,977,60,100
118,978,49,99
119,987,47,91
118,990,44,88
116,996,46,82
112,1000,46,79
112,1004,44,75
114,1010,41,68
112,1013,38,65
112,1017,38,61
113,1019,34,60
110,1020,45,58
127,1020,94,57
114,1023,105,55
112,1028,106,51
113,1031,101,48
111,1035,92,44
110,1037,93,42
110,1043,92,36
110,1049,78,30
105,1053,72,26
100,1057,77,22
104,1060,66,19
107,1063,63,16
106,1059,62,20
78,1036,78,42
8,994,95,76
6,957,104,119
0,912,118,158
0,954,111,125
1,956,97,117
7,980,87,99
0,969,97,108
0,961,87,114
0,974,95,103
0,985,91,94
0,960,97,118
0,966,104,110
0,949,146,128
0,858,82,219
0,976,82,103
1,1020,73,59
0,1030,63,49
3,1038,58,41
3,1041,51,38
0,1051,50,28
2,1051,46,28
2,1043,46,36
2,1013,49,62
0,1009,46,66
1,960,32,114
0,959,34,116
0,959,42,116
0,960,43,119
0,967,38,111
0,966,41,108
0,978,43,94
0,969,41,106
0,972,78,106
0,941,105,138
7,916,136,78
9,920,145,159
0,867,118,185
0,899,133,126
5,922,176,134
0,891,149,124
0,887,150,182
0,895,65,163
0,941,115,91
0,940,119,124
0,941,122,98
4,916,119,151
0,958,146,110
0,960,150,119
0,959,143,120
0,959,144,114
3,917,108,161
2,965,141,114
5,913,113,164
0,979,124,100
0,959,113,120
0,998,117,81
1,990,126,89
0,994,99,85
0,991,94,88
3,941,86,138
3,929,105,99
4,927,104,151
6,922,120,106
5,938,98,139
10,938,133,136
9,932,125,145
2,942,95,134
3,952,90,119
2,951,103,121
0,951,99,121
3,956,90,110
8,942,120,116
0,961,87,111
2,974,83,84
1,982,91,93
0,985,82,89
0,992,80,83
0,992,88,83
0,994,86,81
1,1000,87,78
0,1003,92,74
0,1001,83,75
0,1010,81,69
0,1009,89,70
0,1014,76,65
0,1014,78,64
3,1017,92,60
1,1018,73,61
15,1008,103,69
12,962,147,117
60,890,217,163
77,782,335,267
8,412,415,333
24,379,318,328
10,461,372,280
10,457,307,279
0,460,233,204
3,466,141,163
0,473,128,132
0,486,72,106
3,492,48,98
3,493,45,95
2,489,44,98
2,486,40,97
1,502,40,86
2,502,38,89
2,500,36,94
2,501,36,97
1,509,32,89
1,510,34,84
1,518,28,71
2,514,27,74
2,511,27,81
2,517,29,75
3,518,43,74
1,517,28,85
1,521,26,75
1,524,28,75
1,518,33,70
1,516,33,85
0,523,49,77
0,518,47,110
2,530,73,91
8,534,89,119
0,526,154,186
19,644,198,179
38,673,227,144
104,694,206,147
106,705,115,105
90,715,108,106
107,720,97,100
102,721,94,92
91,723,113,123
90,725,104,114
96,734,98,95
96,742,119,130
83,729,112,111
82,737,165,151
99,725,198,129
53,720,150,134
68,738,146,134
81,743,102,115
70,735,157,138
90,756,124,137
63,738,132,129
57,754,131,114
68,761,112,119
63,765,119,128
69,768,101,109
55,771,136,146
70,770,145,122
72,794,155,153
58,782,139,118
53,802,134,133
68,804,193,188
49,786,171,134
28,766,154,160
41,793,126,136
57,804,146,176
29,799,187,140
42,803,121,124
40,820,126,148
39,831,182,242
57,797,239,266
26,790,253,249
30,777,277,238
54,799,215,219
17,818,148,187
21,829,162,170
26,851,261,228
26,816,235,177
52,820,216,194
51,827,197,169
57,840,209,202
39,831,228,203
122,771,243,303
70,654,382,404
84,757,340,316
85,713,329,366
89,704,316,366
65,731,337,346
92,731,267,339
44,697,356,381
70,793,321,284
79,713,306,353
55,714,378,365
56,780,330,299
76,715,279,351
85,727,292,344
23,724,392,355
33,798,317,281
56,728,313,338
55,740,313,339
45,736,316,334
33,729,351,345
43,706,388,363
85,761,459,318
34,720,402,358
80,625,493,440
101,514,633,565
0,274,403,805
5,294,305,785
192,639,647,440
29,563,475,510
314,603,503,476
44,591,517,488
46,413,633,666
12,301,393,778
101,359,848,720
463,357,860,722
0,250,564,827
71,377,1009,702
0,231,1091,848
0,228,1479,851
0,267,723,812
0,303,356,776
0,326,413,753
12,366,424,713
46,341,520,738
0,323,538,756
421,426,741,653
0,322,375,740
0,341,577,738
442,430,692,649
354,532,754,547
444,494,445,569
0,499,595,580
367,648,559,431
49,534,529,533
17,344,597,735
0,349,1032,730
0,347,387,732
58,360,703,719
36,408,1189,671
0,346,337,733
482,456,325,612
91,650,556,429
114,583,648,496
213,471,715,593
17,489,633,590
0,389,308,683
51,391,601,283
40,640,433,439
10,423,669,656
3,402,778,677
455,537,451,542
423,547,564,532
0,417,325,662
36,389,563,690
0,400,414,679
40,420,805,659
0,404,462,675
184,402,838,677
0,412,449,667
449,466,399,576
0,477,514,602
292,514,400,564
0,455,489,624
301,462,562,617
360,508,527,565
146,504,651,565
266,552,564,517
261,524,670,555
498,573,341,494
81,737,372,342
581,669,173,395
500,697,363,365
71,723,342,356
107,713,386,366
67,695,442,384
49,726,414,353
565,695,220,358
590,737,202,149
702,796,89,91
714,816,52,76
714,824,49,69
714,833,47,69
712,841,48,71
710,855,47,70
708,858,51,73
706,866,52,77
703,876,55,73
701,887,54,73
697,894,60,74
693,911,60,73
692,913,62,78
691,923,60,80
693,931,56,79
693,941,57,78
689,950,59,81
688,959,59,82
685,971,60,82
684,980,61,82
683,988,58,85
682,1003,60,76
679,1007,64,71
676,1017,67,61
664,1024,77,55
646,1022,94,57
649,1029,99,50
657,1031,90,48
653,1020,84,59
638,1006,100,73
614,976,99,91
613,970,94,101
608,968,104,100
623,889,66,58
633,896,47,51
626,899,51,48
631,907,44,48
630,910,43,50
625,916,48,48
624,922,48,48
626,927,45,50
625,931,44,50
621,938,46,50
624,943,43,52
621,948,45,51
618,955,46,50
619,961,45,48
618,964,45,50
614,970,46,54
614,976,45,48
610,982,47,50
614,987,43,52
609,993,46,51
611,999,43,53
607,1004,46,57
607,1012,45,48
604,1015,48,58
603,1022,48,56
600,1028,49,50
598,1034,50,45
596,1040,56,39
596,1047,51,32
594,1052,51,27
593,1057,52,22
593,1063,47,16
595,1029,45,47
565,1000,102,66
540,876,68,79
535,880,70,86
535,891,59,78
532,900,54,79
533,913,50,76
529,923,50,75
529,931,44,75
525,952,47,71
523,958,43,71
518,972,47,71
517,973,46,78
512,991,53,74
508,995,52,81
506,1006,53,72
502,1018,52,59
504,1030,48,48
500,1040,54,37
501,1052,49,27
503,1048,55,31
509,1022,63,52
502,1006,85,69
496,991,109,87
495,961,150,114
541,903,147,139
500,926,193,153
489,915,209,161
385,902,291,177
355,880,292,199
248,928,239,151
14,805,254,104
14,811,251,91
15,821,249,104
11,822,250,98
7,829,253,100
6,836,252,106
3,833,254,95
2,847,248,105
2,847,248,90
4,855,243,101
2,854,241,91
1,865,239,108
1,857,239,74
3,867,232,57
7,871,225,60
7,879,222,63
3,887,223,62
7,894,218,62
6,898,217,60
5,900,213,54
6,905,211,62
5,912,209,72
1,922,213,74
2,926,210,116
0,931,215,106
0,942,212,104
2,937,207,70
4,947,198,58
6,952,192,66
2,960,194,66
2,967,193,64
0,974,191,65
1,982,187,68
0,986,188,73
0,990,187,75
2,996,184,76
0,1002,182,68
0,1009,178,63
0,1015,175,62
0,1020,173,58
1,1028,168,51
0,1033,167,46
3,1039,160,40
4,1045,157,34
7,1046,147,33
10,1053,142,26
59,1056,101,23
148,1044,47,35
148,1051,42,28
144,1045,46,34
193,1021,52,43
191,1017,55,55
184,1026,57,52
176,1037,55,42
167,1044,55,35
181,1041,97,37
172,1043,104,36
173,1049,96,29
175,1056,88,23
173,1059,82,20
163,1058,82,21
119,1058,60,21
103,1040,76,39
88,987,74,53
87,978,76,53
51,985,104,45
50,958,108,65
59,1001,136,78
36,1007,152,72
52,967,159,97
225,947,97,132
218,948,98,131
210,948,119,131
180,955,246,124
110,952,300,127
210,966,248,113
191,943,271,136
159,927,307,152
186,938,301,141
171,916,318,163
190,875,361,204
216,878,404,201
184,808,515,271
338,671,609,408
474,551,685,528
466,502,853,577
388,369,872,710
379,478,1139,601
476,40,702,1037
560,311,1359,768
353,18,989,1061
205,202,1519,877
120,75,1648,990
206,6,1453,1073
8,0,1879,1067
36,9,1876,1070
126,0,1541,1064
55,17,1836,1060
31,38,1855,1030
53,17,1798,1051
98,27,1686,1029
11,4,1802,1046
30,0,1885,1069
55,61,1838,1018
279,0,1191,1055
17,5,1816,1044
41,53,1861,1026
125,4,1537,1061
36,82,1835,997
114,11,1556,1047
23,205,1855,874
130,0,1688,1051
19,0,1847,1072
33,42,1874,1037
12,0,1875,1071
15,96,1904,983
95,0,1736,1069
41,98,1873,981
34,101,1871,978
21,10,1872,1056
19,0,1900,1079
23,11,1884,1068
17,9,1897,1070
38,43,1881,1036
29,24,1890,1055
32,101,1887,978
19,29,1900,1050
17,119,1902,960
21,44,1898,1035
24,216,1895,863
64,148,1835,931
41,1,1799,1075
32,0,1859,1065
34,13,1868,1053
75,0,1757,1069
277,0,1327,1031
318,0,1167,1076
192,10,1727,847
358,0,1303,1080
422,0,1021,1034
568,0,890,1058
459,0,862,1043
501,39,841,1040
527,0,963,1080
441,0,932,1057
450,35,1004,1044
470,60,922,924
448,51,805,1028
467,23,829,1056
479,0,762,1066
483,103,784,976
403,121,867,958
509,3,727,1048
478,159,843,889
473,2,719,1069
520,46,697,1017
472,60,741,975
524,103,1073,932
460,0,802,1054
478,96,764,944
408,382,905,688
516,58,825,1021
465,1,764,1078
460,26,730,1053
491,70,1037,1009
451,0,817,1049
478,45,749,998
479,90,725,929
492,105,833,944
427,1,807,1059
473,203,758,856
422,293,794,786
409,349,764,730
599,279,1035,736
441,49,984,984
444,47,896,1031
477,30,818,995
442,124,822,950
475,115,828,939
418,19,801,1060
463,15,730,1058
517,92,851,952
476,15,766,1052
544,35,718,992
473,86,871,971
479,2,699,1049
489,23,771,1042
456,295,996,752
521,199,600,777
407,385,792,694
382,386,681,673
568,326,957,723
447,80,705,989
487,43,752,1029
435,31,877,1048
536,155,926,923
468,76,893,978
456,177,832,895
508,80,805,982
461,68,723,997
424,299,880,744
482,85,798,994
452,111,977,968
462,25,803,1054
500,43,735,1036
435,77,880,1002
596,255,970,817
444,148,804,931
574,322,1004,708
466,351,1074,665
560,132,832,947
466,19,798,1036
491,39,689,971
498,157,707,920
501,293,836,786
504,377,796,630
464,421,714,635
571,362,634,654
677,429,664,487
354,516,451,556
615,460,393,224
563,501,368,217
653,532,208,184
635,543,79,137
641,552,61,123
638,556,63,125
640,561,59,124
637,567,60,125
637,572,58,124
635,576,61,127
635,580,61,127
634,584,61,130
633,588,60,132
633,593,61,131
631,597,62,135
629,603,63,134
628,609,63,135
628,615,63,134
627,618,63,137
626,623,62,138
625,630,63,139
623,636,63,140
623,642,63,142
621,647,65,144
620,650,63,144
619,657,63,144
618,663,64,146
617,669,65,147
615,674,64,148
614,681,65,149
613,685,64,150
612,693,64,150
612,699,64,151
611,705,64,153
609,712,65,153
608,717,65,155
608,721,64,157
606,729,64,157
604,736,65,158
603,743,67,160
602,749,66,161
600,757,67,162
599,761,68,164
598,768,67,166
597,775,69,167
595,781,68,170
594,790,70,169
592,797,71,170
591,803,71,174
590,809,70,175
589,818,71,175
588,825,70,177
586,833,73,177
585,841,71,178
582,847,74,180
582,854,72,183
580,864,73,184
579,871,73,188
577,879,74,186
576,887,75,187
576,890,73,185
574,896,75,179
572,905,73,172
571,916,72,162
571,923,72,153
568,932,72,145
571,940,69,136
570,950,70,127
568,958,69,119
568,967,69,111
565,977,71,101
564,986,74,91
563,994,71,83
563,1003,73,74
562,1012,73,65
561,1021,73,57
560,1031,71,48
558,1040,72,37
558,1048,71,31
559,1055,70,24
561,1060,66,19
546,1033,87,45
510,1006,35,65
512,1011,30,65
512,1017,27,59
511,1021,27,57
510,1031,25,48
509,1037,23,41
507,1043,22,35
506,1049,23,30
507,1053,23,25
504,1059,21,19
502,1064,21,15
496,1066,30,13
485,1050,50,29
477,1045,73,34
478,1028,102,51
505,1019,144,60
542,977,172,100
690,973,70,99
698,989,57,87
698,999,53,79
697,1007,55,71
695,1015,56,62
694,1025,58,53
692,1036,60,43
694,1044,53,35
696,1052,51,27
698,1059,46,20
701,1066,40,13
707,1040,41,37
715,1012,39,63
772,979,52,77
771,988,53,80
772,993,51,81
770,1002,53,75
768,1011,54,67
766,1021,57,56
768,1031,57,48
766,1040,62,39
768,1049,65,30
767,1057,58,22
772,1054,58,25
777,1025,63,50
730,999,119,80
723,972,183,107
827,879,78,91
841,892,52,76
843,901,47,71
843,909,46,73
841,921,46,74
841,929,48,76
840,941,46,72
840,951,47,74
839,962,46,78
838,972,47,80
837,980,47,90
836,991,47,83
834,1002,50,75
834,1016,48,62
833,1026,47,52
830,1047,51,32
834,1050,49,29
834,1055,50,24
823,1056,65,23
803,1013,86,61
773,954,54,86
772,964,56,88
770,974,57,94
770,982,54,88
771,991,54,86
772,999,51,78
772,1012,50,66
768,1021,57,57
769,1035,55,44
768,1039,56,40
763,1043,61,36
765,1052,57,27
758,1056,66,23
720,1030,87,49
679,1035,59,44
680,1044,55,35
680,1052,51,27
681,1061,49,18
678,1064,45,15
673,1039,66,37
641,1000,119,77
723,902,53,93
724,904,49,87
724,913,47,78
722,922,49,74
721,929,51,76
719,939,49,81
719,949,49,75
717,956,51,79
717,966,50,77
716,974,49,82
714,984,49,82
714,992,51,80
713,1001,51,76
711,1011,51,67
712,1020,52,58
712,1030,53,48
709,1040,57,39
709,1045,54,34
709,1056,56,23
712,1061,49,18
690,1031,74,43
691,986,95,84
709,923,57,87
710,930,46,83
709,941,45,75
707,950,48,78
707,954,50,80
704,964,53,79
700,981,60,89
695,988,59,85
700,995,51,79
699,1001,50,77
698,1010,51,68
696,1019,54,58
692,1033,56,46
693,1044,53,35
693,1052,48,27
691,1056,56,23
694,1065,49,14
692,1048,47,29
678,1024,82,53
634,1010,138,69
588,961,205,118
603,841,271,235
433,656,184,392
410,632,271,434
407,617,665,462
4,0,634,261
6,9,693,310
0,0,634,296
0,17,569,332
0,0,593,364
5,0,569,244
0,8,576,337
0,0,607,290
0,0,634,280
0,2,610,277
0,30,626,336
0,0,592,345
0,0,609,287
0,0,638,318
0,3,566,397
0,0,627,388
0,1,634,355
0,0,650,322
0,0,597,299
0,0,599,280
0,13,597,347
6,0,587,252
0,46,543,355
8,66,647,471
0,0,643,286
0,63,632,352
0,0,648,452
27,36,786,444
15,45,830,401
0,53,760,442
10,0,612,290
0,30,608,358
5,0,606,287
0,38,562,334
0,0,567,286
13,84,651,389
8,35,657,382
9,0,619,308
0,0,605,391
0,28,588,390
1,14,653,301
0,5,651,380
0,0,607,263
22,103,578,394
0,0,623,338
6,21,771,443
34,65,769,426
0,23,670,386
0,19,653,407
0,0,634,288
51,183,847,434
3,7,644,280
25,97,772,392
15,150,936,495
13,0,693,323
53,211,777,459
7,0,681,355
27,123,784,441
6,20,682,370
23,149,729,426
5,0,618,357
0,78,611,458
115,641,536,432
146,604,363,465
221,639,469,440
282,706,502,373
192,648,518,426
197,664,567,415
221,639,594,430
115,604,465,463
159,647,309,429
622,746,198,299
627,889,178,132
629,908,89,124
632,921,73,112
632,922,73,114
630,929,69,117
633,930,63,117
631,934,64,121
629,939,65,124
627,944,68,129
626,949,68,124
626,951,68,124
626,955,68,122
625,958,67,117
625,963,67,111
624,968,68,107
622,975,65,102
622,979,66,95
622,983,63,93
621,989,63,88
620,992,66,84
619,997,68,79
620,1001,64,76
620,1006,65,71
620,1010,66,67
621,1014,62,63
620,1020,60,57
619,1026,61,52
619,1031,61,48
619,1036,62,43
621,1040,59,39
623,1047,56,32
621,1049,57,30
621,1055,57,24
621,1059,54,20
622,1061,55,18
622,1064,52,15
623,1066,50,13
612,1039,44,38
579,1020,63,58
539,1022,47,57
541,1025,45,54
543,1025,40,53
541,1028,43,50
540,1029,46,49
539,1031,47,47
544,1031,41,48
544,1037,41,42
546,1038,39,41
544,1040,41,39
546,1041,40,38
546,1042,40,37
545,1042,39,37
543,1046,43,33
544,1045,43,34
543,1048,44,31
543,1047,44,32
542,1048,45,31
540,1051,47,28
541,1055,47,24
539,1053,48,26
541,1054,54,25
519,1041,62,38
515,1035,75,44
489,976,84,94
461,962,135,112
450,868,191,187
418,754,315,300
287,761,431,318
325,706,450,370
268,639,478,410
18,706,541,371
31,666,594,393
0,726,445,336
52,649,616,401
0,719,260,311
22,744,299,246
63,716,358,348
122,649,542,417
0,707,424,343
113,636,477,426
34,560,693,509
174,138,711,745
128,177,647,902
146,0,935,619
134,319,1270,760
455,181,1377,892
406,54,1513,1003
6,268,1570,800
256,163,1663,910
80,254,1819,825
435,197,1484,882
424,162,1483,917
407,178,1306,851
28,264,1664,815
367,151,1428,909
0,270,1610,809
288,136,1475,923
87,191,1832,888
266,110,1636,955
21,293,1612,786
283,209,1636,870
72,123,1838,956
475,182,1231,879
323,102,1456,912
107,278,1812,801
62,111,1857,968
265,222,1453,855
118,229,1766,850
119,347,1783,732
232,185,1687,889
265,152,1654,926
21,323,1883,756
189,151,1730,928
335,239,1449,827
113,144,1784,935
31,196,1829,883
123,126,1796,950
63,234,1604,838
29,237,1760,842
434,85,1485,989
0,312,1645,767
272,222,1436,826
292,234,1627,845
24,73,1673,986
8,286,1705,793
400,111,1392,921
0,332,1511,722
419,92,1443,940
26,262,1599,812
254,181,1665,898
81,221,1838,858
281,146,1638,933
73,278,1817,801
