834,559,54,54
836,555,54,54
839,552,54,54
841,548,54,54
844,545,54,54
846,541,54,54
849,538,54,54
851,534,54,54
854,531,54,54
856,527,54,54
859,524,59,54
860,521,59,54
862,518,59,54
864,516,59,54
866,513,59,54
868,511,59,54
869,508,59,54
871,505,59,54
873,503,59,54
875,500,59,54
877,498,65,52
878,496,65,52
880,494,65,52
882,492,65,52
884,491,65,52
886,489,65,52
888,487,65,52
890,486,65,52
892,484,65,52
894,482,65,52
896,481,55,48
897,479,55,48
899,478,55,48
900,476,55,48
902,475,55,48
903,473,55,48
905,472,55,48
906,470,55,48
908,469,55,48
909,467,55,48
911,466,61,49
911,464,61,49
912,463,61,49
912,462,61,49
913,461,61,49
913,460,61,49
914,459,61,49
914,458,61,49
915,457,61,49
915,456,61,49
916,455,61,50
916,454,61,50
917,453,61,50
917,452,61,50
918,451,61,50
919,450,61,50
919,449,61,50
920,448,61,50
920,447,61,50
921,446,61,50
922,446,63,52
922,445,63,52
923,444,63,52
924,444,63,52
925,443,63,52
926,443,63,52
927,442,63,52
928,441,63,52
929,441,63,52
930,440,63,52
931,440,52,54
931,440,52,54
931,440,52,54
931,441,52,54
931,441,52,54
931,442,52,54
931,442,52,54
931,442,52,54
931,443,52,54
931,443,52,54
931,444,57,48
931,443,57,48
931,443,57,48
931,442,57,48
931,442,57,48
931,442,57,48
931,441,57,48
931,441,57,48
931,440,57,48
931,440,57,48
931,440,56,47
931,440,56,47
931,440,56,47
931,440,56,47
931,440,56,47
932,441,56,47
932,441,56,47
932,441,56,47
932,441,56,47
932,441,56,47
933,442,52,45
932,442,52,45
932,442,52,45
932,442,52,45
932,442,52,45
932,443,52,45
931,443,52,45
931,443,52,45
931,443,52,45
931,443,52,45
931,444,52,48
930,444,52,48
930,444,52,48
930,444,52,48
930,444,52,48
930,445,52,48
929,445,52,48
929,445,52,48
929,445,52,48
929,445,52,48
929,446,54,48
929,446,54,48
929,446,54,48
929,447,54,48
929,447,54,48
930,448,54,48
930,448,54,48
930,448,54,48
930,449,54,48
930,449,54,48
931,450,52,48
931,450,52,48
931,451,52,48
931,452,52,48
931,452,52,48
931,453,52,48
931,454,52,48
931,454,52,48
931,455,52,48
931,456,52,48
931,457,50,46
937,459,50,46
943,461,50,46
949,463,50,46
956,465,50,46
962,467,50,46
968,469,50,46
975,471,50,46
981,473,50,46
987,475,50,46
994,478,54,50
994,478,54,50
994,478,54,50
994,478,54,50
994,479,54,50
994,479,54,50
994,479,54,50
994,480,54,50
994,480,54,50
994,480,54,50
994,481,54,52
994,481,54,52
994,482,54,52
994,482,54,52
994,483,54,52
994,484,54,52
994,484,54,52
994,485,54,52
994,485,54,52
994,486,54,52
994,487,56,46
994,487,56,46
994,487,56,46
994,487,56,46
994,488,56,46
994,488,56,46
994,488,56,46
994,489,56,46
994,489,56,46
994,489,56,46
994,490,54,50
994,490,54,50
994,491,54,50
994,491,54,50
994,492,54,50
994,493,54,50
994,493,54,50
994,494,54,50
994,494,54,50
994,495,54,50
994,496,54,52
992,496,54,52
991,497,54,52
990,498,54,52
988,498,54,52
987,499,54,52
986,500,54,52
984,500,54,52
983,501,54,52
982,502,54,52
981,503,56,50
980,503,56,50
980,504,56,50
979,505,56,50
979,506,56,50
979,507,56,50
978,507,56,50
978,508,56,50
977,509,56,50
977,510,56,50
977,511,54,48
977,511,54,48
977,512,54,48
977,512,54,48
977,513,54,48
977,513,54,48
977,514,54,48
977,514,54,48
977,515,54,48
977,515,54,48
977,516,52,50
976,516,52,50
976,517,52,50
976,518,52,50
976,519,52,50
976,520,52,50
975,520,52,50
975,521,52,50
975,522,52,50
975,523,52,50
975,524,54,50
974,524,54,50
974,525,54,50
973,526,54,50
973,526,54,50
972,527,54,50
972,528,54,50
971,528,54,50
971,529,54,50
970,530,54,50
970,531,55,50
969,531,55,50
969,532,55,50
969,533,55,50
969,534,55,50
969,535,55,50
968,535,55,50
968,536,55,50
968,537,55,50
968,538,55,50
968,539,54,51
967,539,54,51
967,540,54,51
966,541,54,51
966,542,54,51
966,543,54,51
965,544,54,51
965,545,54,51
964,546,54,51
964,547,54,51
964,548,54,48
963,548,54,48
963,549,54,48
962,550,54,48
962,551,54,48
961,552,54,48
961,553,54,48
960,554,54,48
960,555,54,48
959,556,54,48
959,557,57,50
958,557,57,50
958,558,57,50
958,559,57,50
958,560,57,50
958,561,57,50
957,562,57,50
957,563,57,50
957,564,57,50
957,565,57,50
957,566,56,50
957,566,56,50
957,567,56,50
957,568,56,50
957,569,56,50
957,570,56,50
957,570,56,50
957,571,56,50
957,572,56,50
957,573,56,50
957,574,56,54
956,575,56,54
956,576,56,54
956,577,56,54
956,578,56,54
956,579,56,54
955,580,56,54
955,581,56,54
955,582,56,54
955,583,56,54
955,585,52,54
954,585,52,54
954,586,52,54
953,587,52,54
953,588,52,54
953,589,52,54
952,590,52,54
952,591,52,54
951,592,52,54
951,593,52,54
951,594,58,54
951,595,58,54
951,596,58,54
951,597,58,54
951,598,58,54
951,599,58,54
951,600,58,54
951,601,58,54
951,602,58,54
951,603,58,54
951,605,54,54
950,605,54,54
950,605,54,54
950,605,54,54
950,605,54,54
950,606,54,54
950,606,54,54
950,606,54,54
950,606,54,54
950,606,54,54
950,607,53,56
949,605,53,56
948,604,53,56
948,603,53,56
947,602,53,56
947,601,53,56
946,600,53,56
945,599,53,56
945,598,53,56
944,597,53,56
944,596,59,56
944,594,59,56
944,593,59,56
944,592,59,56
944,591,59,56
944,590,59,56
944,589,59,56
944,588,59,56
944,587,59,56
944,586,59,56
944,585,57,52
943,583,57,52
943,581,57,52
943,579,57,52
943,577,57,52
943,575,57,52
942,573,57,52
942,571,57,52
942,569,57,52
942,567,57,52
942,566,56,58
941,565,56,58
941,565,56,58
941,565,56,58
941,564,56,58
941,564,56,58
940,564,56,58
940,563,56,58
940,563,56,58
940,563,56,58
940,563,58,57
939,564,58,57
939,565,58,57
939,566,58,57
938,567,58,57
938,568,58,57
938,569,58,57
937,570,58,57
937,571,58,57
937,572,58,57
937,574,57,55
936,575,57,55
936,576,57,55
936,577,57,55
936,578,57,55
936,579,57,55
935,580,57,55
935,581,57,55
935,582,57,55
935,583,57,55
935,585,57,57
934,586,57,57
933,587,57,57
933,588,57,57
932,590,57,57
932,591,57,57
931,592,57,57
930,594,57,57
930,595,57,57
929,596,57,57
929,598,56,61
928,599,56,61
927,601,56,61
926,603,56,61
926,604,56,61
925,606,56,61
924,608,56,61
924,609,56,61
923,611,56,61
922,613,56,61
922,615,59,59
921,616,59,59
920,618,59,59
919,619,59,59
918,621,59,59
918,623,59,59
917,624,59,59
916,626,59,59
915,627,59,59
914,629,59,59
914,631,60,61
912,633,60,61
911,635,60,61
910,637,60,61
908,639,60,61
907,641,60,61
906,643,60,61
904,645,60,61
903,647,60,61
902,649,60,61
901,652,63,59
899,654,63,59
898,656,63,59
897,658,63,59
895,660,63,59
894,663,63,59
893,665,63,59
891,667,63,59
890,669,63,59
889,671,63,59
888,674,62,63
887,675,62,63
886,677,62,63
885,679,62,63
885,681,62,63
884,683,62,63
883,684,62,63
883,686,62,63
882,688,62,63
881,690,62,63
881,692,61,65
879,691,61,65
878,691,61,65
876,691,61,65
875,691,61,65
873,691,61,65
872,690,61,65
870,690,61,65
869,690,61,65
867,690,61,65
866,690,67,69
864,690,67,69
863,690,67,69
862,690,67,69
861,690,67,69
860,691,67,69
859,691,67,69
858,691,67,69
857,691,67,69
856,691,67,69
855,692,65,69
853,692,65,69
852,692,65,69
851,693,65,69
850,693,65,69
849,694,65,69
848,694,65,69
847,694,65,69
846,695,65,69
845,695,65,69
844,696,69,70
843,696,69,70
842,696,69,70
841,697,69,70
841,697,69,70
840,698,69,70
839,698,69,70
839,698,69,70
838,699,69,70
837,699,69,70
837,700,66,72
836,700,66,72
835,701,66,72
834,702,66,72
833,702,66,72
832,703,66,72
831,704,66,72
830,704,66,72
829,705,66,72
828,706,66,72
827,707,65,71
826,705,65,71
825,704,65,71
824,702,65,71
823,701,65,71
822,699,65,71
821,698,65,71
820,696,65,71
819,695,65,71
818,693,65,71
818,692,65,73
816,690,65,73
815,688,65,73
814,686,65,73
812,684,65,73
811,682,65,73
810,680,65,73
808,678,65,73
807,676,65,73
806,674,65,73
805,672,67,78
803,670,67,78
802,669,67,78
801,667,67,78
800,666,67,78
799,664,67,78
798,663,67,78
797,661,67,78
796,660,67,78
795,658,67,78
794,657,69,78
792,657,69,78
791,657,69,78
790,657,69,78
788,657,69,78
787,657,69,78
786,657,69,78
784,657,69,78
783,657,69,78
782,657,69,78
781,657,70,80
780,657,70,80
780,657,70,80
779,657,70,80
779,657,70,80
779,657,70,80
778,657,70,80
778,657,70,80
777,657,70,80
777,657,70,80
777,657,72,84
784,655,72,84
791,654,72,84
798,653,72,84
805,651,72,84
813,650,72,84
820,649,72,84
827,647,72,84
834,646,72,84
841,645,72,84
849,644,80,83
853,640,80,83
858,637,80,83
862,634,80,83
867,631,80,83
871,628,80,83
876,624,80,83
880,621,80,83
885,618,80,83
889,615,80,83
894,612,74,89
892,615,74,89
891,619,74,89
890,622,74,89
889,626,74,89
888,630,74,89
887,633,74,89
886,637,74,89
885,640,74,89
884,644,74,89
883,648,80,89
882,651,80,89
881,655,80,89
880,659,80,89
879,662,80,89
878,666,80,89
877,670,80,89
876,673,80,89
875,677,80,89
874,681,80,89
873,685,76,86
872,687,76,86
872,690,76,86
871,692,76,86
871,695,76,86
870,698,76,86
870,700,76,86
869,703,76,86
869,705,76,86
868,708,76,86
868,711,78,89
867,712,78,89
866,713,78,89
865,714,78,89
865,715,78,89
864,716,78,89
863,717,78,89
863,718,78,89
862,719,78,89
861,720,78,89
861,722,85,91
861,722,85,91
861,723,85,91
861,723,85,91
861,724,85,91
861,725,85,91
861,725,85,91
861,726,85,91
861,726,85,91
861,727,85,91
861,728,81,92
860,728,81,92
859,729,81,92
859,730,81,92
858,730,81,92
858,731,81,92
857,732,81,92
856,732,81,92
856,733,81,92
855,734,81,92
855,735,83,91
855,735,83,91
855,735,83,91
856,736,83,91
856,736,83,91
857,737,83,91
857,737,83,91
857,737,83,91
858,738,83,91
858,738,83,91
859,739,76,94
858,739,76,94
858,739,76,94
858,739,76,94
858,739,76,94
858,739,76,94
857,739,76,94
857,739,76,94
857,739,76,94
857,739,76,94
857,739,80,94
856,739,80,94
856,739,80,94
856,739,80,94
856,740,80,94
856,740,80,94
855,740,80,94
855,741,80,94
855,741,80,94
855,741,80,94
855,742,82,91
854,740,82,91
854,739,82,91
853,737,82,91
853,736,82,91
852,734,82,91
852,733,82,91
851,731,82,91
851,730,82,91
850,728,82,91
850,727,78,93
848,715,78,93
846,704,78,93
844,693,78,93
842,682,78,93
840,671,78,93
838,660,78,93
836,649,78,93
834,638,78,93
832,627,78,93
831,616,87,91
831,615,87,91
831,615,87,91
831,615,87,91
831,615,87,91
831,615,87,91
831,615,87,91
831,615,87,91
831,615,87,91
831,615,87,91
831,615,85,94
830,615,85,94
830,615,85,94
830,615,85,94
830,615,85,94
830,615,85,94
829,615,85,94
829,615,85,94
829,615,85,94
829,615,85,94
829,616,87,91
828,616,87,91
828,616,87,91
828,616,87,91
828,616,87,91
828,616,87,91
827,616,87,91
827,616,87,91
827,616,87,91
827,616,87,91
827,616,87,97
826,616,87,97
826,616,87,97
826,616,87,97
825,616,87,97
825,616,87,97
825,616,87,97
824,616,87,97
824,616,87,97
824,616,87,97
824,616,90,95
824,616,90,95
824,616,90,95
824,616,90,95
824,616,90,95
824,617,90,95
824,617,90,95
824,617,90,95
824,617,90,95
824,617,90,95
825,618,89,93
825,618,89,93
825,618,89,93
825,618,89,93
825,618,89,93
825,618,89,93
825,618,89,93
825,618,89,93
825,618,89,93
825,618,89,93
825,618,89,95
824,616,89,95
824,615,89,95
824,614,89,95
823,613,89,95
823,612,89,95
823,611,89,95
822,610,89,95
822,609,89,95
822,608,89,95
822,607,91,100
822,605,91,100
822,604,91,100
822,603,91,100
822,601,91,100
822,600,91,100
822,599,91,100
822,597,91,100
822,596,91,100
822,595,91,100
822,594,91,98
822,592,91,98
822,591,91,98
822,589,91,98
822,588,91,98
822,586,91,98
822,585,91,98
822,583,91,98
822,582,91,98
822,580,91,98
822,579,89,97
822,577,89,97
822,576,89,97
822,575,89,97
823,573,89,97
823,572,89,97
823,571,89,97
824,569,89,97
824,568,89,97
824,567,89,97
825,566,89,95
827,564,89,95
830,562,89,95
833,561,89,95
836,559,89,95
839,558,89,95
841,556,89,95
844,554,89,95
847,553,89,95
850,551,89,95
853,550,97,96
856,548,97,96
860,547,97,96
863,546,97,96
867,544,97,96
870,543,97,96
874,542,97,96
877,540,97,96
881,539,97,96
884,538,97,96
888,537,95,98
888,535,95,98
888,534,95,98
888,533,95,98
888,531,95,98
888,530,95,98
888,529,95,98
888,527,95,98
888,526,95,98
888,525,95,98
888,524,93,98
888,523,93,98
888,522,93,98
888,521,93,98
888,520,93,98
888,520,93,98
888,519,93,98
888,518,93,98
888,517,93,98
888,516,93,98
888,516,93,97
888,515,93,97
888,515,93,97
888,514,93,97
888,514,93,97
888,513,93,97
888,513,93,97
888,512,93,97
888,512,93,97
888,511,93,97
888,511,93,98
888,510,93,98
888,510,93,98
888,510,93,98
888,510,93,98
889,510,93,98
889,509,93,98
889,509,93,98
889,509,93,98
889,509,93,98
890,509,91,98
890,509,91,98
890,509,91,98
890,509,91,98
890,509,91,98
890,510,91,98
890,510,91,98
890,510,91,98
890,510,91,98
890,510,91,98
890,511,95,96
890,511,95,96
890,511,95,96
891,511,95,96
891,511,95,96
892,511,95,96
892,511,95,96
892,511,95,96
893,511,95,96
893,511,95,96
894,511,91,96
893,510,91,96
893,510,91,96
893,510,91,96
893,510,91,96
893,510,91,96
892,509,91,96
892,509,91,96
892,509,91,96
892,509,91,96
892,509,93,100
892,509,93,100
892,509,93,100
892,509,93,100
892,509,93,100
893,510,93,100
893,510,93,100
893,510,93,100
893,510,93,100
893,510,93,100
894,511,94,96
893,511,94,96
893,511,94,96
893,511,94,96
893,511,94,96
893,511,94,96
892,511,94,96
892,511,94,96
892,511,94,96
892,511,94,96
892,511,96,98
892,511,96,98
892,511,96,98
892,511,96,98
892,511,96,98
893,511,96,98
893,511,96,98
893,511,96,98
893,511,96,98
893,511,96,98
894,511,94,98
893,511,94,98
893,511,94,98
893,511,94,98
893,511,94,98
893,512,94,98
892,512,94,98
892,512,94,98
892,512,94,98
892,512,94,98
892,513,96,96
891,512,96,96
891,512,96,96
890,512,96,96
890,512,96,96
890,512,96,96
889,511,96,96
889,511,96,96
888,511,96,96
888,511,96,96
888,511,99,96
887,510,99,96
887,510,99,96
887,510,99,96
887,510,99,96
887,510,99,96
887,509,99,96
887,509,99,96
887,509,99,96
887,509,99,96
887,509,94,98
887,509,94,98
887,509,94,98
887,509,94,98
887,509,94,98
887,510,94,98
887,510,94,98
887,510,94,98
887,510,94,98
887,510,94,98
887,511,94,96
886,510,94,96
886,510,94,96
886,510,94,96
886,510,94,96
886,510,94,96
885,509,94,96
885,509,94,96
885,509,94,96
885,509,94,96
885,509,96,96
885,508,96,96
885,508,96,96
885,508,96,96
885,508,96,96
886,508,96,96
886,507,96,96
886,507,96,96
886,507,96,96
886,507,96,96
887,507,94,100
887,507,94,100
887,507,94,100
887,508,94,100
888,508,94,100
888,509,94,100
888,509,94,100
889,509,94,100
889,510,94,100
889,510,94,100
890,511,95,94
890,510,95,94
890,510,95,94
890,510,95,94
890,510,95,94
891,510,95,94
891,509,95,94
891,509,95,94
891,509,95,94
891,509,95,94
892,509,96,96
892,509,96,96
892,509,96,96
892,509,96,96
892,509,96,96
893,510,96,96
893,510,96,96
893,510,96,96
893,510,96,96
893,510,96,96
894,511,96,98
894,511,96,98
895,511,96,98
896,511,96,98
896,511,96,98
897,511,96,98
898,511,96,98
898,511,96,98
899,511,96,98
900,511,96,98
901,511,93,98
901,511,93,98
901,511,93,98
901,511,93,98
901,511,93,98
902,511,93,98
902,511,93,98
902,511,93,98
902,511,93,98
902,511,93,98
903,511,93,100
903,511,93,100
903,511,93,100
903,512,93,100
903,512,93,100
904,513,93,100
904,513,93,100
904,513,93,100
904,514,93,100
904,514,93,100
905,515,93,98
905,514,93,98
905,514,93,98
905,513,93,98
905,513,93,98
905,513,93,98
905,512,93,98
905,512,93,98
905,511,93,98
905,511,93,98
905,511,96,100
904,511,96,100
904,511,96,100
904,511,96,100
904,511,96,100
904,511,96,100
903,511,96,100
903,511,96,100
903,511,96,100
903,511,96,100
903,511,93,96
903,510,93,96
903,510,93,96
903,510,93,96
903,510,93,96
904,510,93,96
904,509,93,96
904,509,93,96
904,509,93,96
904,509,93,96
905,509,95,96
905,508,95,96
905,508,95,96
905,508,95,96
905,508,95,96
906,508,95,96
906,507,95,96
906,507,95,96
906,507,95,96
906,507,95,96
907,507,93,98
907,507,93,98
907,507,93,98
907,507,93,98
907,507,93,98
908,508,93,98
908,508,93,98
908,508,93,98
908,508,93,98
908,508,93,98
909,509,94,100
909,508,94,100
909,508,94,100
909,508,94,100
909,508,94,100
910,508,94,100
910,507,94,100
910,507,94,100
910,507,94,100
910,507,94,100
911,507,90,98
911,507,90,98
911,507,90,98
911,507,90,98
912,507,90,98
912,507,90,98
912,507,90,98
913,507,90,98
913,507,90,98
913,507,90,98
914,507,89,98
913,507,89,98
913,507,89,98
913,508,89,98
912,508,89,98
912,509,89,98
912,509,89,98
911,509,89,98
911,510,89,98
911,510,89,98
911,511,96,96
910,510,96,96
909,510,96,96
909,510,96,96
908,510,96,96
908,510,96,96
907,509,96,96
906,509,96,96
906,509,96,96
905,509,96,96
905,509,96,96
905,509,96,96
905,509,96,96
906,509,96,96
906,509,96,96
907,510,96,96
907,510,96,96
907,510,96,96
908,510,96,96
908,510,96,96
909,511,92,98
908,510,92,98
908,510,92,98
908,510,92,98
908,510,92,98
908,510,92,98
907,509,92,98
907,509,92,98
907,509,92,98
907,509,92,98
907,509,94,98
907,509,94,98
908,509,94,98
908,509,94,98
909,509,94,98
910,510,94,98
910,510,94,98
911,510,94,98
911,510,94,98
912,510,94,98
913,511,90,98
912,510,90,98
912,510,90,98
912,510,90,98
912,510,90,98
912,510,90,98
911,509,90,98
911,509,90,98
911,509,90,98
911,509,90,98
911,509,96,100
911,509,96,100
911,509,96,100
911,509,96,100
911,509,96,100
912,510,96,100
912,510,96,100
912,510,96,100
912,510,96,100
912,510,96,100
913,511,94,96
913,511,94,96
913,511,94,96
913,511,94,96
913,511,94,96
913,511,94,96
913,511,94,96
913,511,94,96
913,511,94,96
913,511,94,96
913,511,96,96
913,510,96,96
914,510,96,96
914,510,96,96
915,510,96,96
915,510,96,96
916,509,96,96
916,509,96,96
917,509,96,96
917,509,96,96
918,509,91,100
917,509,91,100
917,509,91,100
917,510,91,100
917,510,91,100
917,511,91,100
916,511,91,100
916,511,91,100
916,512,91,100
916,512,91,100
916,513,97,96
916,513,97,96
917,513,97,96
917,513,97,96
918,513,97,96
919,513,97,96
919,513,97,96
920,513,97,96
920,513,97,96
921,513,97,96
922,513,94,96
922,501,94,96
922,490,94,96
922,479,94,96
923,467,94,96
923,456,94,96
923,445,94,96
924,433,94,96
924,422,94,96
924,411,94,96
925,400,88,85
921,400,88,85
918,401,88,85
915,401,88,85
912,402,88,85
909,402,88,85
906,403,88,85
903,403,88,85
900,404,88,85
897,404,88,85
894,405,89,91
892,406,89,91
891,407,89,91
890,408,89,91
888,409,89,91
887,410,89,91
886,411,89,91
884,412,89,91
883,413,89,91
882,414,89,91
881,416,87,87
879,417,87,87
878,418,87,87
876,419,87,87
875,420,87,87
873,421,87,87
872,422,87,87
870,423,87,87
869,424,87,87
867,425,87,87
866,426,89,89
865,427,89,89
864,428,89,89
863,429,89,89
862,430,89,89
861,431,89,89
860,432,89,89
859,433,89,89
858,434,89,89
857,435,89,89
857,437,89,89
856,438,89,89
855,439,89,89
854,440,89,89
853,441,89,89
852,442,89,89
851,443,89,89
850,444,89,89
849,445,89,89
848,446,89,89
848,448,94,87
848,449,94,87
848,450,94,87
848,451,94,87
848,453,94,87
848,454,94,87
848,455,94,87
848,457,94,87
848,458,94,87
848,459,94,87
848,461,92,89
847,462,92,89
847,463,92,89
846,464,92,89
846,466,92,89
846,467,92,89
845,468,92,89
845,470,92,89
844,471,92,89
844,472,92,89
844,474,98,89
843,475,98,89
843,477,98,89
843,478,98,89
843,480,98,89
843,481,98,89
842,483,98,89
842,484,98,89
842,486,98,89
842,487,98,89
842,489,96,94
841,490,96,94
840,492,96,94
839,493,96,94
839,495,96,94
838,497,96,94
837,498,96,94
837,500,96,94
836,501,96,94
835,503,96,94
835,505,103,91
834,506,103,91
834,508,103,91
833,509,103,91
833,511,103,91
833,512,103,91
832,514,103,91
832,515,103,91
831,517,103,91
831,518,103,91
831,520,106,95
830,521,106,95
830,523,106,95
830,525,106,95
830,526,106,95
830,528,106,95
829,530,106,95
829,531,106,95
829,533,106,95
829,535,106,95
829,537,106,94
829,538,106,94
829,539,106,94
830,540,106,94
830,542,106,94
831,543,106,94
831,544,106,94
831,546,106,94
832,547,106,94
832,548,106,94
833,550,104,96
833,551,104,96
833,552,104,96
833,553,104,96
833,554,104,96
834,555,104,96
834,556,104,96
834,557,104,96
834,558,104,96
834,559,104,96
835,561,103,94
835,561,103,94
835,562,103,94
835,562,103,94
836,563,103,94
836,563,103,94
836,564,103,94
837,564,103,94
837,565,103,94
837,565,103,94
838,566,104,97
838,566,104,97
838,566,104,97
839,567,104,97
839,567,104,97
840,568,104,97
840,568,104,97
840,568,104,97
841,569,104,97
841,569,104,97
842,570,106,93
842,570,106,93
842,570,106,93
842,570,106,93
842,570,106,93
842,570,106,93
842,570,106,93
842,570,106,93
842,570,106,93
842,570,106,93
842,570,111,96
842,570,111,96
843,570,111,96
843,570,111,96
844,570,111,96
845,571,111,96
845,571,111,96
846,571,111,96
846,571,111,96
847,571,111,96
848,572,107,93
848,571,107,93
849,571,107,93
849,570,107,93
850,570,107,93
850,570,107,93
851,569,107,93
851,569,107,93
852,568,107,93
852,568,107,93
853,568,104,91
853,567,104,91
853,567,104,91
854,567,104,91
854,567,104,91
855,567,104,91
855,566,104,91
855,566,104,91
856,566,104,91
856,566,104,91
857,566,106,89
857,565,106,89
858,565,106,89
859,564,106,89
859,564,106,89
860,563,106,89
861,563,106,89
861,562,106,89
862,562,106,89
863,561,106,89
864,561,102,89
864,560,102,89
865,559,102,89
865,558,102,89
866,557,102,89
867,557,102,89
867,556,102,89
868,555,102,89
868,554,102,89
869,553,102,89
870,553,105,91
870,551,105,91
870,550,105,91
871,549,105,91
871,548,105,91
872,547,105,91
872,546,105,91
872,545,105,91
873,544,105,91
873,543,105,91
874,542,103,93
874,541,103,93
875,541,103,93
875,540,103,93
876,540,103,93
876,539,103,93
877,539,103,93
877,538,103,93
878,538,103,93
878,537,103,93
879,537,106,91
879,536,106,91
880,535,106,91
881,535,106,91
882,534,106,91
883,534,106,91
884,533,106,91
885,532,106,91
886,532,106,91
887,531,106,91
888,531,100,89
888,530,100,89
889,529,100,89
890,528,100,89
891,528,100,89
892,527,100,89
892,526,100,89
893,526,100,89
894,525,100,89
895,524,100,89
896,524,104,89
896,523,104,89
897,523,104,89
898,522,104,89
898,522,104,89
899,522,104,89
900,521,104,89
900,521,104,89
901,520,104,89
902,520,104,89
903,520,102,87
904,519,102,87
905,519,102,87
906,518,102,87
907,518,102,87
908,517,102,87
909,517,102,87
910,516,102,87
911,516,102,87
912,515,102,87
913,515,100,88
913,515,100,88
914,515,100,88
914,515,100,88
915,515,100,88
915,515,100,88
916,515,100,88
916,515,100,88
917,515,100,88
917,515,100,88
918,516,106,86
919,515,106,86
921,515,106,86
922,515,106,86
924,515,106,86
925,515,106,86
927,515,106,86
928,515,106,86
930,515,106,86
931,515,106,86
933,515,100,90
933,515,100,90
934,515,100,90
935,515,100,90
936,515,100,90
937,515,100,90
938,515,100,90
939,515,100,90
940,515,100,90
941,515,100,90
942,515,104,87
943,515,104,87
944,515,104,87
945,515,104,87
947,515,104,87
948,515,104,87
949,515,104,87
951,515,104,87
952,515,104,87
953,515,104,87
955,516,102,87
955,516,102,87
956,516,102,87
957,516,102,87
958,516,102,87
959,516,102,87
960,516,102,87
961,516,102,87
962,516,102,87
963,516,102,87
964,516,97,89
964,516,97,89
965,516,97,89
965,517,97,89
966,517,97,89
967,518,97,89
967,518,97,89
968,518,97,89
968,519,97,89
969,519,97,89
970,520,107,85
971,520,107,85
973,520,107,85
975,520,107,85
977,520,107,85
979,521,107,85
980,521,107,85
982,521,107,85
984,521,107,85
986,521,107,85
988,522,99,91
989,522,99,91
990,523,99,91
991,523,99,91
992,524,99,91
993,525,99,91
994,525,99,91
995,526,99,91
996,526,99,91
997,527,99,91
998,528,98,87
998,528,98,87
999,528,98,87
1000,528,98,87
1000,529,98,87
1001,529,98,87
1002,529,98,87
1002,530,98,87
1003,530,98,87
1004,530,98,87
1005,531,100,89
1005,531,100,89
1006,532,100,89
1006,533,100,89
1007,534,100,89
1008,535,100,89
1008,535,100,89
1009,536,100,89
1009,537,100,89
1010,538,100,89
1011,539,98,92
1011,539,98,92
1012,540,98,92
1013,541,98,92
1013,542,98,92
1014,543,98,92
1015,544,98,92
1015,545,98,92
1016,546,98,92
1017,547,98,92
1018,548,98,92
1018,549,98,92
1018,550,98,92
1019,551,98,92
1019,552,98,92
1020,553,98,92
1020,554,98,92
1020,555,98,92
1021,556,98,92
1021,557,98,92
1022,559,102,91
1022,560,102,91
1022,561,102,91
1022,562,102,91
1022,563,102,91
1023,564,102,91
1023,565,102,91
1023,566,102,91
1023,567,102,91
1023,568,102,91
1024,570,101,95
1024,571,101,95
1024,572,101,95
1024,573,101,95
1024,575,101,95
1024,576,101,95
1024,577,101,95
1024,579,101,95
1024,580,101,95
1024,581,101,95
1025,583,106,95
1024,584,106,95
1024,586,106,95
1024,587,106,95
1023,589,106,95
1023,590,106,95
1023,592,106,95
1022,593,106,95
1022,595,106,95
1022,596,106,95
1022,598,105,92
1021,599,105,92
1020,601,105,92
1019,602,105,92
1018,604,105,92
1018,605,105,92
1017,607,105,92
1016,608,105,92
1015,610,105,92
1014,611,105,92
1014,613,102,96
1013,614,102,96
1012,616,102,96
1011,617,102,96
1010,619,102,96
1009,620,102,96
1008,622,102,96
1007,623,102,96
1006,625,102,96
1005,626,102,96
1005,628,104,96
1004,629,104,96
1003,631,104,96
1002,632,104,96
1002,634,104,96
1001,636,104,96
1000,637,104,96
1000,639,104,96
999,640,104,96
998,642,104,96
998,644,103,96
997,645,103,96
996,647,103,96
995,649,103,96
994,651,103,96
993,653,103,96
992,655,103,96
991,657,103,96
990,659,103,96
989,661,103,96
988,663,108,96
988,663,108,96
988,664,108,96
988,665,108,96
988,666,108,96
989,667,108,96
989,668,108,96
989,669,108,96
989,670,108,96
989,671,108,96
990,672,104,100
989,672,104,100
989,672,104,100
989,672,104,100
989,672,104,100
989,672,104,100
988,672,104,100
988,672,104,100
988,672,104,100
988,672,104,100
988,672,104,100
987,672,104,100
987,672,104,100
987,672,104,100
987,672,104,100
987,672,104,100
987,672,104,100
987,672,104,100
987,672,104,100
987,672,104,100
987,672,109,96
987,671,109,96
987,670,109,96
987,669,109,96
988,668,109,96
988,667,109,96
988,666,109,96
989,665,109,96
989,664,109,96
989,663,109,96
990,663,102,102
989,661,102,102
988,660,102,102
987,659,102,102
987,658,102,102
986,657,102,102
985,656,102,102
985,655,102,102
984,654,102,102
983,653,102,102
983,652,104,101
981,651,104,101
980,650,104,101
979,649,104,101
978,648,104,101
977,647,104,101
976,646,104,101
975,645,104,101
974,644,104,101
973,643,104,101
972,642,105,102
965,648,105,102
959,654,105,102
952,660,105,102
946,666,105,102
939,672,105,102
933,678,105,102
926,684,105,102
920,690,105,102
913,696,105,102
907,702,85,109
906,703,85,109
905,704,85,109
905,705,85,109
904,707,85,109
904,708,85,109
903,709,85,109
902,711,85,109
902,712,85,109
901,713,85,109
901,715,82,111
900,716,82,111
900,717,82,111
900,718,82,111
900,719,82,111
900,720,82,111
900,721,82,111
900,722,82,111
900,723,82,111
900,724,82,111
900,726,81,109
899,726,81,109
898,727,81,109
898,728,81,109
897,729,81,109
897,730,81,109
896,731,81,109
895,732,81,109
895,733,81,109
894,734,81,109
894,735,83,113
893,736,83,113
893,737,83,113
893,738,83,113
893,740,83,113
893,741,83,113
892,742,83,113
892,744,83,113
892,745,83,113
892,746,83,113
892,748,78,115
892,748,78,115
892,748,78,115
892,749,78,115
892,749,78,115
893,750,78,115
893,750,78,115
893,750,78,115
893,751,78,115
893,751,78,115
894,752,78,116
894,752,78,116
894,753,78,116
894,754,78,116
894,754,78,116
895,755,78,116
895,756,78,116
895,756,78,116
895,757,78,116
895,758,78,116
896,759,87,115
896,759,87,115
897,760,87,115
897,761,87,115
898,762,87,115
898,763,87,115
899,764,87,115
899,765,87,115
900,766,87,115
900,767,87,115
901,768,82,111
901,768,82,111
901,768,82,111
901,768,82,111
901,768,82,111
901,769,82,111
901,769,82,111
901,769,82,111
901,769,82,111
901,769,82,111
901,770,82,119
902,770,82,119
903,770,82,119
904,770,82,119
905,770,82,119
907,771,82,119
908,771,82,119
909,771,82,119
910,771,82,119
911,771,82,119
913,772,74,117
914,772,74,117
915,772,74,117
916,772,74,117
917,772,74,117
918,773,74,117
919,773,74,117
920,773,74,117
921,773,74,117
922,773,74,117
924,774,77,115
924,774,77,115
925,774,77,115
926,774,77,115
927,774,77,115
928,774,77,115
929,774,77,115
930,774,77,115
931,774,77,115
932,774,77,115
933,774,81,116
933,773,81,116
933,773,81,116
933,772,81,116
933,772,81,116
934,772,81,116
934,771,81,116
934,771,81,116
934,770,81,116
934,770,81,116
935,770,79,119
934,769,79,119
933,769,79,119
933,768,79,119
932,768,79,119
932,768,79,119
931,767,79,119
930,767,79,119
930,766,79,119
929,766,79,119
929,766,78,119
929,765,78,119
929,765,78,119
929,765,78,119
929,764,78,119
930,764,78,119
930,764,78,119
930,763,78,119
930,763,78,119
930,763,78,119
931,763,76,116
931,762,76,116
931,762,76,116
932,761,76,116
932,761,76,116
933,761,76,116
933,760,76,116
933,760,76,116
934,759,76,116
934,759,76,116
935,759,72,115
934,758,72,115
934,758,72,115
933,757,72,115
933,757,72,115
933,757,72,115
932,756,72,115
932,756,72,115
931,755,72,115
931,755,72,115
931,755,80,117
931,754,80,117
931,754,80,117
931,753,80,117
931,753,80,117
932,752,80,117
932,752,80,117
932,751,80,117
932,751,80,117
932,750,80,117
933,750,76,116
932,749,76,116
932,749,76,116
931,748,76,116
931,748,76,116
931,748,76,116
930,747,76,116
930,747,76,116
929,746,76,116
929,746,76,116
929,746,82,117
929,745,82,117
929,745,82,117
929,745,82,117
929,745,82,117
929,745,82,117
929,744,82,117
929,744,82,117
929,744,82,117
929,744,82,117
929,744,78,115
929,743,78,115
929,742,78,115
929,741,78,115
929,741,78,115
930,740,78,115
930,739,78,115
930,739,78,115
930,738,78,115
930,737,78,115
931,737,78,118
931,736,78,118
931,735,78,118
932,734,78,118
932,733,78,118
933,733,78,118
933,732,78,118
933,731,78,118
934,730,78,118
934,729,78,118
935,729,76,119
935,728,76,119
935,727,76,119
935,726,76,119
935,726,76,119
935,725,76,119
935,724,76,119
935,724,76,119
935,723,76,119
935,722,76,119
935,722,76,120
934,721,76,120
934,720,76,120
933,720,76,120
933,719,76,120
933,719,76,120
932,718,76,120
932,717,76,120
931,717,76,120
931,716,76,120
931,716,76,119
931,714,76,119
931,713,76,119
932,712,76,119
932,711,76,119
933,710,76,119
933,709,76,119
933,708,76,119
934,707,76,119
934,706,76,119
935,705,70,119
934,704,70,119
934,703,70,119
933,702,70,119
933,701,70,119
933,700,70,119
932,699,70,119
932,698,70,119
931,697,70,119
931,696,70,119
931,696,78,117
931,695,78,117
931,694,78,117
931,693,78,117
931,693,78,117
932,692,78,117
932,691,78,117
932,691,78,117
932,690,78,117
932,689,78,117
933,689,76,114
933,688,76,114
933,687,76,114
933,686,76,114
933,685,76,114
933,685,76,114
933,684,76,114
933,683,76,114
933,682,76,114
933,681,76,114
933,681,74,119
933,680,74,119
933,679,74,119
933,678,74,119
933,677,74,119
934,676,74,119
934,675,74,119
934,674,74,119
934,673,74,119
934,672,74,119
935,672,74,122
935,671,74,122
935,670,74,122
935,669,74,122
935,669,74,122
935,668,74,122
935,667,74,122
935,667,74,122
935,666,74,122
935,665,74,122
935,665,76,122
935,664,76,122
935,664,76,122
935,664,76,122
935,664,76,122
936,664,76,122
936,663,76,122
936,663,76,122
936,663,76,122
936,663,76,122
937,663,77,116
937,662,77,116
937,662,77,116
937,661,77,116
937,661,77,116
937,661,77,116
937,660,77,116
937,660,77,116
937,659,77,116
937,659,77,116
937,659,79,117
937,658,79,117
938,657,79,117
939,656,79,117
939,656,79,117
940,655,79,117
941,654,79,117
941,654,79,117
942,653,79,117
943,652,79,117
944,652,76,118
944,651,76,118
944,651,76,118
945,651,76,118
945,651,76,118
946,651,76,118
946,650,76,118
946,650,76,118
947,650,76,118
947,650,76,118
948,650,77,115
948,649,77,115
948,649,77,115
948,648,77,115
949,648,77,115
949,648,77,115
949,647,77,115
950,647,77,115
950,646,77,115
950,646,77,115
951,646,78,117
951,645,78,117
951,644,78,117
952,644,78,117
952,643,78,117
953,643,78,117
953,642,78,117
953,641,78,117
954,641,78,117
954,640,78,117
955,640,76,119
955,639,76,119
956,639,76,119
956,639,76,119
957,638,76,119
958,638,76,119
958,638,76,119
959,637,76,119
959,637,76,119
960,637,76,119
961,637,76,118
961,636,76,118
961,635,76,118
961,635,76,118
961,634,76,118
962,634,76,118
962,633,76,118
962,632,76,118
962,632,76,118
962,631,76,118
963,631,79,119
963,630,79,119
964,629,79,119
964,628,79,119
965,628,79,119
965,627,79,119
966,626,79,119
966,626,79,119
967,625,79,119
967,624,79,119
968,624,76,118
968,623,76,118
968,622,76,118
969,621,76,118
969,620,76,118
970,620,76,118
970,619,76,118
970,618,76,118
971,617,76,118
971,616,76,118
972,616,76,117
972,615,76,117
972,614,76,117
972,613,76,117
973,612,76,117
973,611,76,117
973,610,76,117
974,609,76,117
974,608,76,117
974,607,76,117
975,607,75,121
974,606,75,121
974,606,75,121
974,605,75,121
974,605,75,121
974,604,75,121
974,604,75,121
974,603,75,121
974,603,75,121
974,602,75,121
974,602,79,114
974,601,79,114
974,600,79,114
974,599,79,114
975,598,79,114
975,598,79,114
975,597,79,114
976,596,79,114
976,595,79,114
976,594,79,114
977,594,74,115
977,593,74,115
977,592,74,115
977,591,74,115
977,591,74,115
977,590,74,115
977,589,74,115
977,589,74,115
977,588,74,115
977,587,74,115
977,587,84,118
977,587,84,118
978,587,84,118
978,587,84,118
979,587,84,118
980,587,84,118
980,587,84,118
981,587,84,118
981,587,84,118
982,587,84,118
983,587,74,118
983,587,74,118
983,587,74,118
983,587,74,118
983,588,74,118
984,588,74,118
984,588,74,118
984,589,74,118
984,589,74,118
984,589,74,118
985,590,74,117
984,590,74,117
984,590,74,117
984,591,74,117
984,591,74,117
984,592,74,117
983,592,74,117
983,592,74,117
983,593,74,117
983,593,74,117
983,594,80,119
983,594,80,119
983,595,80,119
983,595,80,119
983,596,80,119
984,597,80,119
984,597,80,119
984,598,80,119
984,598,80,119
984,599,80,119
985,600,81,116
985,600,81,116
985,601,81,116
985,601,81,116
985,602,81,116
986,602,81,116
986,603,81,116
986,603,81,116
986,604,81,116
986,604,81,116
987,605,79,121
987,606,79,121
987,607,79,121
987,608,79,121
987,609,79,121
987,610,79,121
987,611,79,121
987,612,79,121
987,613,79,121
987,614,79,121
988,615,82,120
988,615,82,120
989,616,82,120
989,616,82,120
990,617,82,120
991,617,82,120
991,618,82,120
992,618,82,120
992,619,82,120
993,619,82,120
994,620,80,122
994,621,80,122
994,622,80,122
994,623,80,122
994,624,80,122
994,625,80,122
994,626,80,122
994,627,80,122
994,628,80,122
994,629,80,122
994,631,83,121
994,631,83,121
994,632,83,121
995,633,83,121
995,634,83,121
996,635,83,121
996,636,83,121
996,637,83,121
997,638,83,121
997,639,83,121
998,640,81,125
999,641,81,125
1001,643,81,125
1002,645,81,125
1004,646,81,125
1005,648,81,125
1007,650,81,125
1008,651,81,125
1010,653,81,125
1011,655,81,125
1013,657,88,165
1013,657,88,165
1013,657,88,165
1013,658,88,165
1013,658,88,165
1013,659,88,165
1013,659,88,165
1013,659,88,165
1013,660,88,165
1013,660,88,165
1013,661,92,167
1013,661,92,167
1014,661,92,167
1014,661,92,167
1015,661,92,167
1015,661,92,167
1016,661,92,167
1016,661,92,167
1017,661,92,167
1017,661,92,167
1018,661,91,170
1018,661,91,170
1018,662,91,170
1018,662,91,170
1018,663,91,170
1019,663,91,170
1019,664,91,170
1019,664,91,170
1019,665,91,170
1019,665,91,170
1020,666,91,167
1020,666,91,167
1020,666,91,167
1021,666,91,167
1021,666,91,167
1022,667,91,167
1022,667,91,167
1022,667,91,167
1023,667,91,167
1023,667,91,167
1024,668,89,171
1024,667,89,171
1024,667,89,171
1024,667,89,171
1024,667,89,171
1024,667,89,171
1024,666,89,171
1024,666,89,171
1024,666,89,171
1024,666,89,171
1024,666,92,171
1024,665,92,171
1024,665,92,171
1024,665,92,171
1024,665,92,171
1024,665,92,171
1024,665,92,171
1024,665,92,171
1024,665,92,171
1024,665,92,171
1025,665,91,168
1025,665,91,168
1025,665,91,168
1025,665,91,168
1025,665,91,168
1025,665,91,168
1025,665,91,168
1025,665,91,168
1025,665,91,168
1025,665,91,168
1025,666,91,171
1024,666,91,171
1024,666,91,171
1024,666,91,171
1024,666,91,171
1024,666,91,171
1024,666,91,171
1024,666,91,171
1024,666,91,171
1024,666,91,171
1024,666,89,173
1024,666,89,173
1024,666,89,173
1024,666,89,173
1024,666,89,173
1024,667,89,173
1024,667,89,173
1024,667,89,173
1024,667,89,173
1024,667,89,173
1024,668,92,169
1024,668,92,169
1024,668,92,169
1024,668,92,169
1024,668,92,169
1024,669,92,169
1024,669,92,169
1024,669,92,169
1024,669,92,169
1024,669,92,169
1024,670,90,169
1023,670,90,169
1023,670,90,169
1023,671,90,169
1023,671,90,169
1023,672,90,169
1022,672,90,169
1022,672,90,169
1022,673,90,169
1022,673,90,169
1022,674,94,166
1022,674,94,166
1022,674,94,166
1022,674,94,166
1022,674,94,166
1022,674,94,166
1022,674,94,166
1022,674,94,166
1022,674,94,166
1022,674,94,166
1022,674,92,168
1022,674,92,168
1022,674,92,168
1022,674,92,168
1022,674,92,168
1023,674,92,168
1023,674,92,168
1023,674,92,168
1023,674,92,168
1023,674,92,168
1024,674,94,172
1024,674,94,172
1024,674,94,172
1024,674,94,172
1024,674,94,172
1024,675,94,172
1024,675,94,172
1024,675,94,172
1024,675,94,172
1024,675,94,172
1024,676,92,164
1024,675,92,164
1024,674,92,164
1024,674,92,164
1024,673,92,164
1024,673,92,164
1024,672,92,164
1024,671,92,164
1024,671,92,164
1024,670,92,164
1024,670,94,172
1023,669,94,172
1023,669,94,172
1023,669,94,172
1023,669,94,172
1023,669,94,172
1022,668,94,172
1022,668,94,172
1022,668,94,172
1022,668,94,172
1022,668,92,169
1021,668,92,169
1021,668,92,169
1021,668,92,169
1021,668,92,169
1021,668,92,169
1020,668,92,169
1020,668,92,169
1020,668,92,169
1020,668,92,169
1020,668,93,171
1020,667,93,171
1020,667,93,171
1020,667,93,171
1020,666,93,171
1020,666,93,171
1020,666,93,171
1020,665,93,171
1020,665,93,171
1020,665,93,171
1020,665,93,172
1020,665,93,172
1020,665,93,172
1020,665,93,172
1020,665,93,172
1020,665,93,172
1020,665,93,172
1020,665,93,172
1020,665,93,172
1020,665,93,172
1020,665,91,168
1020,665,91,168
1020,665,91,168
1020,665,91,168
1020,665,91,168
1020,665,91,168
1020,665,91,168
1020,665,91,168
1020,665,91,168
1020,665,91,168
1020,665,93,168
1020,665,93,168
1020,665,93,168
1020,665,93,168
1020,665,93,168
1020,665,93,168
1020,665,93,168
1020,665,93,168
1020,665,93,168
1020,665,93,168
1020,666,94,167
1020,666,94,167
1020,666,94,167
1020,666,94,167
1020,666,94,167
1020,667,94,167
1020,667,94,167
1020,667,94,167
1020,667,94,167
1020,667,94,167
1020,668,91,169
1020,668,91,169
1020,668,91,169
1020,668,91,169
1020,668,91,169
1021,669,91,169
1021,669,91,169
1021,669,91,169
1021,669,91,169
1021,669,91,169
1022,670,94,170
1022,670,94,170
1022,670,94,170
1022,671,94,170
1022,671,94,170
1022,672,94,170
1022,672,94,170
1022,672,94,170
1022,673,94,170
1022,673,94,170
1022,674,92,168
1022,674,92,168
1022,674,92,168
1022,674,92,168
1022,674,92,168
1022,674,92,168
1022,674,92,168
1022,674,92,168
1022,674,92,168
1022,674,92,168
1022,674,94,170
1022,674,94,170
1022,674,94,170
1022,675,94,170
1022,675,94,170
1023,676,94,170
1023,676,94,170
1023,676,94,170
1023,677,94,170
1023,677,94,170
1024,678,90,166
1024,677,90,166
1024,677,90,166
1024,677,90,166
1024,677,90,166
1024,677,90,166
1024,676,90,166
1024,676,90,166
1024,676,90,166
1024,676,90,166
1025,676,89,168
1025,675,89,168
1025,675,89,168
1025,674,89,168
1025,674,89,168
1025,674,89,168
1025,673,89,168
1025,673,89,168
1025,672,89,168
1025,672,89,168
1025,672,93,170
1024,671,93,170
1024,671,93,170
1023,671,93,170
1023,671,93,170
1022,671,93,170
1022,670,93,170
1021,670,93,170
1021,670,93,170
1020,670,93,170
1020,670,96,170
1019,670,96,170
1019,670,96,170
1019,670,96,170
1019,670,96,170
1019,670,96,170
1018,670,96,170
1018,670,96,170
1018,670,96,170
1018,670,96,170
1018,670,95,170
1018,670,95,170
1019,670,95,170
1019,670,95,170
1020,670,95,170
1021,670,95,170
1021,670,95,170
1022,670,95,170
1022,670,95,170
1023,670,95,170
1024,670,94,170
1024,670,94,170
1024,670,94,170
1024,670,94,170
1024,670,94,170
1024,670,94,170
1024,670,94,170
1024,670,94,170
1024,670,94,170
1024,670,94,170
1025,670,95,167
1025,669,95,167
1025,669,95,167
1025,669,95,167
1025,669,95,167
1025,669,95,167
1025,668,95,167
1025,668,95,167
1025,668,95,167
1025,668,95,167
1025,668,91,172
1025,668,91,172
1025,668,91,172
1025,668,91,172
1025,668,91,172
1025,669,91,172
1025,669,91,172
1025,669,91,172
1025,669,91,172
1025,669,91,172
1025,670,93,167
1025,670,93,167
1025,670,93,167
1025,670,93,167
1025,670,93,167
1026,670,93,167
1026,670,93,167
1026,670,93,167
1026,670,93,167
1026,670,93,167
1027,670,95,167
1026,670,95,167
1026,670,95,167
1026,670,95,167
1026,670,95,167
1026,670,95,167
1025,670,95,167
1025,670,95,167
1025,670,95,167
1025,670,95,167
1025,670,95,170
1025,669,95,170
1025,669,95,170
1025,668,95,170
1025,668,95,170
1025,668,95,170
1025,667,95,170
1025,667,95,170
1025,666,95,170
1025,666,95,170
1025,666,95,173
1025,666,95,173
1025,666,95,173
1025,666,95,173
1025,666,95,173
1025,667,95,173
1025,667,95,173
1025,667,95,173
1025,667,95,173
1025,667,95,173
1025,668,97,169
1024,668,97,169
1024,668,97,169
1024,668,97,169
1024,668,97,169
1024,668,97,169
1024,668,97,169
1024,668,97,169
1024,668,97,169
1024,668,97,169
1024,668,98,169
1024,668,98,169
1024,668,98,169
1024,668,98,169
1025,668,98,169
1025,669,98,169
1025,669,98,169
1026,669,98,169
1026,669,98,169
1026,669,98,169
1027,670,97,167
1026,669,97,167
1026,669,97,167
1026,669,97,167
1026,669,97,167
1026,669,97,167
1025,668,97,167
1025,668,97,167
1025,668,97,167
1025,668,97,167
1025,668,97,169
1024,667,97,169
1024,667,97,169
1024,667,97,169
1024,667,97,169
1024,667,97,169
1024,666,97,169
1024,666,97,169
1024,666,97,169
1024,666,97,169
1024,666,98,167
1024,665,98,167
1024,665,98,167
1024,665,98,167
1025,664,98,167
1025,664,98,167
1025,664,98,167
1026,663,98,167
1026,663,98,167
1026,663,98,167
1027,663,97,170
1027,662,97,170
1027,662,97,170
1027,662,97,170
1027,662,97,170
1028,662,97,170
1028,661,97,170
1028,661,97,170
1028,661,97,170
1028,661,97,170
1029,661,91,172
1028,661,91,172
1028,661,91,172
1028,661,91,172
1028,661,91,172
1028,662,91,172
1027,662,91,172
1027,662,91,172
1027,662,91,172
1027,662,91,172
1027,663,97,166
1027,663,97,166
1027,663,97,166
1028,663,97,166
1028,663,97,166
1029,664,97,166
1029,664,97,166
1029,664,97,166
1030,664,97,166
1030,664,97,166
1031,665,93,170
1031,665,93,170
1031,665,93,170
1031,665,93,170
1031,665,93,170
1031,665,93,170
1031,665,93,170
1031,665,93,170
1031,665,93,170
1031,665,93,170
1031,666,94,169
1031,666,94,169
1031,666,94,169
1031,666,94,169
1031,666,94,169
1032,666,94,169
1032,666,94,169
1032,666,94,169
1032,666,94,169
1032,666,94,169
1033,666,91,169
1033,666,91,169
1033,666,91,169
1033,666,91,169
1033,666,91,169
1033,666,91,169
1033,666,91,169
1033,666,91,169
1033,666,91,169
1033,666,91,169
1033,666,91,169
1032,665,91,169
1032,665,91,169
1032,665,91,169
1032,665,91,169
1032,665,91,169
1031,664,91,169
1031,664,91,169
1031,664,91,169
1031,664,91,169
1031,664,91,169
1030,664,91,169
1030,664,91,169
1029,664,91,169
1029,664,91,169
1029,664,91,169
1028,664,91,169
1028,664,91,169
1027,664,91,169
1027,664,91,169
1027,664,91,169
1027,664,91,169
1027,664,91,169
1027,664,91,169
1027,664,91,169
1027,664,91,169
1027,664,91,169
1027,664,91,169
1027,664,91,169
1027,664,91,169
1027,664,91,169
1027,664,91,169
1027,665,91,169
1027,666,91,169
1027,666,91,169
1027,667,91,169
1027,668,91,169
1027,668,91,169
1027,669,91,169
1027,670,91,169
1027,671,94,166
1027,671,94,166
1027,671,94,166
1027,671,94,166
1027,671,94,166
1028,671,94,166
1028,671,94,166
1028,671,94,166
1028,671,94,166
1028,671,94,166
1029,671,94,166
1029,671,94,166
1029,671,94,166
1029,671,94,166
1029,671,94,166
1029,671,94,166
1029,671,94,166
1029,671,94,166
1029,671,94,166
1029,671,94,166
1029,672,98,167
1029,672,98,167
1029,672,98,167
1029,672,98,167
1029,672,98,167
1029,672,98,167
1029,672,98,167
1029,672,98,167
1029,672,98,167
1029,672,98,167
1029,672,98,167
1029,672,98,167
1029,672,98,167
1029,672,98,167
1029,672,98,167
1029,672,98,167
1029,672,98,167
1029,672,98,167
1029,672,98,167
1029,672,98,167
1029,672,98,167
1029,672,98,167
1029,672,98,167
1029,672,98,167
1029,672,98,167
1029,672,98,167
1029,672,98,167
1029,672,98,167
1029,672,98,167
1029,672,98,167
1029,672,98,167
1028,671,98,167
1028,671,98,167
1028,670,98,167
1028,670,98,167
1028,670,98,167
1027,669,98,167
1027,669,98,167
1027,668,98,167
1027,668,98,167
1027,668,98,167
1026,668,98,167
1026,668,98,167
1026,668,98,167
1026,668,98,167
1026,668,98,167
1025,668,98,167
1025,668,98,167
1025,668,98,167
1025,668,98,167
1025,668,98,167
1025,668,98,167
1025,668,98,167
1025,668,98,167
1025,668,98,167
1025,668,98,167
1025,668,98,167
1025,668,98,167
1025,668,98,167
1025,668,98,167
1025,668,98,167
1025,667,98,167
1025,667,98,167
1025,667,98,167
1025,667,98,167
1025,667,98,167
1025,666,98,167
1025,666,98,167
1025,666,98,167
1025,666,98,167
1025,666,98,167
1025,665,98,167
1025,665,98,167
1025,665,98,167
1025,665,98,167
1025,665,98,167
1025,664,98,167
1025,664,98,167
1025,664,98,167
1025,664,98,167
1026,664,98,167
1026,664,98,167
1026,664,98,167
1026,664,98,167
1026,664,98,167
1026,665,98,167
1026,665,98,167
1026,665,98,167
1026,665,98,167
1026,665,98,167
1026,666,98,167
1026,665,98,167
1027,665,98,167
1028,665,98,167
1028,665,98,167
1029,665,98,167
1030,665,98,167
1030,665,98,167
1031,665,98,167
1032,665,98,167
1033,665,91,170
1033,665,91,170
1033,665,91,170
1033,665,91,170
1033,665,91,170
1033,665,91,170
1033,665,91,170
1033,665,91,170
1033,665,91,170
1033,665,91,170
1033,665,91,170
1033,665,91,170
1033,665,91,170
1033,665,91,170
1033,665,91,170
1033,665,91,170
1033,665,91,170
1033,665,91,170
1033,665,91,170
1033,665,91,170
1033,665,91,170
1033,665,91,170
1033,665,91,170
1033,665,91,170
1033,665,91,170
1033,665,91,170
1033,665,91,170
1033,665,91,170
1033,665,91,170
1033,665,91,170
1033,665,91,170
1033,665,91,170
1033,665,91,170
1033,665,91,170
1033,665,91,170
1034,665,91,170
1034,665,91,170
1034,665,91,170
1034,665,91,170
1034,665,91,170
1035,666,91,170
1035,666,91,170
1035,666,91,170
1035,666,91,170
1035,666,91,170
1035,666,91,170
1035,666,91,170
1035,666,91,170
1035,666,91,170
1035,666,91,170
1035,666,91,170
1034,666,91,170
1034,666,91,170
1033,666,91,170
1033,666,91,170
1033,667,91,170
1032,667,91,170
1032,667,91,170
1031,667,91,170
1031,667,91,170
1031,668,91,170
1030,668,91,170
1030,668,91,170
1030,668,91,170
1030,668,91,170
1030,668,91,170
1029,668,91,170
1029,668,91,170
1029,668,91,170
1029,668,91,170
1029,668,91,170
1029,668,91,170
1029,668,91,170
1029,668,91,170
1029,668,91,170
1029,668,91,170
1029,668,91,170
1029,668,91,170
1029,668,91,170
1029,668,91,170
1029,668,91,170
1028,668,91,170
1028,668,91,170
1028,668,91,170
1028,668,91,170
1028,668,91,170
1027,668,91,170
1027,668,91,170
1027,668,91,170
1027,668,91,170
1027,668,91,170
1026,668,91,170
1026,668,91,170
1026,668,91,170
1026,668,91,170
1026,668,91,170
1025,668,91,170
1025,668,91,170
1025,668,91,170
1025,668,91,170
1025,668,91,170
1024,668,91,170
1023,668,91,170
1023,668,91,170
1022,668,91,170
1022,668,91,170
1021,668,91,170
1020,668,91,170
1020,668,91,170
1019,668,91,170
1019,668,91,170
1019,667,91,170
1019,667,91,170
1019,667,91,170
1019,667,91,170
1019,667,91,170
1019,667,91,170
1019,667,91,170
1019,667,91,170
1019,667,91,170
1019,667,91,170
1018,667,91,170
1018,667,91,170
1018,667,91,170
1017,667,91,170
1017,667,91,170
1017,667,91,170
1016,667,91,170
1016,667,91,170
1016,667,91,170
1016,667,91,170
1016,667,91,170
1016,667,91,170
1016,667,91,170
1016,667,91,170
1016,667,91,170
1016,667,91,170
1016,667,91,170
1016,667,91,170
1016,667,91,170
1016,667,91,170
1016,667,91,170
1016,667,91,170
1016,667,91,170
1016,667,91,170
1016,667,91,170
1016,667,91,170
1016,667,91,170
1016,667,91,170
1016,667,91,170
1016,667,91,170
1016,667,91,170
1016,667,91,170
1016,667,91,170
1016,667,91,170
1017,667,91,170
1017,667,91,170
1017,667,91,170
1017,667,91,170
1017,667,91,170
1018,667,91,170
1018,667,91,170
1018,667,91,170
1018,667,91,170
1018,667,91,170
1018,667,91,170
1018,667,91,170
1018,667,91,170
1018,667,91,170
1018,667,91,170
1018,667,91,170
1018,667,91,170
1018,667,91,170
1018,667,91,170
1018,667,91,170
1018,667,91,170
1018,667,91,170
1018,667,91,170
1018,667,91,170
1018,667,91,170
1018,668,91,170
1018,668,91,170
1018,668,91,170
1018,668,91,170
1018,668,91,170
1018,669,91,170
1018,669,91,170
1018,669,91,170
1018,669,91,170
1018,669,91,170
1018,670,91,170
1018,670,91,170
1018,670,91,170
1018,670,91,170
1018,670,91,170
1019,670,91,170
1019,670,91,170
1019,670,91,170
1019,670,91,170
1019,670,91,170
1020,670,91,170
1020,669,91,170
1020,669,91,170
1020,669,91,170
1020,669,91,170
1021,669,91,170
1021,668,91,170
1021,668,91,170
1021,668,91,170
1021,668,91,170
1022,668,91,170
1022,667,91,170
1022,667,91,170
1022,666,91,170
1022,666,91,170
1023,666,91,170
1023,665,91,170
1023,665,91,170
1023,664,91,170
1023,664,91,170
1024,664,91,170
1024,663,91,170
1024,662,91,170
1024,661,91,170
1024,661,91,170
1024,660,91,170
1024,659,91,170
1024,659,91,170
1024,658,91,170
1024,657,91,170
1025,657,95,167
1025,655,95,167
1025,653,95,167
1025,651,95,167
1025,649,95,167
1026,648,95,167
1026,646,95,167
1026,644,95,167
1026,642,95,167
1026,640,95,167
1027,639,97,168
1027,637,97,168
1028,635,97,168
1028,633,97,168
1029,631,97,168
1030,629,97,168
1030,627,97,168
1031,625,97,168
1031,623,97,168
1032,621,97,168
1033,620,92,165
1033,617,92,165
1033,614,92,165
1033,612,92,165
1033,609,92,165
1034,607,92,165
1034,604,92,165
1034,601,92,165
1034,599,92,165
1034,596,92,165
1035,594,92,165
1035,591,92,165
1035,588,92,165
1035,585,92,165
1035,582,92,165
1036,579,92,165
1036,576,92,165
1036,573,92,165
1036,570,92,165
1036,567,92,165
1037,565,88,164
1036,562,88,164
1036,559,88,164
1035,557,88,164
1035,554,88,164
1035,552,88,164
1034,549,88,164
1034,546,88,164
1033,544,88,164
1033,541,88,164
1033,539,91,161
1033,537,91,161
1033,535,91,161
1033,533,91,161
1033,532,91,161
1034,530,91,161
1034,528,91,161
1034,527,91,161
1034,525,91,161
1034,523,91,161
1035,522,87,156
1035,520,87,156
1035,519,87,156
1035,518,87,156
1035,516,87,156
1036,515,87,156
1036,514,87,156
1036,512,87,156
1036,511,87,156
1036,510,87,156
1037,509,85,159
1037,508,85,159
1037,508,85,159
1037,508,85,159
1037,508,85,159
1037,508,85,159
1037,507,85,159
1037,507,85,159
1037,507,85,159
1037,507,85,159
1038,507,84,156
1038,507,84,156
1038,507,84,156
1038,508,84,156
1038,508,84,156
1038,509,84,156
1038,509,84,156
1038,509,84,156
1038,510,84,156
1038,510,84,156
1038,511,86,150
1038,510,86,150
1038,510,86,150
1038,510,86,150
1038,510,86,150
1038,510,86,150
1038,509,86,150
1038,509,86,150
1038,509,86,150
1038,509,86,150
1038,509,89,154
1038,508,89,154
1038,508,89,154
1038,508,89,154
1038,508,89,154
1039,508,89,154
1039,507,89,154
1039,507,89,154
1039,507,89,154
1039,507,89,154
1040,507,84,152
1038,506,84,152
1037,506,84,152
1036,505,84,152
1035,505,84,152
1034,504,84,152
1033,504,84,152
1032,503,84,152
1031,503,84,152
1030,502,84,152
1029,502,85,150
1026,501,85,150
1024,500,85,150
1022,499,85,150
1020,498,85,150
1018,497,85,150
1015,496,85,150
1013,495,85,150
1011,494,85,150
1009,493,85,150
1007,492,89,152
1005,491,89,152
1004,490,89,152
1002,489,89,152
1001,488,89,152
999,487,89,152
998,486,89,152
996,485,89,152
995,484,89,152
993,483,89,152
992,483,87,148
990,482,87,148
989,481,87,148
988,480,87,148
986,479,87,148
985,478,87,148
984,477,87,148
982,476,87,148
981,475,87,148
980,474,87,148
979,474,89,148
978,474,89,148
978,474,89,148
977,475,89,148
977,475,89,148
977,476,89,148
976,476,89,148
976,476,89,148
975,477,89,148
975,477,89,148
975,478,89,148
974,480,89,148
974,482,89,148
974,484,89,148
974,486,89,148
974,489,89,148
974,491,89,148
974,493,89,148
974,495,89,148
974,497,89,148
974,500,87,148
969,499,87,148
965,498,87,148
961,498,87,148
956,497,87,148
952,497,87,148
948,496,87,148
943,495,87,148
939,495,87,148
935,494,87,148
931,494,70,122
930,494,70,122
930,494,70,122
929,494,70,122
929,494,70,122
929,495,70,122
928,495,70,122
928,495,70,122
927,495,70,122
927,495,70,122
927,496,73,120
926,496,73,120
926,496,73,120
926,496,73,120
926,496,73,120
926,496,73,120
925,496,73,120
925,496,73,120
925,496,73,120
925,496,73,120
925,496,73,117
925,496,73,117
925,496,73,117
925,496,73,117
925,496,73,117
926,497,73,117
926,497,73,117
926,497,73,117
926,497,73,117
926,497,73,117
927,498,67,115
927,498,67,115
927,498,67,115
927,498,67,115
927,498,67,115
927,498,67,115
927,498,67,115
927,498,67,115
927,498,67,115
927,498,67,115
927,498,67,115
926,497,67,115
926,497,67,115
926,497,67,115
925,497,67,115
925,497,67,115
925,496,67,115
924,496,67,115
924,496,67,115
924,496,67,115
924,496,68,115
924,496,68,115
924,496,68,115
924,496,68,115
924,496,68,115
924,497,68,115
924,497,68,115
924,497,68,115
924,497,68,115
924,497,68,115
924,498,66,111
923,498,66,111
923,498,66,111
923,498,66,111
923,498,66,111
923,498,66,111
922,498,66,111
922,498,66,111
922,498,66,111
922,498,66,111
922,498,66,107
921,497,66,107
921,497,66,107
920,497,66,107
920,497,66,107
920,497,66,107
919,496,66,107
919,496,66,107
918,496,66,107
918,496,66,107
918,496,67,107
917,496,67,107
917,496,67,107
917,496,67,107
917,496,67,107
917,496,67,107
916,496,67,107
916,496,67,107
916,496,67,107
916,496,67,107
916,496,69,107
915,496,69,107
915,496,69,107
915,496,69,107
915,496,69,107
915,497,69,107
914,497,69,107
914,497,69,107
914,497,69,107
914,497,69,107
914,498,67,104
913,498,67,104
913,498,67,104
913,498,67,104
913,498,67,104
913,498,67,104
913,498,67,104
913,498,67,104
913,498,67,104
913,498,67,104
913,498,66,104
913,498,66,104
913,498,66,104
913,498,66,104
913,498,66,104
913,498,66,104
913,498,66,104
913,498,66,104
913,498,66,104
913,498,66,104
913,498,61,104
913,498,61,104
913,498,61,104
913,498,61,104
913,498,61,104
913,498,61,104
913,498,61,104
913,498,61,104
913,498,61,104
913,498,61,104
913,498,61,100
912,498,61,100
912,498,61,100
912,498,61,100
912,498,61,100
912,498,61,100
911,498,61,100
911,498,61,100
911,498,61,100
911,498,61,100
911,498,61,102
910,498,61,102
910,499,61,102
909,499,61,102
909,500,61,102
909,500,61,102
908,501,61,102
908,501,61,102
907,502,61,102
907,502,61,102
907,503,65,99
907,503,65,99
907,503,65,99
907,503,65,99
907,503,65,99
907,504,65,99
907,504,65,99
907,504,65,99
907,504,65,99
907,504,65,99
907,505,59,100
906,505,59,100
906,506,59,100
906,506,59,100
906,507,59,100
906,508,59,100
905,508,59,100
905,509,59,100
905,509,59,100
905,510,59,100
905,511,59,96
904,511,59,96
904,512,59,96
904,512,59,96
904,513,59,96
904,513,59,96
903,514,59,96
903,514,59,96
903,515,59,96
903,515,59,96
903,516,60,97
903,516,60,97
903,516,60,97
903,517,60,97
903,517,60,97
903,518,60,97
903,518,60,97
903,518,60,97
903,519,60,97
903,519,60,97
903,520,60,95
903,518,60,95
903,517,60,95
903,516,60,95
903,515,60,95
903,514,60,95
903,513,60,95
903,512,60,95
903,511,60,95
903,510,60,95
903,509,61,96
902,507,61,96
902,506,61,96
902,504,61,96
902,503,61,96
902,501,61,96
901,500,61,96
901,498,61,96
901,497,61,96
901,495,61,96
901,494,58,95
900,492,58,95
900,490,58,95
900,488,58,95
899,486,58,95
899,485,58,95
899,483,58,95
898,481,58,95
898,479,58,95
898,477,58,95
898,476,63,92
898,474,63,92
898,473,63,92
898,472,63,92
898,471,63,92
898,470,63,92
898,469,63,92
898,468,63,92
898,467,63,92
898,466,63,92
898,465,59,90
898,464,59,90
898,463,59,90
898,462,59,90
898,461,59,90
899,461,59,90
899,460,59,90
899,459,59,90
899,458,59,90
899,457,59,90
900,457,55,87
900,456,55,87
900,456,55,87
900,455,55,87
900,455,55,87
900,454,55,87
900,454,55,87
900,453,55,87
900,453,55,87
900,452,55,87
900,452,53,85
899,451,53,85
899,450,53,85
899,450,53,85
899,449,53,85
899,449,53,85
898,448,53,85
898,447,53,85
898,447,53,85
898,446,53,85
898,446,55,87
897,445,55,87
897,445,55,87
896,444,55,87
896,444,55,87
896,444,55,87
895,443,55,87
895,443,55,87
894,442,55,87
894,442,55,87
894,442,57,82
893,441,57,82
893,440,57,82
893,439,57,82
893,439,57,82
893,438,57,82
892,437,57,82
892,437,57,82
892,436,57,82
892,435,57,82
892,435,58,87
891,434,58,87
891,434,58,87
891,433,58,87
891,433,58,87
891,433,58,87
890,432,58,87
890,432,58,87
890,431,58,87
890,431,58,87
890,431,56,87
889,430,56,87
889,430,56,87
889,430,56,87
889,430,56,87
889,430,56,87
888,429,56,87
888,429,56,87
888,429,56,87
888,429,56,87
888,429,58,84
887,428,58,84
887,428,58,84
887,428,58,84
887,428,58,84
887,428,58,84
887,428,58,84
887,428,58,84
887,428,58,84
887,428,58,84
887,428,55,85
886,428,55,85
886,428,55,85
886,428,55,85
886,428,55,85
886,428,55,85
885,428,55,85
885,428,55,85
885,428,55,85
885,428,55,85
885,428,57,85
884,428,57,85
884,428,57,85
884,428,57,85
884,429,57,85
884,429,57,85
883,429,57,85
883,430,57,85
883,430,57,85
883,430,57,85
883,431,57,85
882,431,57,85
882,431,57,85
881,432,57,85
881,432,57,85
881,433,57,85
880,433,57,85
880,433,57,85
879,434,57,85
879,434,57,85
879,435,59,85
879,435,59,85
880,436,59,85
880,437,59,85
881,437,59,85
882,438,59,85
882,439,59,85
883,439,59,85
883,440,59,85
884,441,59,85
885,442,53,84
886,442,53,84
888,443,53,84
890,443,53,84
892,444,53,84
894,445,53,84
895,445,53,84
897,446,53,84
899,446,53,84
901,447,53,84
903,448,56,85
905,448,56,85
907,449,56,85
909,450,56,85
911,450,56,85
913,451,56,85
915,452,56,85
917,452,56,85
919,453,56,85
921,454,56,85
924,455,61,84
924,455,61,84
925,456,61,84
926,457,61,84
926,458,61,84
927,459,61,84
928,459,61,84
928,460,61,84
929,461,61,84
930,462,61,84
931,463,56,81
930,463,56,81
930,464,56,81
929,465,56,81
929,466,56,81
929,467,56,81
928,468,56,81
928,469,56,81
927,470,56,81
927,471,56,81
927,472,61,85
927,473,61,85
927,474,61,85
927,475,61,85
927,477,61,85
928,478,61,85
928,479,61,85
928,481,61,85
928,482,61,85
928,483,61,85
929,485,56,83
928,486,56,83
928,487,56,83
928,488,56,83
928,489,56,83
928,490,56,83
927,491,56,83
927,492,56,83
927,493,56,83
927,494,56,83
927,496,61,85
927,496,61,85
927,497,61,85
928,498,61,85
928,498,61,85
929,499,61,85
929,500,61,85
929,500,61,85
930,501,61,85
930,502,61,85
931,503,52,82
937,496,52,82
944,490,52,82
951,484,52,82
957,478,52,82
964,472,52,82
971,466,52,82
977,460,52,82
984,454,52,82
991,448,52,82
998,442,52,71
998,441,52,71
998,440,52,71
998,439,52,71
998,438,52,71
998,437,52,71
998,436,52,71
998,435,52,71
998,434,52,71
998,433,52,71
998,433,52,69
998,432,52,69
999,431,52,69
999,430,52,69
1000,429,52,69
1000,428,52,69
1001,427,52,69
1001,426,52,69
1002,425,52,69
1002,424,52,69
1003,424,54,70
1003,423,54,70
1003,423,54,70
1004,422,54,70
1004,422,54,70
1005,422,54,70
1005,421,54,70
1005,421,54,70
1006,420,54,70
1006,420,54,70
1007,420,50,69
1007,420,50,69
1007,421,50,69
1008,421,50,69
1008,422,50,69
1009,423,50,69
1009,423,50,69
1009,424,50,69
1010,424,50,69
1010,425,50,69
1011,426,52,66
1011,427,52,66
1011,428,52,66
1011,429,52,66
1012,430,52,66
1012,431,52,66
1012,432,52,66
1013,433,52,66
1013,434,52,66
1013,435,52,66
1014,437,52,65
1014,438,52,65
1014,439,52,65
1015,440,52,65
1015,441,52,65
1016,442,52,65
1016,443,52,65
1016,444,52,65
1017,445,52,65
1017,446,52,65
1018,448,48,65
1018,449,48,65
1018,450,48,65
1018,451,48,65
1018,453,48,65
1018,454,48,65
1018,455,48,65
1018,457,48,65
1018,458,48,65
1018,459,48,65
1018,461,52,67
1018,462,52,67
1018,463,52,67
1019,464,52,67
1019,466,52,67
1020,467,52,67
1020,468,52,67
1020,470,52,67
1021,471,52,67
1021,472,52,67
1022,474,50,68
1021,474,50,68
1020,474,50,68
1019,475,50,68
1018,475,50,68
1017,476,50,68
1016,476,50,68
1015,476,50,68
1014,477,50,68
1013,477,50,68
1013,478,55,68
1012,477,55,68
1012,477,55,68
1011,477,55,68
1011,477,55,68
1011,477,55,68
1010,476,55,68
1010,476,55,68
1009,476,55,68
1009,476,55,68
1009,476,55,63
1008,475,55,63
1008,474,55,63
1008,474,55,63
1008,473,55,63
1008,473,55,63
1007,472,55,63
1007,471,55,63
1007,471,55,63
1007,470,55,63
1007,470,50,65
1006,469,50,65
1006,469,50,65
1005,468,50,65
1005,468,50,65
1005,467,50,65
1004,467,50,65
1004,466,50,65
1003,466,50,65
1003,465,50,65
1003,465,50,64
1002,465,50,64
1002,465,50,64
1002,465,50,64
1001,465,50,64
1001,465,50,64
1001,465,50,64
1000,465,50,64
1000,465,50,64
1000,465,50,64
1000,465,50,61
999,464,50,61
998,463,50,61
998,463,50,61
997,462,50,61
997,462,50,61
996,461,50,61
995,460,50,61
995,460,50,61
994,459,50,61
994,459,50,63
994,459,50,63
994,459,50,63
994,459,50,63
994,459,50,63
994,459,50,63
994,459,50,63
