943,737,177,331
942,727,177,331
942,717,177,331
941,708,177,331
941,698,177,331
941,689,177,331
940,679,177,331
940,669,177,331
939,660,177,331
939,650,177,331
939,641,179,284
939,628,179,284
939,615,179,284
939,602,179,284
939,590,179,284
940,577,179,284
940,564,179,284
940,552,179,284
940,539,179,284
940,526,179,284
941,514,179,284
940,504,179,284
940,494,179,284
940,485,179,284
940,475,179,284
940,466,179,284
940,456,179,284
940,446,179,284
940,437,179,284
940,427,179,284
940,418,179,284
940,409,179,284
940,400,179,284
941,391,179,284
941,382,179,284
942,374,179,284
942,365,179,284
942,356,179,284
943,347,179,284
943,338,179,284
944,330,179,284
943,321,179,284
943,313,179,284
942,305,179,284
942,297,179,284
942,289,179,284
941,281,179,284
941,273,179,284
940,265,179,284
940,257,179,284
940,249,187,283
940,242,187,283
940,235,187,283
941,229,187,283
941,222,187,283
942,216,187,283
942,209,187,283
942,202,187,283
943,196,187,283
943,189,187,283
944,183,187,283
943,176,187,283
943,169,187,283
942,162,187,283
942,155,187,283
942,149,187,283
941,142,187,283
941,135,187,283
940,128,187,283
940,121,187,283
940,115,187,283
939,110,187,283
939,105,187,283
939,100,187,283
939,95,187,283
939,90,187,283
938,85,187,283
938,80,187,283
938,75,187,283
938,70,187,283
938,66,187,283
937,60,187,283
937,54,187,283
937,49,187,283
936,43,187,283
936,38,187,283
936,32,187,283
935,26,187,283
935,21,187,283
935,15,187,283
935,10,187,283
935,9,187,283
935,8,187,283
935,7,187,283
935,6,187,283
935,5,187,283
935,4,187,283
935,3,187,283
935,2,187,283
935,1,187,283
936,1,160,224
936,1,160,224
937,1,160,224
938,1,160,224
938,1,160,224
939,1,160,224
940,1,160,224
940,1,160,224
941,1,160,224
942,1,160,224
943,1,144,173
941,1,144,173
939,1,144,173
937,1,144,173
935,1,144,173
934,1,144,173
932,1,144,173
930,1,144,173
928,1,144,173
926,1,144,173
925,1,147,162
924,1,147,162
923,1,147,162
922,1,147,162
921,1,147,162
920,1,147,162
919,1,147,162
918,1,147,162
917,1,147,162
916,1,147,162
916,2,131,131
914,1,131,131
913,1,131,131
911,1,131,131
910,1,131,131
908,1,131,131
907,1,131,131
905,1,131,131
904,1,131,131
902,1,131,131
901,1,124,110
872,61,124,110
844,121,124,110
816,181,124,110
787,241,124,110
759,301,124,110
731,361,124,110
702,421,124,110
674,481,124,110
646,541,124,110
618,602,134,197
618,606,134,197
618,611,134,197
618,615,134,197
618,620,134,197
619,624,134,197
619,629,134,197
619,633,134,197
619,638,134,197
619,642,134,197
620,647,130,193
620,650,130,193
620,653,130,193
621,656,130,193
621,659,130,193
622,663,130,193
622,666,130,193
622,669,130,193
623,672,130,193
623,675,130,193
624,679,130,193
624,681,130,193
625,683,130,193
625,685,130,193
626,687,130,193
627,689,130,193
627,691,130,193
628,693,130,193
628,695,130,193
629,697,130,193
630,699,129,189
629,698,129,189
629,697,129,189
629,696,129,189
629,695,129,189
629,695,129,189
628,694,129,189
628,693,129,189
628,692,129,189
628,691,129,189
628,691,131,186
628,690,131,186
629,690,131,186
629,690,131,186
630,689,131,186
631,689,131,186
631,689,131,186
632,688,131,186
632,688,131,186
633,688,131,186
634,688,128,186
634,685,128,186
634,683,128,186
634,681,128,186
635,679,128,186
635,677,128,186
635,674,128,186
636,672,128,186
636,670,128,186
636,668,128,186
637,666,123,186
637,662,123,186
637,659,123,186
637,656,123,186
637,653,123,186
637,650,123,186
637,646,123,186
637,643,123,186
637,640,123,186
637,637,123,186
637,634,126,184
637,630,126,184
637,627,126,184
637,623,126,184
637,620,126,184
637,617,126,184
637,613,126,184
637,610,126,184
637,606,126,184
637,603,126,184
638,600,124,174
638,597,124,174
639,594,124,174
639,591,124,174
640,588,124,174
640,586,124,174
641,583,124,174
641,580,124,174
642,577,124,174
642,574,124,174
643,572,122,168
643,569,122,168
643,566,122,168
643,563,122,168
643,561,122,168
643,558,122,168
643,555,122,168
643,553,122,168
643,550,122,168
643,547,122,168
644,545,122,168
644,543,122,168
644,542,122,168
644,541,122,168
644,539,122,168
644,538,122,168
644,537,122,168
644,535,122,168
644,534,122,168
644,533,122,168
645,532,118,160
645,531,118,160
645,530,118,160
645,529,118,160
645,528,118,160
645,527,118,160
645,526,118,160
645,525,118,160
645,524,118,160
645,523,118,160
645,522,122,155
645,519,122,155
645,516,122,155
645,514,122,155
645,511,122,155
645,509,122,155
645,506,122,155
645,503,122,155
645,501,122,155
645,498,122,155
646,496,122,168
646,495,122,168
647,495,122,168
648,495,122,168
648,495,122,168
649,495,122,168
650,495,122,168
650,495,122,168
651,495,122,168
652,495,122,168
653,495,114,156
652,494,114,156
651,493,114,156
650,492,114,156
650,492,114,156
649,491,114,156
648,490,114,156
648,490,114,156
647,489,114,156
646,488,114,156
646,488,119,161
645,486,119,161
645,485,119,161
645,484,119,161
645,483,119,161
645,482,119,161
645,481,119,161
645,480,119,161
645,479,119,161
645,478,119,161
645,477,122,168
645,477,122,168
645,477,122,168
645,477,122,168
645,477,122,168
646,477,122,168
646,477,122,168
646,477,122,168
646,477,122,168
646,477,122,168
647,477,119,165
646,477,119,165
646,477,119,165
646,477,119,165
646,477,119,165
646,477,119,165
646,477,119,165
646,477,119,165
646,477,119,165
646,477,119,165
646,478,119,165
646,478,119,165
646,478,119,165
646,478,119,165
646,478,119,165
647,478,119,165
647,478,119,165
647,478,119,165
647,478,119,165
647,478,119,165
648,478,119,165
648,478,119,165
648,479,119,165
648,480,119,165
648,481,119,165
649,482,119,165
649,482,119,165
649,483,119,165
649,484,119,165
649,485,119,165
650,486,119,165
650,485,119,165
650,484,119,165
650,483,119,165
650,483,119,165
651,482,119,165
651,481,119,165
651,481,119,165
651,480,119,165
651,479,119,165
652,479,115,158
651,478,115,158
651,477,115,158
651,476,115,158
650,476,115,158
650,475,115,158
650,474,115,158
649,474,115,158
649,473,115,158
649,472,115,158
649,472,119,165
649,472,119,165
649,473,119,165
649,473,119,165
649,474,119,165
649,474,119,165
649,475,119,165
649,475,119,165
649,476,119,165
649,476,119,165
649,477,119,165
648,476,119,165
648,475,119,165
648,474,119,165
648,474,119,165
648,473,119,165
647,472,119,165
647,472,119,165
647,471,119,165
647,470,119,165
647,470,119,165
647,470,119,165
647,471,119,165
647,472,119,165
647,473,119,165
648,474,119,165
648,475,119,165
648,476,119,165
648,477,119,165
648,478,119,165
649,479,119,165
649,479,119,165
649,479,119,165
649,479,119,165
649,479,119,165
649,480,119,165
649,480,119,165
649,480,119,165
649,480,119,165
649,480,119,165
650,481,119,165
650,481,119,165
650,481,119,165
650,481,119,165
650,481,119,165
650,481,119,165
650,481,119,165
650,481,119,165
650,481,119,165
650,481,119,165
650,482,119,165
649,481,119,165
649,481,119,165
649,480,119,165
649,480,119,165
649,480,119,165
649,479,119,165
649,479,119,165
649,478,119,165
649,478,119,165
649,478,119,165
648,478,119,165
648,478,119,165
648,478,119,165
648,478,119,165
648,478,119,165
647,478,119,165
647,478,119,165
647,478,119,165
647,478,119,165
647,479,119,165
646,478,119,165
646,478,119,165
646,477,119,165
646,477,119,165
646,477,119,165
645,476,119,165
645,476,119,165
645,475,119,165
645,475,119,165
645,475,119,165
645,475,119,165
645,475,119,165
645,475,119,165
645,475,119,165
646,475,119,165
646,475,119,165
646,475,119,165
646,475,119,165
646,475,119,165
647,475,119,165
647,475,119,165
647,475,119,165
647,475,119,165
647,475,119,165
648,476,119,165
648,476,119,165
648,476,119,165
648,476,119,165
648,476,119,165
649,477,119,165
649,476,119,165
649,476,119,165
649,475,119,165
649,475,119,165
649,475,119,165
649,474,119,165
649,474,119,165
649,473,119,165
649,473,119,165
649,473,120,166
649,473,120,166
649,473,120,166
649,474,120,166
649,474,120,166
649,475,120,166
649,475,120,166
649,475,120,166
649,476,120,166
649,476,120,166
649,477,120,166
649,476,120,166
649,476,120,166
649,476,120,166
649,476,120,166
649,476,120,166
649,476,120,166
649,476,120,166
649,476,120,166
649,476,120,166
650,476,116,162
650,476,116,162
650,476,116,162
650,476,116,162
650,477,116,162
650,477,116,162
650,477,116,162
650,478,116,162
650,478,116,162
650,478,116,162
651,479,116,162
650,478,116,162
650,478,116,162
650,478,116,162
650,477,116,162
650,477,116,162
650,477,116,162
650,476,116,162
650,476,116,162
650,476,116,162
650,476,116,162
649,476,116,162
649,476,116,162
649,476,116,162
649,476,116,162
649,476,116,162
648,476,116,162
648,476,116,162
648,476,116,162
648,476,116,162
648,476,116,162
648,476,116,162
648,476,116,162
648,476,116,162
648,476,116,162
648,477,116,162
648,477,116,162
648,477,116,162
648,477,116,162
648,477,116,162
649,478,116,162
648,478,116,162
648,478,116,162
648,478,116,162
648,478,116,162
648,478,116,162
648,478,116,162
648,478,116,162
648,478,116,162
648,478,116,162
648,479,116,162
648,478,116,162
648,478,116,162
648,478,116,162
648,477,116,162
648,477,116,162
648,477,116,162
648,476,116,162
648,476,116,162
648,476,116,162
649,476,116,162
648,476,116,162
648,476,116,162
648,476,116,162
648,476,116,162
648,477,116,162
648,477,116,162
648,477,116,162
648,477,116,162
648,477,116,162
648,478,116,162
648,477,116,162
648,476,116,162
648,476,116,162
648,475,116,162
648,475,116,162
648,474,116,162
648,473,116,162
648,473,116,162
648,472,116,162
649,472,116,162
649,472,116,162
649,472,116,162
649,472,116,162
649,472,116,162
649,473,116,162
649,473,116,162
649,473,116,162
649,473,116,162
649,473,116,162
649,474,117,161
649,474,117,161
649,474,117,161
649,474,117,161
649,474,117,161
649,475,117,161
649,475,117,161
649,475,117,161
649,475,117,161
649,475,117,161
649,476,117,161
648,476,117,161
648,476,117,161
648,476,117,161
648,476,117,161
648,477,117,161
647,477,117,161
647,477,117,161
647,477,117,161
647,477,117,161
647,478,117,161
647,477,117,161
647,477,117,161
647,477,117,161
647,476,117,161
647,476,117,161
647,476,117,161
647,475,117,161
647,475,117,161
647,475,117,161
648,475,117,161
648,474,117,161
648,474,117,161
648,473,117,161
649,473,117,161
649,473,117,161
649,472,117,161
650,472,117,161
650,471,117,161
650,471,117,161
651,471,117,161
651,471,117,161
651,472,117,161
651,472,117,161
651,473,117,161
651,473,117,161
651,474,117,161
651,474,117,161
651,475,117,161
651,475,117,161
651,476,117,161
650,476,117,161
650,476,117,161
650,476,117,161
650,476,117,161
650,476,117,161
649,476,117,161
649,476,117,161
649,476,117,161
649,476,117,161
649,477,117,161
649,477,117,161
649,477,117,161
649,477,117,161
649,477,117,161
650,478,117,161
650,478,117,161
650,478,117,161
650,478,117,161
650,478,117,161
651,479,117,161
651,479,117,161
651,479,117,161
651,479,117,161
651,480,117,161
651,480,117,161
651,480,117,161
651,481,117,161
651,481,117,161
651,481,117,161
651,482,117,161
651,482,117,161
651,482,117,161
651,482,117,161
651,482,117,161
651,482,117,161
651,482,117,161
651,482,117,161
651,482,117,161
651,482,117,161
651,483,116,155
651,482,116,155
651,482,116,155
651,482,116,155
651,482,116,155
651,482,116,155
651,482,116,155
651,482,116,155
651,482,116,155
651,482,116,155
651,482,116,155
650,482,116,155
650,482,116,155
650,482,116,155
650,482,116,155
650,482,116,155
650,482,116,155
650,482,116,155
650,482,116,155
650,482,116,155
650,483,117,161
649,483,117,161
649,483,117,161
649,483,117,161
649,483,117,161
649,483,117,161
649,483,117,161
649,483,117,161
649,483,117,161
649,483,117,161
649,484,117,161
649,483,117,161
649,482,117,161
649,482,117,161
650,481,117,161
650,481,117,161
650,480,117,161
651,479,117,161
651,479,117,161
651,478,117,161
652,478,117,161
651,478,117,161
651,479,117,161
651,479,117,161
651,480,117,161
651,480,117,161
651,481,117,161
651,481,117,161
651,482,117,161
651,482,117,161
651,483,117,161
651,482,117,161
651,482,117,161
651,482,117,161
651,482,117,161
651,482,117,161
651,482,117,161
651,482,117,161
651,482,117,161
651,482,117,161
651,482,117,161
651,481,117,161
651,481,117,161
651,481,117,161
651,481,117,161
652,481,117,161
652,480,117,161
652,480,117,161
652,480,117,161
652,480,117,161
653,480,117,161
652,480,117,161
652,480,117,161
651,480,117,161
651,480,117,161
650,480,117,161
650,480,117,161
649,480,117,161
649,480,117,161
648,480,117,161
648,480,117,161
648,480,117,161
648,480,117,161
648,480,117,161
648,480,117,161
648,480,117,161
648,480,117,161
648,480,117,161
648,480,117,161
648,480,117,161
648,480,117,161
648,480,117,161
648,480,117,161
648,480,117,161
648,480,117,161
648,480,117,161
648,480,117,161
648,480,117,161
648,480,117,161
648,480,117,161
648,480,117,161
648,480,117,161
648,480,117,161
648,480,117,161
648,480,117,161
648,480,117,161
648,480,117,161
648,480,117,161
648,480,117,161
648,480,117,161
648,480,117,161
647,480,117,161
647,480,117,161
647,480,117,161
647,480,117,161
647,480,117,161
647,480,117,161
647,480,117,161
647,480,117,161
647,480,117,161
647,480,117,161
647,479,117,161
647,479,117,161
647,479,117,161
647,479,117,161
647,479,117,161
647,478,117,161
647,478,117,161
647,478,117,161
647,478,117,161
648,478,117,161
647,478,117,161
647,478,117,161
647,478,117,161
647,478,117,161
647,478,117,161
647,478,117,161
647,478,117,161
647,478,117,161
647,478,117,161
647,478,117,161
646,478,117,161
646,478,117,161
646,478,117,161
646,478,117,161
646,478,117,161
645,478,117,161
645,478,117,161
645,478,117,161
645,478,117,161
645,478,117,161
644,478,117,161
644,478,117,161
644,478,117,161
644,478,117,161
644,478,117,161
644,478,117,161
644,478,117,161
644,478,117,161
644,478,117,161
644,479,117,161
644,479,117,161
644,479,117,161
644,479,117,161
644,479,117,161
644,479,117,161
644,479,117,161
644,479,117,161
644,479,117,161
644,479,117,161
644,479,117,161
644,478,117,161
644,478,117,161
645,478,117,161
645,478,117,161
646,478,117,161
646,478,117,161
646,478,117,161
647,478,117,161
647,478,117,161
648,478,117,161
648,477,117,161
648,477,117,161
648,477,117,161
648,477,117,161
648,477,117,161
648,477,117,161
648,477,117,161
648,477,117,161
648,477,117,161
648,477,117,161
647,477,117,161
647,477,117,161
647,477,117,161
647,477,117,161
647,477,117,161
647,477,117,161
647,477,117,161
647,477,117,161
647,477,117,161
647,477,117,161
647,477,117,161
647,477,117,161
647,477,117,161
647,477,117,161
647,477,117,161
647,477,117,161
647,477,117,161
647,477,117,161
647,477,117,161
648,477,117,161
648,477,117,161
648,477,117,161
648,477,117,161
648,477,117,161
648,477,117,161
648,477,117,161
648,477,117,161
648,477,117,161
648,477,117,161
648,478,117,161
648,478,117,161
648,478,117,161
648,478,117,161
648,478,117,161
648,478,117,161
648,478,117,161
648,478,117,161
648,478,117,161
648,478,117,161
649,478,117,161
649,477,117,161
649,477,117,161
649,477,117,161
649,477,117,161
649,477,117,161
649,477,117,161
649,477,117,161
649,477,117,161
649,477,117,161
649,477,117,161
648,477,117,161
648,477,117,161
648,477,117,161
648,477,117,161
648,477,117,161
648,477,117,161
648,477,117,161
648,477,117,161
648,477,117,161
648,477,117,161
647,477,117,161
647,477,117,161
647,477,117,161
647,477,117,161
647,477,117,161
647,477,117,161
647,477,117,161
647,477,117,161
647,477,117,161
647,478,117,161
646,478,117,161
646,478,117,161
646,478,117,161
646,478,117,161
646,478,117,161
645,478,117,161
645,478,117,161
645,478,117,161
645,478,117,161
645,478,117,161
645,478,117,161
645,478,117,161
645,478,117,161
645,478,117,161
645,478,117,161
645,478,117,161
645,478,117,161
645,478,117,161
645,478,117,161
646,479,117,161
645,479,117,161
645,479,117,161
645,479,117,161
645,479,117,161
645,480,117,161
645,480,117,161
645,480,117,161
645,480,117,161
645,480,117,161
645,481,117,161
645,481,117,161
645,481,117,161
645,481,117,161
645,481,117,161
645,481,117,161
645,481,117,161
645,481,117,161
645,481,117,161
645,481,117,161
646,481,117,161
645,480,117,161
645,480,117,161
645,480,117,161
645,480,117,161
645,480,117,161
645,480,117,161
645,480,117,161
645,480,117,161
645,480,117,161
645,480,117,161
645,479,117,161
645,479,117,161
645,479,117,161
645,479,117,161
646,479,117,161
646,479,117,161
646,479,117,161
646,479,117,161
646,479,117,161
647,479,117,161
646,478,117,161
646,478,117,161
646,478,117,161
646,477,117,161
646,477,117,161
646,477,117,161
646,476,117,161
646,476,117,161
646,476,117,161
646,476,117,161
646,476,117,161
646,476,117,161
646,476,117,161
646,476,117,161
646,476,117,161
646,476,117,161
646,476,117,161
646,476,117,161
646,476,117,161
647,477,117,161
647,477,117,161
647,477,117,161
647,477,117,161
647,477,117,161
647,477,117,161
647,477,117,161
647,477,117,161
647,477,117,161
647,477,117,161
647,477,117,161
646,477,117,161
646,477,117,161
646,477,117,161
646,477,117,161
646,477,117,161
646,477,117,161
646,477,117,161
646,477,117,161
646,477,117,161
646,478,117,161
646,478,117,161
646,478,117,161
646,478,117,161
646,478,117,161
646,478,117,161
646,478,117,161
646,478,117,161
646,478,117,161
646,478,117,161
646,479,117,161
645,479,117,161
645,479,117,161
645,479,117,161
645,479,117,161
645,479,117,161
645,479,117,161
645,479,117,161
645,479,117,161
645,479,117,161
645,480,117,161
644,480,117,161
644,480,117,161
644,480,117,161
644,480,117,161
644,480,117,161
644,480,117,161
644,480,117,161
644,480,117,161
644,480,117,161
644,481,117,161
644,481,117,161
644,481,117,161
644,481,117,161
644,481,117,161
645,481,117,161
645,481,117,161
645,481,117,161
645,481,117,161
645,481,117,161
646,481,117,161
646,481,117,161
646,481,117,161
646,481,117,161
646,481,117,161
646,481,117,161
646,481,117,161
646,481,117,161
646,481,117,161
646,481,117,161
646,481,117,161
646,481,117,161
646,481,117,161
646,481,117,161
646,481,117,161
647,481,117,161
647,481,117,161
647,481,117,161
647,481,117,161
647,481,117,161
648,481,117,161
648,481,117,161
648,481,117,161
648,481,117,161
648,481,117,161
648,482,117,161
648,482,117,161
648,482,117,161
648,482,117,161
648,482,117,161
648,483,117,161
648,483,117,161
648,484,117,161
648,484,117,161
648,485,117,161
649,485,117,161
649,486,117,161
649,486,117,161
649,487,117,161
649,487,117,161
650,488,117,161
650,489,117,161
650,490,117,161
650,491,117,161
650,492,117,161
650,494,117,161
650,495,117,161
650,496,117,161
650,497,117,161
650,498,117,161
650,500,117,161
650,502,117,161
650,504,117,161
650,506,117,161
650,508,117,161
651,510,117,161
651,512,117,161
651,514,117,161
651,516,117,161
651,518,117,161
652,521,117,161
652,524,117,161
652,527,117,161
652,530,117,161
652,533,117,161
652,536,117,161
652,539,117,161
652,542,117,161
652,545,117,161
652,548,117,161
653,551,117,161
652,554,117,161
652,557,117,161
652,560,117,161
652,563,117,161
652,566,117,161
652,569,117,161
652,572,117,161
652,575,117,161
652,578,117,161
652,582,117,161
652,585,117,161
652,588,117,161
652,591,117,161
652,595,117,161
652,598,117,161
652,601,117,161
652,605,117,161
652,608,117,161
652,611,117,161
653,615,117,161
653,618,117,161
653,621,117,161
653,624,117,161
653,627,117,161
653,631,117,161
653,634,117,161
653,637,117,161
653,640,117,161
653,643,117,161
653,647,117,161
653,650,117,161
653,653,117,161
653,656,117,161
653,659,117,161
653,663,117,161
653,666,117,161
653,669,117,161
653,672,117,161
653,675,117,161
653,679,117,161
652,682,117,161
652,685,117,161
652,689,117,161
652,692,117,161
652,696,117,161
652,699,117,161
652,702,117,161
652,706,117,161
652,709,117,161
652,713,117,161
652,716,117,161
652,720,117,161
652,723,117,161
652,727,117,161
653,730,117,161
653,734,117,161
653,737,117,161
653,741,117,161
653,744,117,161
654,748,117,161
653,752,117,161
653,756,117,161
653,761,117,161
653,765,117,161
653,770,117,161
653,774,117,161
653,778,117,161
653,783,117,161
653,787,117,161
653,792,117,161
653,796,117,161
653,801,117,161
653,806,117,161
653,811,117,161
653,816,117,161
653,821,117,161
653,826,117,161
653,831,117,161
653,836,117,161
654,841,117,161
654,845,117,161
654,849,117,161
654,854,117,161
654,858,117,161
654,863,117,161
654,867,117,161
654,871,117,161
654,876,117,161
654,880,117,161
655,885,117,161
654,889,117,161
654,893,117,161
654,898,117,161
654,902,117,161
654,907,117,161
654,911,117,161
654,915,117,161
654,920,117,161
654,924,117,161
654,929,120,151
654,932,120,151
654,935,120,151
655,938,120,151
655,941,120,151
656,944,120,151
656,947,120,151
656,950,120,151
657,953,120,151
657,956,120,151
658,960,116,120
658,961,116,120
659,963,116,120
659,965,116,120
660,967,116,120
660,969,116,120
661,971,116,120
661,973,116,120
662,975,116,120
662,977,116,120
663,979,109,99
662,978,109,99
662,978,109,99
662,978,109,99
662,978,109,99
662,978,109,99
662,978,109,99
662,978,109,99
662,978,109,99
662,978,109,99
662,978,109,99
662,975,109,99
663,972,109,99
663,970,109,99
664,967,109,99
664,965,109,99
665,962,109,99
665,959,109,99
666,957,109,99
666,954,109,99
667,952,103,128
667,949,103,128
667,947,103,128
667,945,103,128
667,943,103,128
667,941,103,128
667,939,103,128
667,937,103,128
667,935,103,128
667,933,103,128
668,931,106,149
667,928,106,149
667,926,106,149
667,923,106,149
667,921,106,149
667,919,106,149
666,916,106,149
666,914,106,149
666,911,106,149
666,909,106,149
666,907,106,149
665,904,106,149
665,902,106,149
665,899,106,149
665,897,106,149
665,895,106,149
665,892,106,149
665,890,106,149
665,887,106,149
665,885,106,149
665,883,106,149
665,880,106,149
665,878,106,149
665,876,106,149
666,874,106,149
666,872,106,149
666,870,106,149
667,868,106,149
667,866,106,149
667,864,106,149
668,862,106,149
667,860,106,149
667,858,106,149
667,856,106,149
667,854,106,149
667,852,106,149
667,850,106,149
667,848,106,149
667,846,106,149
667,844,106,149
667,843,106,149
667,840,106,149
667,838,106,149
667,835,106,149
667,833,106,149
667,830,106,149
667,828,106,149
667,825,106,149
667,823,106,149
667,820,106,149
668,818,106,149
686,808,106,149
705,799,106,149
724,790,106,149
743,781,106,149
762,772,106,149
781,763,106,149
800,754,106,149
819,745,106,149
838,736,106,149
857,727,108,147
857,727,108,147
858,727,108,147
858,728,108,147
859,728,108,147
860,729,108,147
860,729,108,147
861,729,108,147
861,730,108,147
862,730,108,147
863,731,108,147
863,731,108,147
864,732,108,147
864,732,108,147
865,733,108,147
866,733,108,147
866,734,108,147
867,734,108,147
867,735,108,147
868,735,108,147
869,736,108,147
869,736,108,147
870,737,108,147
870,737,108,147
871,738,108,147
872,739,108,147
872,739,108,147
873,740,108,147
873,740,108,147
874,741,108,147
875,742,108,147
875,742,108,147
876,742,108,147
876,743,108,147
877,743,108,147
878,744,108,147
878,744,108,147
879,744,108,147
879,745,108,147
880,745,108,147
881,746,108,147
881,746,108,147
882,746,108,147
882,747,108,147
883,747,108,147
884,748,108,147
884,748,108,147
885,748,108,147
885,749,108,147
886,749,108,147
887,750,108,147
887,750,108,147
888,750,108,147
888,750,108,147
889,750,108,147
889,750,108,147
890,750,108,147
890,750,108,147
891,750,108,147
891,750,108,147
892,751,108,147
892,750,108,147
893,750,108,147
893,750,108,147
894,750,108,147
894,750,108,147
895,750,108,147
895,750,108,147
896,750,108,147
896,750,108,147
897,750,108,147
897,749,108,147
897,749,108,147
898,748,108,147
898,748,108,147
899,748,108,147
899,747,108,147
899,747,108,147
900,746,108,147
900,746,108,147
901,746,108,147
901,745,108,147
901,744,108,147
901,743,108,147
902,742,108,147
902,741,108,147
902,740,108,147
903,739,108,147
903,738,108,147
903,737,108,147
904,736,108,147
904,735,108,147
904,734,108,147
905,733,108,147
905,732,108,147
906,732,108,147
906,731,108,147
906,730,108,147
907,729,108,147
907,728,108,147
908,728,108,147
908,726,108,147
909,725,108,147
909,724,108,147
910,723,108,147
910,722,108,147
911,720,108,147
911,719,108,147
912,718,108,147
912,717,108,147
913,716,108,147
913,715,108,147
914,714,108,147
914,713,108,147
915,712,108,147
915,711,108,147
916,710,108,147
916,709,108,147
917,708,108,147
917,707,108,147
918,706,108,147
918,705,108,147
918,704,108,147
919,704,108,147
919,703,108,147
920,703,108,147
920,702,108,147
920,701,108,147
921,701,108,147
921,700,108,147
922,700,108,147
922,699,108,147
923,698,108,147
923,698,108,147
924,697,108,147
925,697,108,147
925,696,108,147
926,695,108,147
926,695,108,147
927,694,108,147
928,694,108,147
928,693,108,147
929,692,108,147
929,691,108,147
930,690,108,147
930,690,108,147
931,689,108,147
931,688,108,147
932,687,108,147
932,686,108,147
933,686,108,147
933,685,108,147
934,685,108,147
935,685,108,147
936,685,108,147
937,685,108,147
937,685,108,147
938,685,108,147
939,685,108,147
940,685,108,147
941,685,108,147
941,684,108,147
941,684,108,147
942,684,108,147
942,684,108,147
943,684,108,147
943,683,108,147
943,683,108,147
944,683,108,147
944,683,108,147
945,683,108,147
945,683,108,147
945,683,108,147
946,683,108,147
946,683,108,147
947,683,108,147
947,683,108,147
947,683,108,147
948,683,108,147
948,683,108,147
949,683,108,147
949,683,108,147
949,683,108,147
949,683,108,147
949,683,108,147
950,683,108,147
950,683,108,147
950,683,108,147
950,683,108,147
950,683,108,147
951,683,108,147
951,682,108,147
951,682,108,147
951,682,108,147
951,682,108,147
951,682,108,147
951,682,108,147
951,682,108,147
951,682,108,147
951,682,108,147
952,682,108,147
951,682,108,147
950,682,108,147
949,683,108,147
949,683,108,147
948,684,108,147
947,684,108,147
947,684,108,147
946,685,108,147
945,685,108,147
945,686,116,140
944,685,116,140
943,685,116,140
942,685,116,140
942,684,116,140
941,684,116,140
940,684,116,140
940,683,116,140
939,683,116,140
938,683,116,140
938,683,108,147
936,683,108,147
934,683,108,147
932,683,108,147
930,683,108,147
929,684,108,147
927,684,108,147
925,684,108,147
923,684,108,147
921,684,108,147
920,685,108,147
917,684,108,147
915,684,108,147
913,684,108,147
911,684,108,147
909,684,108,147
907,684,108,147
905,684,108,147
903,684,108,147
901,684,108,147
899,684,108,147
896,683,108,147
894,683,108,147
891,683,108,147
889,682,108,147
887,682,108,147
884,682,108,147
882,681,108,147
879,681,108,147
877,681,108,147
875,681,108,147
872,681,108,147
870,681,108,147
867,681,108,147
865,681,108,147
863,681,108,147
860,681,108,147
858,681,108,147
855,681,108,147
853,681,108,147
851,682,108,147
849,682,108,147
847,682,108,147
845,682,108,147
843,682,108,147
841,683,108,147
839,683,108,147
837,683,108,147
835,683,108,147
833,683,108,147
832,684,108,147
830,684,108,147
828,684,108,147
826,684,108,147
824,684,108,147
822,685,108,147
820,685,108,147
818,685,108,147
816,685,108,147
814,685,108,147
812,686,108,147
810,686,108,147
808,686,108,147
806,686,108,147
804,686,108,147
803,686,108,147
801,686,108,147
799,686,108,147
797,686,108,147
795,686,108,147
794,686,108,147
793,686,108,147
792,686,108,147
791,686,108,147
790,686,108,147
789,686,108,147
788,686,108,147
787,686,108,147
786,686,108,147
785,686,108,147
785,687,108,147
787,686,108,147
789,686,108,147
792,686,108,147
794,685,108,147
797,685,108,147
799,685,108,147
801,684,108,147
804,684,108,147
806,684,108,147
809,684,108,147
814,683,108,147
819,682,108,147
825,681,108,147
830,681,108,147
836,680,108,147
841,679,108,147
846,679,108,147
852,678,108,147
857,677,108,147
863,677,108,147
864,676,108,147
865,676,108,147
866,676,108,147
867,676,108,147
869,676,108,147
870,675,108,147
871,675,108,147
872,675,108,147
873,675,108,147
875,675,108,147
874,674,108,147
873,673,108,147
872,672,108,147
871,672,108,147
870,671,108,147
869,670,108,147
868,670,108,147
867,669,108,147
866,668,108,147
865,668,108,147
864,667,108,147
863,667,108,147
862,667,108,147
861,666,108,147
860,666,108,147
859,666,108,147
858,665,108,147
857,665,108,147
856,665,108,147
856,665,108,147
855,663,108,147
854,662,108,147
854,661,108,147
853,660,108,147
853,659,108,147
852,657,108,147
851,656,108,147
851,655,108,147
850,654,108,147
850,653,108,147
849,652,108,147
848,651,108,147
847,650,108,147
847,649,108,147
846,648,108,147
845,647,108,147
845,646,108,147
844,645,108,147
843,644,108,147
843,644,108,147
842,643,108,147
842,642,108,147
842,642,108,147
842,641,108,147
842,641,108,147
841,640,108,147
841,639,108,147
841,639,108,147
841,638,108,147
841,638,108,147
840,637,108,147
840,636,108,147
839,635,108,147
839,634,108,147
839,633,108,147
838,632,108,147
838,631,108,147
837,630,108,147
837,629,108,147
837,629,108,147
837,628,108,147
837,628,108,147
837,627,108,147
837,627,108,147
837,626,108,147
837,626,108,147
837,625,108,147
837,625,108,147
837,624,108,147
838,624,108,147
837,623,108,147
837,622,108,147
837,621,108,147
837,620,108,147
837,619,108,147
837,618,108,147
837,617,108,147
837,616,108,147
837,615,108,147
837,615,108,147
837,614,108,147
837,613,108,147
838,612,108,147
838,611,108,147
839,610,108,147
839,609,108,147
839,608,108,147
840,607,108,147
840,606,108,147
841,606,108,147
841,604,108,147
841,603,108,147
842,602,108,147
842,600,108,147
843,599,108,147
843,598,108,147
843,596,108,147
844,595,108,147
844,594,108,147
845,593,108,147
845,592,108,147
846,591,108,147
846,590,108,147
847,589,108,147
847,589,108,147
848,588,108,147
848,587,108,147
849,586,108,147
849,585,108,147
850,585,108,147
850,583,108,147
851,582,108,147
852,581,108,147
852,579,108,147
853,578,108,147
854,577,108,147
854,575,108,147
855,574,108,147
856,573,108,147
857,572,108,147
857,570,108,147
858,569,108,147
859,568,108,147
860,567,108,147
861,566,108,147
862,564,108,147
863,563,108,147
864,562,108,147
865,561,108,147
866,560,104,139
866,558,104,139
866,556,104,139
866,555,104,139
866,553,104,139
867,552,104,139
867,550,104,139
867,548,104,139
867,547,104,139
867,545,104,139
868,544,104,139
868,542,104,139
869,541,104,139
869,540,104,139
870,538,104,139
871,537,104,139
871,536,104,139
872,534,104,139
872,533,104,139
873,532,104,139
874,531,104,139
874,529,104,139
875,528,104,139
875,526,104,139
876,525,104,139
876,523,104,139
877,522,104,139
877,520,104,139
878,519,104,139
878,517,104,139
879,516,104,139
879,514,104,139
880,513,104,139
880,511,104,139
881,510,104,139
881,508,104,139
882,507,104,139
882,505,104,139
883,504,104,139
883,502,104,139
884,501,104,139
884,499,104,139
884,498,104,139
884,496,104,139
884,495,104,139
885,493,104,139
885,492,104,139
885,490,104,139
885,489,104,139
885,487,104,139
886,486,104,139
885,484,104,139
885,483,104,139
885,481,104,139
885,480,104,139
885,478,104,139
884,477,104,139
884,475,104,139
884,474,104,139
884,472,104,139
884,471,104,139
883,469,104,139
883,468,104,139
882,466,104,139
882,465,104,139
882,463,104,139
881,462,104,139
881,460,104,139
880,459,104,139
880,457,104,139
880,456,104,139
879,454,104,139
878,452,104,139
877,451,104,139
877,449,104,139
876,448,104,139
875,446,104,139
875,444,104,139
874,443,104,139
873,441,104,139
873,440,104,139
872,438,104,139
871,437,104,139
871,436,104,139
870,434,104,139
870,433,104,139
869,432,104,139
868,430,104,139
868,429,104,139
867,428,104,139
867,427,104,139
866,425,104,139
865,424,104,139
864,422,104,139
863,421,104,139
862,420,104,139
861,418,104,139
860,417,104,139
859,415,104,139
858,414,104,139
857,413,104,139
855,411,104,139
854,410,104,139
852,409,104,139
851,408,104,139
849,407,104,139
848,405,104,139
846,404,104,139
845,403,104,139
843,402,104,139
842,401,104,139
840,399,104,139
838,398,104,139
837,397,104,139
835,396,104,139
834,395,104,139
832,394,104,139
830,393,104,139
829,392,104,139
827,391,104,139
826,390,104,139
823,389,104,139
821,389,104,139
819,388,104,139
817,388,104,139
815,388,104,139
812,387,104,139
810,387,104,139
808,386,104,139
806,386,104,139
804,386,107,129
795,390,107,129
786,394,107,129
778,398,107,129
769,402,107,129
761,406,107,129
752,410,107,129
743,414,107,129
735,418,107,129
726,422,107,129
718,427,107,129
718,426,107,129
718,426,107,129
718,426,107,129
718,425,107,129
718,425,107,129
718,425,107,129
718,424,107,129
718,424,107,129
718,424,107,129
718,424,107,129
718,423,107,129
718,423,107,129
718,423,107,129
718,423,107,129
719,423,107,129
719,422,107,129
719,422,107,129
719,422,107,129
719,422,107,129
720,422,107,129
719,421,107,129
719,421,107,129
719,421,107,129
719,421,107,129
719,421,107,129
719,420,107,129
719,420,107,129
719,420,107,129
719,420,107,129
719,420,107,129
719,420,107,129
719,420,107,129
719,420,107,129
719,420,107,129
719,420,107,129
719,420,107,129
719,420,107,129
719,420,107,129
719,420,107,129
719,421,107,129
719,421,107,129
719,421,107,129
719,421,107,129
719,421,107,129
719,422,107,129
719,422,107,129
719,422,107,129
719,422,107,129
719,422,107,129
720,423,107,129
720,423,107,129
720,423,107,129
720,423,107,129
720,424,107,129
720,424,107,129
720,424,107,129
720,425,107,129
720,425,107,129
720,425,107,129
720,426,107,129
720,426,107,129
720,426,107,129
720,426,107,129
720,427,107,129
720,427,107,129
720,427,107,129
720,428,107,129
720,428,107,129
720,428,107,129
721,429,107,129
721,429,107,129
721,429,107,129
721,429,107,129
721,429,107,129
721,429,107,129
721,429,107,129
721,429,107,129
721,429,107,129
721,429,107,129
722,430,107,129
722,430,107,129
722,430,107,129
722,430,107,129
722,431,107,129
723,431,107,129
723,431,107,129
723,432,107,129
723,432,107,129
723,432,107,129
724,433,107,129
724,433,107,129
724,433,107,129
724,433,107,129
724,434,107,129
724,434,107,129
724,434,107,129
724,435,107,129
724,435,107,129
724,435,107,129
725,436,107,129
725,436,107,129
725,437,107,129
725,437,107,129
725,438,107,129
725,438,107,129
725,439,107,129
725,439,107,129
725,440,107,129
725,440,107,129
726,441,107,129
726,441,107,129
726,441,107,129
726,442,107,129
726,442,107,129
726,443,107,129
726,443,107,129
726,443,107,129
726,444,107,129
726,444,107,129
726,445,107,129
726,445,107,129
726,445,107,129
726,446,107,129
726,446,107,129
726,447,107,129
726,447,107,129
726,447,107,129
726,448,107,129
726,448,107,129
726,449,107,129
726,449,107,129
726,449,107,129
726,450,107,129
726,450,107,129
726,451,107,129
726,451,107,129
726,451,107,129
726,452,107,129
726,452,107,129
727,453,107,129
727,453,107,129
727,454,107,129
727,455,107,129
727,455,107,129
728,456,107,129
728,457,107,129
728,457,107,129
728,458,107,129
728,459,107,129
729,460,107,129
728,460,107,129
728,461,107,129
728,461,107,129
728,462,107,129
728,462,107,129
727,463,107,129
727,463,107,129
727,464,107,129
727,464,107,129
727,465,107,129
727,465,107,129
727,466,107,129
727,466,107,129
727,467,107,129
727,468,107,129
727,468,107,129
727,469,107,129
727,469,107,129
727,470,107,129
727,471,107,129
727,471,107,129
727,471,107,129
727,472,107,129
727,472,107,129
727,473,107,129
727,473,107,129
727,473,107,129
727,474,107,129
727,474,107,129
728,475,107,129
728,475,107,129
728,475,107,129
728,475,107,129
728,476,107,129
728,476,107,129
728,476,107,129
728,477,107,129
728,477,107,129
728,477,107,129
729,478,107,129
729,478,107,129
729,479,107,129
729,479,107,129
729,480,107,129
730,480,107,129
730,481,107,129
730,481,107,129
730,482,107,129
730,482,107,129
731,483,107,129
730,483,107,129
730,483,107,129
730,483,107,129
730,484,107,129
730,484,107,129
729,484,107,129
729,485,107,129
729,485,107,129
729,485,107,129
729,486,107,129
728,486,107,129
728,486,107,129
728,486,107,129
728,486,107,129
728,487,107,129
727,487,107,129
727,487,107,129
727,487,107,129
727,487,107,129
727,488,110,120
727,487,110,120
727,487,110,120
727,486,110,120
727,486,110,120
727,485,110,120
727,485,110,120
727,484,110,120
727,484,110,120
727,483,110,120
727,483,102,123
726,483,102,123
726,483,102,123
726,483,102,123
726,483,102,123
726,484,102,123
725,484,102,123
725,484,102,123
725,484,102,123
725,484,102,123
725,485,107,129
725,485,107,129
725,485,107,129
725,485,107,129
725,485,107,129
725,485,107,129
725,485,107,129
725,485,107,129
725,485,107,129
725,485,107,129
726,485,107,129
726,484,107,129
726,484,107,129
726,484,107,129
726,483,107,129
727,483,107,129
727,483,107,129
727,482,107,129
727,482,107,129
727,482,107,129
728,482,107,129
727,482,107,129
727,482,107,129
727,482,107,129
727,482,107,129
727,482,107,129
727,482,107,129
727,482,107,129
727,482,107,129
727,482,107,129
727,482,107,129
727,482,107,129
727,482,107,129
727,482,107,129
727,482,107,129
727,482,107,129
727,482,107,129
727,482,107,129
727,482,107,129
727,482,107,129
728,482,107,129
728,482,107,129
728,482,107,129
728,482,107,129
728,482,107,129
728,482,107,129
728,482,107,129
728,482,107,129
728,482,107,129
728,482,107,129
728,482,107,129
727,482,107,129
727,482,107,129
727,482,107,129
727,482,107,129
727,482,107,129
726,482,107,129
726,482,107,129
726,482,107,129
726,482,107,129
726,482,107,129
725,482,107,129
725,482,107,129
725,482,107,129
725,482,107,129
725,482,107,129
725,482,107,129
725,482,107,129
725,482,107,129
725,482,107,129
725,483,107,129
725,483,107,129
725,483,107,129
725,483,107,129
725,483,107,129
725,483,107,129
725,483,107,129
725,483,107,129
725,483,107,129
725,483,107,129
726,483,107,129
726,482,107,129
726,482,107,129
726,482,107,129
726,482,107,129
726,482,107,129
726,482,107,129
726,482,107,129
726,482,107,129
726,482,107,129
727,482,107,129
727,482,107,129
727,482,107,129
727,482,107,129
727,482,107,129
727,482,107,129
727,482,107,129
727,482,107,129
727,482,107,129
727,482,107,129
727,482,107,129
727,481,107,129
727,481,107,129
727,481,107,129
727,481,107,129
728,481,107,129
728,481,107,129
728,481,107,129
728,481,107,129
728,481,107,129
729,481,107,129
728,480,107,129
728,480,107,129
728,480,107,129
728,480,107,129
728,480,107,129
728,480,107,129
728,480,107,129
728,480,107,129
728,480,107,129
728,480,107,129
728,480,107,129
728,480,107,129
728,480,107,129
728,480,107,129
729,480,107,129
729,480,107,129
729,480,107,129
729,480,107,129
729,480,107,129
730,480,107,129
729,480,107,129
729,480,107,129
729,480,107,129
729,480,107,129
729,480,107,129
729,480,107,129
729,480,107,129
729,480,107,129
729,480,107,129
729,480,107,129
729,480,107,129
729,480,107,129
729,480,107,129
729,480,107,129
729,480,107,129
729,480,107,129
729,480,107,129
729,480,107,129
729,480,107,129
730,480,99,124
729,480,99,124
729,480,99,124
729,480,99,124
729,480,99,124
729,480,99,124
729,480,99,124
729,480,99,124
729,480,99,124
729,480,99,124
729,480,107,129
729,479,107,129
729,479,107,129
729,479,107,129
729,479,107,129
729,479,107,129
729,479,107,129
729,479,107,129
729,479,107,129
729,479,107,129
729,479,107,129
729,479,107,129
729,479,107,129
729,479,107,129
729,479,107,129
729,479,107,129
729,479,107,129
729,479,107,129
729,479,107,129
729,479,107,129
729,479,107,129
729,479,107,129
729,479,107,129
729,479,107,129
729,479,107,129
729,479,107,129
729,479,107,129
729,479,107,129
729,479,107,129
729,479,107,129
729,479,107,129
728,479,107,129
728,479,107,129
728,479,107,129
728,479,107,129
728,479,107,129
728,479,107,129
728,479,107,129
728,479,107,129
728,479,107,129
728,480,107,129
728,479,107,129
728,479,107,129
728,479,107,129
728,479,107,129
728,479,107,129
728,478,107,129
728,478,107,129
728,478,107,129
728,478,107,129
728,478,107,129
728,478,107,129
728,478,107,129
728,478,107,129
728,478,107,129
728,478,107,129
728,478,107,129
728,478,107,129
728,478,107,129
728,478,107,129
728,478,107,129
728,478,107,129
728,478,107,129
728,478,107,129
728,478,107,129
728,478,107,129
728,478,107,129
728,478,107,129
728,478,107,129
728,478,107,129
728,479,107,129
728,479,107,129
728,479,107,129
728,479,107,129
728,479,107,129
728,479,107,129
728,479,107,129
728,479,107,129
728,479,107,129
728,479,107,129
729,479,107,129
728,478,107,129
728,478,107,129
728,478,107,129
728,477,107,129
728,477,107,129
727,477,107,129
727,476,107,129
727,476,107,129
727,476,107,129
727,476,107,129
727,475,107,129
727,475,107,129
727,475,107,129
727,474,107,129
727,474,107,129
727,474,107,129
727,473,107,129
727,473,107,129
727,473,107,129
727,473,107,129
727,472,107,129
727,472,107,129
727,472,107,129
727,472,107,129
728,472,107,129
728,472,107,129
728,472,107,129
728,472,107,129
728,472,107,129
729,472,107,129
729,472,107,129
729,472,107,129
729,472,107,129
729,472,107,129
729,472,107,129
729,472,107,129
729,472,107,129
729,472,107,129
729,472,107,129
729,472,107,129
729,472,107,129
729,472,107,129
729,472,107,129
729,472,107,129
729,472,107,129
729,472,107,129
729,472,107,129
729,472,107,129
729,472,107,129
730,473,107,129
729,473,107,129
729,473,107,129
729,473,107,129
729,473,107,129
729,474,107,129
729,474,107,129
729,474,107,129
729,474,107,129
729,474,107,129
729,475,107,129
729,475,107,129
729,475,107,129
729,475,107,129
729,475,107,129
729,475,107,129
729,475,107,129
729,475,107,129
729,475,107,129
729,475,107,129
729,476,107,129
729,476,107,129
729,476,107,129
729,476,107,129
729,476,107,129
729,476,107,129
729,476,107,129
729,476,107,129
729,476,107,129
729,476,107,129
730,477,107,129
730,477,107,129
730,477,107,129
730,477,107,129
730,477,107,129
730,477,107,129
730,477,107,129
730,477,107,129
730,477,107,129
730,477,107,129
731,477,107,129
730,477,107,129
730,477,107,129
730,477,107,129
730,477,107,129
730,477,107,129
729,477,107,129
729,477,107,129
729,477,107,129
729,477,107,129
729,477,107,129
728,477,107,129
728,477,107,129
728,477,107,129
728,477,107,129
728,477,107,129
727,477,107,129
727,477,107,129
727,477,107,129
727,477,107,129
727,477,107,129
727,476,107,129
727,476,107,129
727,476,107,129
727,476,107,129
727,476,107,129
727,476,107,129
727,476,107,129
727,476,107,129
727,476,107,129
727,476,107,129
727,476,107,129
727,476,107,129
727,476,107,129
728,477,107,129
728,477,107,129
728,477,107,129
729,478,107,129
729,478,107,129
729,478,107,129
730,479,107,129
730,479,107,129
730,479,107,129
730,479,107,129
730,479,107,129
730,479,107,129
730,479,107,129
730,479,107,129
730,479,107,129
730,479,107,129
731,479,107,129
731,479,107,129
731,479,107,129
731,479,107,129
731,479,107,129
731,479,107,129
731,479,107,129
731,479,107,129
731,479,107,129
731,479,107,129
731,479,107,129
730,479,107,129
730,479,107,129
730,479,107,129
730,479,107,129
730,479,107,129
729,479,107,129
729,479,107,129
729,479,107,129
729,479,107,129
729,479,107,129
728,479,107,129
728,479,107,129
728,479,107,129
728,479,107,129
728,479,107,129
728,479,107,129
728,479,107,129
728,479,107,129
728,479,107,129
728,479,107,129
728,478,107,129
728,478,107,129
728,478,107,129
728,478,107,129
728,478,107,129
728,478,107,129
728,478,107,129
728,478,107,129
728,478,107,129
729,478,107,129
729,477,107,129
730,477,107,129
730,477,107,129
731,476,107,129
731,476,107,129
732,476,107,129
732,475,107,129
733,475,107,129
733,475,107,129
734,475,96,133
733,475,96,133
733,475,96,133
732,475,96,133
732,475,96,133
732,475,96,133
731,475,96,133
731,475,96,133
730,475,96,133
730,475,96,133
730,476,107,129
730,476,107,129
730,476,107,129
730,476,107,129
730,476,107,129
730,476,107,129
730,476,107,129
730,476,107,129
730,476,107,129
730,476,107,129
731,476,107,129
730,475,107,129
730,475,107,129
730,475,107,129
730,475,107,129
730,475,107,129
730,474,107,129
730,474,107,129
730,474,107,129
730,474,107,129
730,474,107,129
730,474,107,129
730,474,107,129
730,474,107,129
730,474,107,129
730,474,107,129
730,474,107,129
730,474,107,129
730,474,107,129
730,474,107,129
731,475,107,129
730,475,107,129
730,475,107,129
730,475,107,129
730,475,107,129
730,475,107,129
730,475,107,129
730,475,107,129
730,475,107,129
730,475,107,129
730,475,107,129
730,475,107,129
730,475,107,129
730,475,107,129
730,475,107,129
731,475,107,129
731,475,107,129
731,475,107,129
731,475,107,129
731,475,107,129
732,475,107,129
731,475,107,129
731,475,107,129
731,475,107,129
731,475,107,129
731,475,107,129
730,475,107,129
730,475,107,129
730,475,107,129
730,475,107,129
730,475,107,129
730,475,107,129
730,475,107,129
730,475,107,129
730,475,107,129
730,475,107,129
730,475,107,129
730,475,107,129
730,475,107,129
730,475,107,129
731,475,107,129
730,475,107,129
730,475,107,129
730,475,107,129
730,475,107,129
730,475,107,129
729,475,107,129
729,475,107,129
729,475,107,129
729,475,107,129
729,475,107,129
729,475,107,129
729,475,107,129
729,475,107,129
730,475,107,129
730,475,107,129
730,475,107,129
731,475,107,129
731,475,107,129
731,475,107,129
732,475,107,129
731,475,107,129
730,475,107,129
730,475,107,129
729,475,107,129
729,475,107,129
728,475,107,129
727,475,107,129
727,475,107,129
726,475,107,129
726,476,107,129
725,476,107,129
725,476,107,129
725,476,107,129
725,476,107,129
725,476,107,129
725,476,107,129
725,476,107,129
725,476,107,129
725,476,107,129
725,477,107,129
725,477,107,129
725,477,107,129
725,477,107,129
725,477,107,129
725,477,107,129
725,477,107,129
725,477,107,129
725,477,107,129
725,477,107,129
726,478,107,129
726,478,107,129
726,478,107,129
726,478,107,129
726,478,107,129
727,478,107,129
727,478,107,129
727,478,107,129
727,478,107,129
727,478,107,129
728,478,107,129
727,478,107,129
727,478,107,129
727,478,107,129
727,478,107,129
727,478,107,129
726,478,107,129
726,478,107,129
726,478,107,129
726,478,107,129
726,478,107,129
726,478,107,129
726,478,107,129
726,478,107,129
726,478,107,129
727,478,107,129
727,478,107,129
727,478,107,129
727,478,107,129
727,478,107,129
728,478,107,129
728,478,107,129
728,478,107,129
728,478,107,129
728,478,107,129
729,478,107,129
729,478,107,129
729,478,107,129
729,478,107,129
729,478,107,129
730,478,107,129
729,477,107,129
729,477,107,129
729,477,107,129
729,477,107,129
729,477,107,129
729,477,107,129
729,477,107,129
729,477,107,129
729,477,107,129
729,477,107,129
728,477,107,129
728,477,107,129
728,477,107,129
727,477,107,129
727,478,107,129
727,478,107,129
726,478,107,129
726,478,107,129
726,478,107,129
726,479,107,129
726,479,107,129
726,479,107,129
726,479,107,129
726,479,107,129
726,479,107,129
726,479,107,129
726,479,107,129
726,479,107,129
726,479,107,129
726,479,107,129
726,479,107,129
726,479,107,129
726,479,107,129
726,479,107,129
726,479,107,129
726,479,107,129
726,479,107,129
726,479,107,129
726,479,107,129
726,480,107,129
726,479,107,129
726,479,107,129
726,479,107,129
726,479,107,129
726,479,107,129
726,478,107,129
726,478,107,129
726,478,107,129
726,478,107,129
726,478,107,129
725,478,107,129
725,478,107,129
725,478,107,129
725,478,107,129
725,478,107,129
724,478,107,129
724,478,107,129
724,478,107,129
724,478,107,129
724,479,107,129
724,478,107,129
724,478,107,129
724,478,107,129
724,478,107,129
725,478,107,129
725,477,107,129
725,477,107,129
725,477,107,129
725,477,107,129
726,477,107,129
726,476,107,129
726,476,107,129
726,476,107,129
726,476,107,129
727,476,107,129
727,476,107,129
727,476,107,129
727,476,107,129
727,476,107,129
728,476,107,129
727,476,107,129
727,476,107,129
727,476,107,129
726,476,107,129
726,476,107,129
726,476,107,129
725,476,107,129
725,476,107,129
725,476,107,129
725,476,107,129
725,475,107,129
725,475,107,129
725,475,107,129
725,475,107,129
725,475,107,129
725,475,107,129
725,475,107,129
725,475,107,129
725,475,107,129
726,475,107,129
726,475,107,129
726,475,107,129
726,475,107,129
726,475,107,129
726,475,107,129
726,475,107,129
726,475,107,129
726,475,107,129
726,475,107,129
726,476,107,129
726,475,107,129
726,475,107,129
726,475,107,129
727,475,107,129
727,475,107,129
727,475,107,129
728,475,107,129
728,475,107,129
728,475,107,129
729,475,107,129
728,474,107,129
728,473,107,129
728,473,107,129
728,472,107,129
728,472,107,129
727,471,107,129
727,470,107,129
727,470,107,129
727,469,107,129
727,469,107,129
727,468,107,129
727,468,107,129
727,468,107,129
727,468,107,129
728,468,107,129
728,467,107,129
728,467,107,129
728,467,107,129
728,467,107,129
729,467,107,129
729,466,107,129
729,465,107,129
729,464,107,129
729,463,107,129
730,462,107,129
730,461,107,129
730,460,107,129
730,459,107,129
730,458,107,129
731,457,107,129
730,456,107,129
730,455,107,129
730,454,107,129
730,453,107,129
730,453,107,129
730,452,107,129
730,451,107,129
730,450,107,129
730,449,107,129
730,449,107,129
730,447,107,129
730,446,107,129
730,445,107,129
731,443,107,129
731,442,107,129
731,441,107,129
732,439,107,129
732,438,107,129
732,437,107,129
733,436,107,129
733,434,107,129
733,433,107,129
733,431,107,129
733,430,107,129
734,428,107,129
734,427,107,129
734,425,107,129
734,424,107,129
734,422,107,129
735,421,107,129
735,420,107,129
735,419,107,129
735,418,107,129
735,417,107,129
735,416,107,129
735,415,107,129
735,414,107,129
735,413,107,129
735,412,107,129
736,411,107,129
736,409,107,129
737,408,107,129
737,406,107,129
738,405,107,129
739,403,107,129
739,402,107,129
740,400,107,129
740,399,107,129
741,397,107,129
742,396,107,129
742,394,107,129
742,393,107,129
742,391,107,129
742,390,107,129
743,388,107,129
743,387,107,129
743,385,107,129
743,384,107,129
743,382,107,129
744,381,107,129
744,380,107,129
745,379,107,129
745,378,107,129
746,377,107,129
747,376,107,129
747,375,107,129
748,374,107,129
748,373,107,129
749,372,107,129
750,371,107,129
750,370,107,129
750,369,107,129
750,368,107,129
750,367,107,129
751,366,107,129
751,365,107,129
751,364,107,129
751,363,107,129
751,362,107,129
752,361,107,129
752,360,107,129
753,359,107,129
753,358,107,129
754,357,107,129
755,356,107,129
755,355,107,129
756,354,107,129
756,353,107,129
757,352,107,129
758,352,107,129
758,351,107,129
758,350,107,129
759,349,107,129
759,348,107,129
760,348,107,129
760,347,107,129
760,346,107,129
761,345,107,129
761,344,107,129
762,344,107,129
762,343,107,129
763,342,107,129
763,342,107,129
764,341,107,129
764,341,107,129
765,340,107,129
765,339,107,129
766,339,107,129
766,338,107,129
767,338,107,129
770,368,107,129
774,398,107,129
777,428,107,129
781,458,107,129
785,488,107,129
788,518,107,129
792,548,107,129
795,578,107,129
799,608,107,129
803,639,107,129
803,641,107,129
803,643,107,129
803,645,107,129
804,647,107,129
804,649,107,129
804,651,107,129
805,653,107,129
805,655,107,129
805,657,107,129
806,659,107,129
806,660,107,129
807,662,107,129
808,663,107,129
809,665,107,129
810,666,107,129
810,668,107,129
811,669,107,129
812,671,107,129
813,672,107,129
814,674,113,148
814,676,113,148
814,678,113,148
814,680,113,148
815,682,113,148
815,684,113,148
815,686,113,148
816,688,113,148
816,690,113,148
816,692,113,148
817,694,113,148
817,696,113,148
818,698,113,148
818,700,113,148
819,702,113,148
819,704,113,148
820,706,113,148
820,708,113,148
821,710,113,148
821,712,113,148
822,714,113,148
822,715,113,148
822,717,113,148
822,719,113,148
823,721,113,148
823,723,113,148
823,725,113,148
824,727,113,148
824,729,113,148
824,731,113,148
825,733,113,148
825,735,113,148
825,738,113,148
826,740,113,148
826,743,113,148
827,746,113,148
827,748,113,148
827,751,113,148
828,753,113,148
828,756,113,148
829,759,113,148
829,760,113,148
829,762,113,148
830,763,113,148
830,765,113,148
831,766,113,148
831,768,113,148
831,769,113,148
832,771,113,148
832,772,113,148
833,774,115,157
833,775,115,157
833,777,115,157
834,779,115,157
834,781,115,157
835,783,115,157
835,785,115,157
835,787,115,157
836,789,115,157
836,791,115,157
837,793,115,157
837,795,115,157
837,797,115,157
837,799,115,157
837,801,115,157
838,804,115,157
838,806,115,157
838,808,115,157
838,810,115,157
838,812,115,157
839,815,115,157
839,817,115,157
840,819,115,157
841,821,115,157
842,823,115,157
843,825,115,157
844,827,115,157
845,829,115,157
846,831,115,157
847,833,115,157
848,836,115,157
848,838,115,157
849,840,115,157
849,842,115,157
850,844,115,157
850,846,115,157
851,848,115,157
851,850,115,157
852,852,115,157
852,854,115,157
853,857,115,157
853,858,115,157
853,860,115,157
853,862,115,157
853,863,115,157
853,865,115,157
853,867,115,157
853,868,115,157
853,870,115,157
853,872,115,157
854,874,118,165
854,875,118,165
854,877,118,165
855,878,118,165
855,880,118,165
856,882,118,165
856,883,118,165
856,885,118,165
857,886,118,165
857,888,118,165
858,890,118,165
858,891,118,165
858,893,118,165
858,894,118,165
859,896,118,165
859,898,118,165
859,899,118,165
860,901,118,165
860,902,118,165
860,904,118,165
861,906,118,165
861,906,118,165
861,906,118,165
861,906,118,165
861,906,118,165
861,906,118,165
861,906,118,165
861,906,118,165
861,906,118,165
