1290,457,76,65
1296,458,76,65
1302,460,76,65
1308,462,76,65
1314,463,76,65
1320,465,76,65
1326,467,76,65
1332,468,76,65
1338,470,76,65
1344,472,76,65
1351,474,82,64
1355,475,82,64
1359,477,82,64
1363,479,82,64
1367,481,82,64
1371,483,82,64
1375,484,82,64
1379,486,82,64
1383,488,82,64
1387,490,82,64
1392,492,84,69
1395,492,84,69
1399,493,84,69
1403,493,84,69
1406,494,84,69
1410,495,84,69
1414,495,84,69
1417,496,84,69
1421,496,84,69
1425,497,84,69
1429,498,76,77
1435,500,76,77
1442,503,76,77
1448,505,76,77
1455,508,76,77
1461,511,76,77
1468,513,76,77
1474,516,76,77
1481,518,76,77
1487,521,76,77
1494,524,83,77
1499,525,83,77
1505,527,83,77
1510,529,83,77
1516,531,83,77
1522,533,83,77
1527,534,83,77
1533,536,83,77
1538,538,83,77
1544,540,83,77
1550,542,96,76
1555,542,96,76
1561,543,96,76
1566,544,96,76
1572,545,96,76
1577,546,96,76
1583,547,96,76
1588,548,96,76
1594,549,96,76
1599,550,96,76
1605,551,98,76
1610,551,98,76
1615,551,98,76
1621,552,98,76
1626,552,98,76
1632,553,98,76
1637,553,98,76
1642,553,98,76
1648,554,98,76
1653,554,98,76
1659,555,100,70
1664,552,100,70
1669,550,100,70
1674,548,100,70
1679,546,100,70
1685,544,100,70
1690,541,100,70
1695,539,100,70
1700,537,100,70
1705,535,100,70
1711,533,89,76
1712,531,89,76
1714,530,89,76
1716,528,89,76
1718,527,89,76
1720,525,89,76
1721,524,89,76
1723,522,89,76
1725,521,89,76
1727,519,89,76
1729,518,93,68
1731,517,93,68
1733,517,93,68
1735,517,93,68
1737,517,93,68
1739,517,93,68
1741,516,93,68
1743,516,93,68
1745,516,93,68
1747,516,93,68
1750,516,96,69
1751,515,96,69
1752,514,96,69
1753,513,96,69
1754,512,96,69
1755,511,96,69
1756,510,96,69
1757,509,96,69
1758,508,96,69
1759,507,96,69
1761,507,96,76
1763,507,96,76
1766,507,96,76
1769,507,96,76
1771,507,96,76
1774,508,96,76
1777,508,96,76
1779,508,96,76
1782,508,96,76
1785,508,96,76
1788,509,94,78
1790,509,94,78
1793,510,94,78
1796,510,94,78
1799,511,94,78
1802,511,94,78
1805,512,94,78
1808,512,94,78
1811,513,94,78
1814,513,94,78
1817,514,88,82
1816,514,88,82
1815,515,88,82
1815,515,88,82
1814,516,88,82
1814,517,88,82
1813,517,88,82
1812,518,88,82
1812,518,88,82
1811,519,88,82
1811,520,100,87
1806,520,100,87
1802,520,100,87
1798,520,100,87
1794,521,100,87
1790,521,100,87
1786,521,100,87
1782,522,100,87
1778,522,100,87
1774,522,100,87
1770,523,88,88
1756,524,88,88
1742,525,88,88
1729,526,88,88
1715,528,88,88
1702,529,88,88
1688,530,88,88
1674,532,88,88
1661,533,88,88
1647,534,88,88
1634,536,88,78
1623,536,88,78
1612,536,88,78
1601,536,88,78
1590,536,88,78
1579,537,88,78
1568,537,88,78
1557,537,88,78
1546,537,88,78
1535,537,88,78
1525,538,80,79
1516,538,80,79
1507,538,80,79
1498,539,80,79
1489,539,80,79
1480,540,80,79
1471,540,80,79
1462,540,80,79
1453,541,80,79
1444,541,80,79
1435,542,85,85
1429,544,85,85
1424,547,85,85
1418,549,85,85
1413,552,85,85
1407,554,85,85
1402,557,85,85
1396,559,85,85
1391,562,85,85
1385,564,85,85
1380,567,83,86
1376,569,83,86
1372,571,83,86
1368,573,83,86
1364,575,83,86
1360,578,83,86
1356,580,83,86
1352,582,83,86
1348,584,83,86
1344,586,83,86
1340,589,95,83
1337,590,95,83
1334,591,95,83
1331,592,95,83
1328,593,95,83
1326,594,95,83
1323,595,95,83
1320,596,95,83
1317,597,95,83
1314,598,95,83
1312,599,92,93
1308,601,92,93
1305,603,92,93
1302,605,92,93
1298,608,92,93
1295,610,92,93
1292,612,92,93
1288,615,92,93
1285,617,92,93
1282,619,92,93
1279,622,85,98
1277,623,85,98
1275,625,85,98
1273,626,85,98
1272,628,85,98
1270,630,85,98
1268,631,85,98
1267,633,85,98
1265,634,85,98
1263,636,85,98
1262,638,82,94
1266,639,82,94
1270,641,82,94
1274,642,82,94
1278,644,82,94
1283,645,82,94
1287,647,82,94
1291,648,82,94
1295,650,82,94
1299,651,82,94
1304,653,72,102
1306,653,72,102
1308,654,72,102
1310,655,72,102
1313,656,72,102
1315,657,72,102
1317,657,72,102
1320,658,72,102
1322,659,72,102
1324,660,72,102
1327,661,76,104
1326,661,76,104
1325,661,76,104
1324,661,76,104
1323,661,76,104
1322,662,76,104
1321,662,76,104
1320,662,76,104
1319,662,76,104
1318,662,76,104
1318,663,76,92
1316,662,76,92
1315,661,76,92
1314,661,76,92
1313,660,76,92
1312,660,76,92
1311,659,76,92
1310,658,76,92
1309,658,76,92
1308,657,76,92
1307,657,76,87
1306,655,76,87
1306,653,76,87
1306,652,76,87
1306,650,76,87
1306,649,76,87
1305,647,76,87
1305,645,76,87
1305,644,76,87
1305,642,76,87
1305,641,74,91
1304,639,74,91
1303,638,74,91
1302,636,74,91
1302,635,74,91
1301,634,74,91
1300,632,74,91
1300,631,74,91
1299,629,74,91
1298,628,74,91
1298,627,70,97
1297,626,70,97
1297,625,70,97
1296,624,70,97
1296,623,70,97
1296,622,70,97
1295,621,70,97
1295,620,70,97
1294,619,70,97
1294,618,70,97
1294,617,65,102
1293,615,65,102
1293,614,65,102
1292,613,65,102
1292,611,65,102
1292,610,65,102
1291,609,65,102
1291,607,65,102
1290,606,65,102
1290,605,65,102
1290,604,65,99
1289,602,65,99
1289,600,65,99
1289,599,65,99
1288,597,65,99
1288,596,65,99
1288,594,65,99
1287,592,65,99
1287,591,65,99
1287,589,65,99
1287,588,67,93
1287,587,67,93
1287,587,67,93
1287,586,67,93
1288,586,67,93
1288,585,67,93
1288,585,67,93
1289,584,67,93
1289,584,67,93
1289,583,67,93
1290,583,69,89
1290,581,69,89
1291,580,69,89
1291,579,69,89
1292,577,69,89
1293,576,69,89
1293,575,69,89
1294,573,69,89
1294,572,69,89
1295,571,69,89
1296,570,76,93
1296,568,76,93
1297,567,76,93
1298,566,76,93
1299,565,76,93
1300,564,76,93
1301,562,76,93
1302,561,76,93
1303,560,76,93
1304,559,76,93
1305,558,74,93
1305,556,74,93
1306,555,74,93
1307,554,74,93
1308,553,74,93
1309,552,74,93
1309,550,74,93
1310,549,74,93
1311,548,74,93
1312,547,74,93
1313,546,68,88
1313,546,68,88
1314,546,68,88
1315,546,68,88
1315,546,68,88
1316,547,68,88
1317,547,68,88
1317,547,68,88
1318,547,68,88
1319,547,68,88
1320,548,67,91
1320,547,67,91
1321,546,67,91
1322,545,67,91
1322,544,67,91
1323,544,67,91
1324,543,67,91
1324,542,67,91
1325,541,67,91
1326,540,67,91
1327,540,72,97
1328,540,72,97
1330,540,72,97
1331,540,72,97
1333,540,72,97
1334,540,72,97
1336,540,72,97
1337,540,72,97
1339,540,72,97
1340,540,72,97
1342,540,74,91
1344,540,74,91
1346,541,74,91
1348,542,74,91
1350,542,74,91
1352,543,74,91
1354,544,74,91
1356,544,74,91
1358,545,74,91
1360,546,74,91
1363,547,77,97
1367,551,77,97
1372,556,77,97
1377,561,77,97
1382,565,77,97
1387,570,77,97
1391,575,77,97
1396,579,77,97
1401,584,77,97
1406,589,77,97
1411,594,69,91
1415,596,69,91
1419,598,69,91
1423,601,69,91
1428,603,69,91
1432,606,69,91
1436,608,69,91
1441,610,69,91
1445,613,69,91
1449,615,69,91
1454,618,85,95
1459,619,85,95
1464,620,85,95
1470,621,85,95
1475,622,85,95
1481,623,85,95
1486,624,85,95
1491,625,85,95
1497,626,85,95
1502,627,85,95
1508,628,91,97
1512,628,91,97
1516,628,91,97
1520,628,91,97
1525,628,91,97
1529,628,91,97
1533,628,91,97
1538,628,91,97
1542,628,91,97
1546,628,91,97
1551,629,101,97
1555,628,101,97
1559,627,101,97
1563,627,101,97
1568,626,101,97
1572,626,101,97
1576,625,101,97
1581,624,101,97
1585,624,101,97
1589,623,101,97
1594,623,98,89
1595,622,98,89
1596,622,98,89
1597,621,98,89
1599,621,98,89
1600,620,98,89
1601,620,98,89
1603,619,98,89
1604,619,98,89
1605,618,98,89
1607,618,100,95
1603,617,100,95
1600,617,100,95
1597,616,100,95
1594,616,100,95
1591,615,100,95
1587,615,100,95
1584,614,100,95
1581,614,100,95
1578,613,100,95
1575,613,94,83
1569,611,94,83
1563,610,94,83
1557,609,94,83
1552,608,94,83
1546,607,94,83
1540,605,94,83
1535,604,94,83
1529,603,94,83
1523,602,94,83
1518,601,74,78
1512,599,74,78
1507,597,74,78
1501,595,74,78
1496,594,74,78
1490,592,74,78
1485,590,74,78
1479,589,74,78
1474,587,74,78
1468,585,74,78
1463,584,65,71
1457,583,65,71
1451,582,65,71
1445,581,65,71
1439,581,65,71
1434,580,65,71
1428,579,65,71
1422,579,65,71
1416,578,65,71
1410,577,65,71
1405,577,48,67
1398,577,48,67
1392,577,48,67
1385,577,48,67
1379,578,48,67
1373,578,48,67
1366,578,48,67
1360,579,48,67
1353,579,48,67
1347,579,48,67
1341,580,44,52
1335,577,44,52
1329,574,44,52
1323,571,44,52
1317,569,44,52
1311,566,44,52
1305,563,44,52
1299,561,44,52
1293,558,44,52
1287,555,44,52
1281,553,40,63
1274,551,40,63
1268,549,40,63
1262,547,40,63
1256,545,40,63
1250,543,40,63
1243,541,40,63
1237,539,40,63
1231,537,40,63
1225,535,40,63
1219,534,44,74
1212,532,44,74
1205,531,44,74
1199,530,44,74
1192,528,44,74
1186,527,44,74
1179,526,44,74
1172,524,44,74
1166,523,44,74
1159,522,44,74
1153,521,64,78
1148,520,64,78
1144,520,64,78
1140,520,64,78
1135,519,64,78
1131,519,64,78
1127,519,64,78
1122,518,64,78
1118,518,64,78
1114,518,64,78
1110,518,78,71
1106,518,78,71
1103,518,78,71
1100,518,78,71
1097,519,78,71
1094,519,78,71
1091,519,78,71
1088,520,78,71
1085,520,78,71
1082,520,78,71
1079,521,84,65
1077,520,84,65
1076,520,84,65
1075,520,84,65
1074,519,84,65
1073,519,84,65
1071,519,84,65
1070,518,84,65
1069,518,84,65
1068,518,84,65
1067,518,84,67
1066,517,84,67
1065,517,84,67
1064,517,84,67
1063,517,84,67
1062,517,84,67
1061,516,84,67
1060,516,84,67
1059,516,84,67
1058,516,84,67
1057,516,85,74
1055,516,85,74
1054,516,85,74
1053,516,85,74
1052,516,85,74
1051,517,85,74
1050,517,85,74
1049,517,85,74
1048,517,85,74
1047,517,85,74
1046,518,91,78
1045,517,91,78
1044,517,91,78
1043,517,91,78
1042,517,91,78
1042,517,91,78
1041,516,91,78
1040,516,91,78
1039,516,91,78
1038,516,91,78
1038,516,91,72
1038,515,91,72
1038,515,91,72
1038,515,91,72
1039,515,91,72
1039,515,91,72
1039,514,91,72
1040,514,91,72
1040,514,91,72
1040,514,91,72
1041,514,92,69
1042,513,92,69
1043,513,92,69
1044,512,92,69
1045,512,92,69
1047,512,92,69
1048,511,92,69
1049,511,92,69
1050,510,92,69
1051,510,92,69
1053,510,98,63
1054,508,98,63
1056,507,98,63
1058,506,98,63
1060,505,98,63
1062,504,98,63
1064,503,98,63
1066,502,98,63
1068,501,98,63
1070,500,98,63
1072,499,97,65
1072,498,97,65
1073,497,97,65
1073,496,97,65
1074,495,97,65
1074,494,97,65
1075,493,97,65
1075,492,97,65
1076,491,97,65
1076,490,97,65
1077,489,91,65
1076,488,91,65
1075,487,91,65
1074,486,91,65
1074,485,91,65
1073,485,91,65
1072,484,91,65
1072,483,91,65
1071,482,91,65
1070,481,91,65
1070,481,93,63
1069,480,93,63
1068,479,93,63
1068,478,93,63
1067,478,93,63
1067,477,93,63
1066,476,93,63
1065,476,93,63
1065,475,93,63
1064,474,93,63
1064,474,81,74
1062,474,81,74
1061,474,81,74
1060,474,81,74
1058,474,81,74
1057,474,81,74
1056,474,81,74
1054,474,81,74
1053,474,81,74
1052,474,81,74
1051,474,76,68
1049,472,76,68
1048,470,76,68
1046,468,76,68
1045,466,76,68
1044,464,76,68
1042,462,76,68
1041,460,76,68
1039,458,76,68
1038,456,76,68
1037,455,79,74
1034,454,79,74
1032,454,79,74
1029,454,79,74
1027,454,79,74
1025,454,79,74
1022,453,79,74
1020,453,79,74
1017,453,79,74
1015,453,79,74
1013,453,68,82
1009,452,68,82
1005,452,68,82
1002,452,68,82
998,452,68,82
995,452,68,82
991,451,68,82
987,451,68,82
984,451,68,82
980,451,68,82
977,451,69,82
973,450,69,82
970,449,69,82
967,448,69,82
964,448,69,82
961,447,69,82
958,446,69,82
955,446,69,82
952,445,69,82
949,444,69,82
946,444,57,83
942,443,57,83
939,443,57,83
936,442,57,83
932,442,57,83
929,442,57,83
926,441,57,83
922,441,57,83
919,440,57,83
916,440,57,83
913,440,62,78
910,439,62,78
908,439,62,78
906,438,62,78
904,438,62,78
902,437,62,78
900,437,62,78
898,436,62,78
896,436,62,78
894,435,62,78
892,435,61,83
889,434,61,83
887,434,61,83
885,434,61,83
883,434,61,83
881,434,61,83
878,433,61,83
876,433,61,83
874,433,61,83
872,433,61,83
870,433,59,79
869,432,59,79
868,432,59,79
867,431,59,79
866,431,59,79
865,431,59,79
864,430,59,79
863,430,59,79
862,429,59,79
861,429,59,79
861,429,57,80
860,429,57,80
860,429,57,80
860,429,57,80
860,429,57,80
860,430,57,80
859,430,57,80
859,430,57,80
859,430,57,80
859,430,57,80
859,431,60,76
853,430,60,76
847,429,60,76
841,429,60,76
835,428,60,76
830,428,60,76
824,427,60,76
818,426,60,76
812,426,60,76
806,425,60,76
801,425,58,81
800,424,58,81
799,424,58,81
798,424,58,81
797,423,58,81
796,423,58,81
795,423,58,81
794,422,58,81
793,422,58,81
792,422,58,81
792,422,59,79
793,421,59,79
795,421,59,79
797,421,59,79
799,421,59,79
801,421,59,79
802,420,59,79
804,420,59,79
806,420,59,79
808,420,59,79
810,420,56,78
811,419,56,78
812,419,56,78
814,419,56,78
815,419,56,78
817,419,56,78
818,418,56,78
819,418,56,78
821,418,56,78
822,418,56,78
824,418,57,78
823,417,57,78
823,417,57,78
822,417,57,78
822,417,57,78
822,417,57,78
821,416,57,78
821,416,57,78
820,416,57,78
820,416,57,78
820,416,55,76
819,415,55,76
818,415,55,76
817,415,55,76
817,415,55,76
816,415,55,76
815,414,55,76
815,414,55,76
814,414,55,76
813,414,55,76
813,414,57,76
812,413,57,76
811,413,57,76
810,413,57,76
809,413,57,76
809,413,57,76
808,412,57,76
807,412,57,76
806,412,57,76
805,412,57,76
805,412,61,76
804,411,61,76
804,411,61,76
803,411,61,76
803,411,61,76
803,411,61,76
802,411,61,76
802,411,61,76
801,411,61,76
801,411,61,76
801,411,58,74
801,410,58,74
801,410,58,74
801,410,58,74
801,410,58,74
801,410,58,74
801,409,58,74
801,409,58,74
801,409,58,74
801,409,58,74
801,409,52,72
800,408,52,72
800,408,52,72
800,408,52,72
800,408,52,72
800,408,52,72
800,407,52,72
800,407,52,72
800,407,52,72
800,407,52,72
800,407,50,74
799,406,50,74
798,406,50,74
797,405,50,74
796,405,50,74
795,405,50,74
794,404,50,74
793,404,50,74
792,403,50,74
791,403,50,74
790,403,54,74
788,403,54,74
786,403,54,74
785,403,54,74
783,403,54,74
782,403,54,74
780,403,54,74
778,403,54,74
777,403,54,74
775,403,54,74
774,403,61,71
774,402,61,71
775,402,61,71
775,402,61,71
776,402,61,71
776,402,61,71
777,401,61,71
777,401,61,71
778,401,61,71
778,401,61,71
779,401,59,71
778,400,59,71
778,400,59,71
778,400,59,71
777,400,59,71
777,400,59,71
777,399,59,71
776,399,59,71
776,399,59,71
776,399,59,71
776,399,59,71
775,398,59,71
774,398,59,71
774,398,59,71
773,397,59,71
773,397,59,71
772,397,59,71
771,396,59,71
771,396,59,71
770,396,59,71
770,396,54,66
770,395,54,66
770,395,54,66
770,395,54,66
770,394,54,66
770,394,54,66
770,394,54,66
770,393,54,66
770,393,54,66
770,393,54,66
770,393,50,66
770,392,50,66
770,392,50,66
770,392,50,66
770,392,50,66
770,392,50,66
770,391,50,66
770,391,50,66
770,391,50,66
770,391,50,66
770,391,50,66
692,351,50,66
615,312,50,66
538,273,50,66
461,234,50,66
384,195,50,66
307,155,50,66
230,116,50,66
153,77,50,66
76,38,50,66
-1,-1,-1,-1
-1,-1,-1,-1
-1,-1,-1,-1
-1,-1,-1,-1
-1,-1,-1,-1
-1,-1,-1,-1
-1,-1,-1,-1
-1,-1,-1,-1
-1,-1,-1,-1
-1,-1,-1,-1
-1,-1,-1,-1
-1,-1,-1,-1
-1,-1,-1,-1
-1,-1,-1,-1
-1,-1,-1,-1
-1,-1,-1,-1
-1,-1,-1,-1
-1,-1,-1,-1
-1,-1,-1,-1
-1,-1,-1,-1
-1,-1,-1,-1
-1,-1,-1,-1
-1,-1,-1,-1
-1,-1,-1,-1
-1,-1,-1,-1
-1,-1,-1,-1
-1,-1,-1,-1
-1,-1,-1,-1
-1,-1,-1,-1
-1,-1,-1,-1
-1,-1,-1,-1
-1,-1,-1,-1
-1,-1,-1,-1
-1,-1,-1,-1
-1,-1,-1,-1
-1,-1,-1,-1
-1,-1,-1,-1
-1,-1,-1,-1
-1,-1,-1,-1
-1,-1,-1,-1
-1,-1,-1,-1
-1,-1,-1,-1
-1,-1,-1,-1
-1,-1,-1,-1
-1,-1,-1,-1
-1,-1,-1,-1
-1,-1,-1,-1
-1,-1,-1,-1
-1,-1,-1,-1
-1,-1,-1,-1
-1,-1,-1,-1
-1,-1,-1,-1
-1,-1,-1,-1
-1,-1,-1,-1
-1,-1,-1,-1
-1,-1,-1,-1
-1,-1,-1,-1
-1,-1,-1,-1
-1,-1,-1,-1
-1,-1,-1,-1
-1,-1,-1,-1
-1,-1,-1,-1
-1,-1,-1,-1
-1,-1,-1,-1
-1,-1,-1,-1
-1,-1,-1,-1
-1,-1,-1,-1
-1,-1,-1,-1
-1,-1,-1,-1
-1,-1,-1,-1
-1,-1,-1,-1
-1,-1,-1,-1
-1,-1,-1,-1
-1,-1,-1,-1
-1,-1,-1,-1
-1,-1,-1,-1
-1,-1,-1,-1
-1,-1,-1,-1
-1,-1,-1,-1
-1,-1,-1,-1
-1,-1,-1,-1
-1,-1,-1,-1
-1,-1,-1,-1
-1,-1,-1,-1
-1,-1,-1,-1
-1,-1,-1,-1
-1,-1,-1,-1
-1,-1,-1,-1
-1,-1,-1,-1
-1,-1,-1,-1
-1,-1,-1,-1
-1,-1,-1,-1
-1,-1,-1,-1
-1,-1,-1,-1
-1,-1,-1,-1
-1,-1,-1,-1
-1,-1,-1,-1
-1,-1,-1,-1
-1,-1,-1,-1
-1,-1,-1,-1
-1,-1,-1,-1
-1,-1,-1,-1
-1,-1,-1,-1
-1,-1,-1,-1
-1,-1,-1,-1
-1,-1,-1,-1
-1,-1,-1,-1
-1,-1,-1,-1
-1,-1,-1,-1
-1,-1,-1,-1
-1,-1,-1,-1
-1,-1,-1,-1
-1,-1,-1,-1
-1,-1,-1,-1
-1,-1,-1,-1
-1,-1,-1,-1
-1,-1,-1,-1
-1,-1,-1,-1
-1,-1,-1,-1
-1,-1,-1,-1
-1,-1,-1,-1
-1,-1,-1,-1
-1,-1,-1,-1
-1,-1,-1,-1
-1,-1,-1,-1
-1,-1,-1,-1
-1,-1,-1,-1
-1,-1,-1,-1
-1,-1,-1,-1
-1,-1,-1,-1
-1,-1,-1,-1
-1,-1,-1,-1
-1,-1,-1,-1
-1,-1,-1,-1
-1,-1,-1,-1
-1,-1,-1,-1
-1,-1,-1,-1
-1,-1,-1,-1
-1,-1,-1,-1
-1,-1,-1,-1
-1,-1,-1,-1
-1,-1,-1,-1
-1,-1,-1,-1
-1,-1,-1,-1
-1,-1,-1,-1
-1,-1,-1,-1
-1,-1,-1,-1
-1,-1,-1,-1
-1,-1,-1,-1
-1,-1,-1,-1
-1,-1,-1,-1
-1,-1,-1,-1
-1,-1,-1,-1
-1,-1,-1,-1
-1,-1,-1,-1
-1,-1,-1,-1
-1,-1,-1,-1
-1,-1,-1,-1
-1,-1,-1,-1
-1,-1,-1,-1
-1,-1,-1,-1
-1,-1,-1,-1
-1,-1,-1,-1
-1,-1,-1,-1
-1,-1,-1,-1
-1,-1,-1,-1
-1,-1,-1,-1
-1,-1,-1,-1
-1,-1,-1,-1
-1,-1,-1,-1
-1,-1,-1,-1
-1,-1,-1,-1
-1,-1,-1,-1
-1,-1,-1,-1
-1,-1,-1,-1
-1,-1,-1,-1
-1,-1,-1,-1
-1,-1,-1,-1
-1,-1,-1,-1
-1,-1,-1,-1
-1,-1,-1,-1
-1,-1,-1,-1
-1,-1,-1,-1
-1,-1,-1,-1
-1,-1,-1,-1
-1,-1,-1,-1
-1,-1,-1,-1
-1,-1,-1,-1
-1,-1,-1,-1
-1,-1,-1,-1
-1,-1,-1,-1
-1,-1,-1,-1
-1,-1,-1,-1
-1,-1,-1,-1
-1,-1,-1,-1
-1,-1,-1,-1
-1,-1,-1,-1
-1,-1,-1,-1
-1,-1,-1,-1
-1,-1,-1,-1
-1,-1,-1,-1
-1,-1,-1,-1
-1,-1,-1,-1
-1,-1,-1,-1
-1,-1,-1,-1
-1,-1,-1,-1
-1,-1,-1,-1
-1,-1,-1,-1
-1,-1,-1,-1
-1,-1,-1,-1
-1,-1,-1,-1
-1,-1,-1,-1
-1,-1,-1,-1
-1,-1,-1,-1
-1,-1,-1,-1
-1,-1,-1,-1
-1,-1,-1,-1
-1,-1,-1,-1
-1,-1,-1,-1
-1,-1,-1,-1
-1,-1,-1,-1
-1,-1,-1,-1
-1,-1,-1,-1
-1,-1,-1,-1
-1,-1,-1,-1
-1,-1,-1,-1
-1,-1,-1,-1
-1,-1,-1,-1
-1,-1,-1,-1
-1,-1,-1,-1
-1,-1,-1,-1
-1,-1,-1,-1
-1,-1,-1,-1
-1,-1,-1,-1
-1,-1,-1,-1
-1,-1,-1,-1
-1,-1,-1,-1
-1,-1,-1,-1
-1,-1,-1,-1
-1,-1,-1,-1
-1,-1,-1,-1
-1,-1,-1,-1
-1,-1,-1,-1
-1,-1,-1,-1
-1,-1,-1,-1
-1,-1,-1,-1
-1,-1,-1,-1
-1,-1,-1,-1
-1,-1,-1,-1
-1,-1,-1,-1
-1,-1,-1,-1
-1,-1,-1,-1
-1,-1,-1,-1
-1,-1,-1,-1
-1,-1,-1,-1
-1,-1,-1,-1
-1,-1,-1,-1
-1,-1,-1,-1
-1,-1,-1,-1
-1,-1,-1,-1
-1,-1,-1,-1
-1,-1,-1,-1
-1,-1,-1,-1
-1,-1,-1,-1
-1,-1,-1,-1
-1,-1,-1,-1
-1,-1,-1,-1
-1,-1,-1,-1
-1,-1,-1,-1
-1,-1,-1,-1
-1,-1,-1,-1
-1,-1,-1,-1
-1,-1,-1,-1
-1,-1,-1,-1
-1,-1,-1,-1
-1,-1,-1,-1
-1,-1,-1,-1
-1,-1,-1,-1
-1,-1,-1,-1
-1,-1,-1,-1
-1,-1,-1,-1
82,47,-1,-1
165,96,-1,-1
248,144,-1,-1
331,193,-1,-1
415,242,-1,-1
498,290,-1,-1
581,339,-1,-1
664,387,-1,-1
747,436,-1,-1
831,485,33,70
830,485,33,70
830,485,33,70
830,485,33,70
830,485,33,70
830,485,33,70
829,485,33,70
829,485,33,70
829,485,33,70
829,485,33,70
829,485,34,68
829,484,34,68
829,484,34,68
829,484,34,68
829,484,34,68
830,484,34,68
830,483,34,68
830,483,34,68
830,483,34,68
830,483,34,68
831,483,30,72
830,483,30,72
829,483,30,72
828,483,30,72
827,483,30,72
826,483,30,72
825,483,30,72
824,483,30,72
823,483,30,72
822,483,30,72
822,483,37,70
821,483,37,70
821,483,37,70
820,483,37,70
820,483,37,70
820,483,37,70
819,483,37,70
819,483,37,70
818,483,37,70
818,483,37,70
818,483,39,66
818,482,39,66
818,482,39,66
818,481,39,66
818,481,39,66
818,481,39,66
818,480,39,66
818,480,39,66
818,479,39,66
818,479,39,66
818,479,37,70
818,479,37,70
818,479,37,70
818,479,37,70
818,479,37,70
819,479,37,70
819,479,37,70
819,479,37,70
819,479,37,70
819,479,37,70
820,479,37,70
820,478,37,70
820,478,37,70
820,478,37,70
820,478,37,70
820,478,37,70
820,477,37,70
820,477,37,70
820,477,37,70
820,477,37,70
820,477,39,71
820,477,39,71
820,477,39,71
820,477,39,71
820,477,39,71
821,477,39,71
821,477,39,71
821,477,39,71
821,477,39,71
821,477,39,71
822,477,39,69
822,476,39,69
823,476,39,69
824,476,39,69
824,476,39,69
825,476,39,69
826,475,39,69
826,475,39,69
827,475,39,69
828,475,39,69
829,475,39,69
829,474,39,69
830,473,39,69
831,472,39,69
832,471,39,69
833,470,39,69
834,469,39,69
835,468,39,69
836,467,39,69
837,466,39,69
838,465,39,69
839,465,39,69
840,465,39,69
841,465,39,69
843,465,39,69
844,465,39,69
845,465,39,69
847,465,39,69
848,465,39,69
849,465,39,69
851,465,39,69
853,465,39,69
855,465,39,69
857,465,39,69
859,465,39,69
861,465,39,69
863,465,39,69
865,465,39,69
867,465,39,69
869,465,39,69
871,465,39,69
872,465,39,69
873,465,39,69
874,465,39,69
875,465,39,69
877,465,39,69
878,465,39,69
879,465,39,69
880,465,39,69
881,465,39,69
883,465,39,69
883,465,39,69
884,465,39,69
885,465,39,69
886,465,39,69
887,465,39,69
888,465,39,69
889,465,39,69
890,465,39,69
891,465,39,69
892,465,39,69
893,465,39,69
895,466,39,69
896,466,39,69
898,467,39,69
899,467,39,69
901,468,39,69
902,468,39,69
904,469,39,69
905,469,39,69
907,470,39,69
907,470,39,69
908,471,39,69
908,472,39,69
909,473,39,69
910,474,39,69
910,474,39,69
911,475,39,69
911,476,39,69
912,477,39,69
913,478,45,73
913,479,45,73
914,480,45,73
914,482,45,73
915,483,45,73
915,485,45,73
916,486,45,73
916,487,45,73
917,489,45,73
917,490,45,73
918,492,54,70
919,492,54,70
920,493,54,70
922,494,54,70
923,495,54,70
925,496,54,70
926,496,54,70
927,497,54,70
929,498,54,70
930,499,54,70
932,500,54,70
932,501,54,70
933,502,54,70
933,503,54,70
934,504,54,70
935,505,54,70
935,506,54,70
936,507,54,70
936,508,54,70
937,509,54,70
938,511,63,74
939,512,63,74
940,513,63,74
941,514,63,74
942,516,63,74
943,517,63,74
944,518,63,74
945,520,63,74
946,521,63,74
947,522,63,74
948,524,61,74
949,525,61,74
951,526,61,74
952,527,61,74
954,528,61,74
956,529,61,74
957,530,61,74
959,531,61,74
960,532,61,74
962,533,61,74
964,535,55,72
965,536,55,72
966,537,55,72
967,538,55,72
968,539,55,72
969,540,55,72
970,541,55,72
971,542,55,72
972,543,55,72
973,544,55,72
975,546,52,74
975,546,52,74
975,547,52,74
976,548,52,74
976,549,52,74
977,550,52,74
977,551,52,74
977,552,52,74
978,553,52,74
978,554,52,74
979,555,45,72
979,555,45,72
979,556,45,72
979,557,45,72
979,557,45,72
979,558,45,72
979,559,45,72
979,559,45,72
979,560,45,72
979,561,45,72
979,562,41,71
978,562,41,71
978,562,41,71
978,563,41,71
978,563,41,71
978,564,41,71
977,564,41,71
977,564,41,71
977,565,41,71
977,565,41,71
977,566,50,83
976,566,50,83
976,567,50,83
976,568,50,83
975,569,50,83
975,570,50,83
975,570,50,83
974,571,50,83
974,572,50,83
974,573,50,83
974,574,59,79
974,575,59,79
974,576,59,79
974,577,59,79
975,578,59,79
975,579,59,79
975,580,59,79
976,581,59,79
976,582,59,79
976,583,59,79
977,585,71,76
977,585,71,76
978,586,71,76
979,587,71,76
980,587,71,76
981,588,71,76
981,589,71,76
982,589,71,76
983,590,71,76
984,591,71,76
985,592,81,76
985,593,81,76
986,594,81,76
987,595,81,76
988,596,81,76
989,597,81,76
990,598,81,76
991,599,81,76
992,600,81,76
993,601,81,76
994,603,69,78
994,603,69,78
995,604,69,78
996,604,69,78
997,605,69,78
998,606,69,78
999,606,69,78
1000,607,69,78
1001,607,69,78
1002,608,69,78
1003,609,48,87
1003,614,48,87
1003,620,48,87
1003,626,48,87
1003,631,48,87
1003,637,48,87
1003,643,48,87
1003,648,48,87
1003,654,48,87
1003,660,48,87
1003,666,43,105
1001,671,43,105
1000,676,43,105
999,681,43,105
998,686,43,105
997,692,43,105
996,697,43,105
995,702,43,105
994,707,43,105
993,712,43,105
992,718,45,81
992,720,45,81
992,722,45,81
992,724,45,81
992,726,45,81
992,728,45,81
992,730,45,81
992,732,45,81
992,734,45,81
992,736,45,81
993,738,69,88
994,737,69,88
996,737,69,88
997,736,69,88
999,736,69,88
1001,735,69,88
1002,735,69,88
1004,734,69,88
1005,734,69,88
1007,733,69,88
1009,733,94,72
1012,732,94,72
1015,731,94,72
1019,730,94,72
1022,729,94,72
1026,728,94,72
1029,727,94,72
1032,726,94,72
1036,725,94,72
1039,724,94,72
1043,723,100,74
1048,722,100,74
1053,722,100,74
1058,721,100,74
1063,721,100,74
1068,720,100,74
1073,720,100,74
1078,719,100,74
1083,719,100,74
1088,718,100,74
1094,718,96,76
1097,718,96,76
1101,718,96,76
1105,718,96,76
1109,718,96,76
1113,718,96,76
1117,718,96,76
1121,718,96,76
1125,718,96,76
1129,718,96,76
1133,718,96,74
1137,718,96,74
1142,718,96,74
1147,718,96,74
1152,718,96,74
1157,718,96,74
1161,718,96,74
1166,718,96,74
1171,718,96,74
1176,718,96,74
1181,718,87,74
1184,717,87,74
1188,717,87,74
1191,716,87,74
1195,716,87,74
1198,716,87,74
1202,715,87,74
1205,715,87,74
1209,714,87,74
1212,714,87,74
1216,714,91,82
1219,712,91,82
1222,710,91,82
1225,708,91,82
1228,706,91,82
1231,705,91,82
1234,703,91,82
1237,701,91,82
1240,699,91,82
1243,697,91,82
1247,696,85,72
1251,693,85,72
1255,690,85,72
1259,687,85,72
1263,684,85,72
1267,682,85,72
1271,679,85,72
1275,676,85,72
1279,673,85,72
1283,670,85,72
1288,668,93,61
1288,665,93,61
1289,662,93,61
1290,659,93,61
1291,656,93,61
1292,654,93,61
1292,651,93,61
1293,648,93,61
1294,645,93,61
1295,642,93,61
1296,640,85,61
1294,638,85,61
1293,636,85,61
1291,634,85,61
1290,632,85,61
1289,630,85,61
1287,628,85,61
1286,626,85,61
1284,624,85,61
1283,622,85,61
1282,621,91,61
1282,618,91,61
1282,616,91,61
1282,613,91,61
1282,611,91,61
1282,609,91,61
1282,606,91,61
1282,604,91,61
1282,601,91,61
1282,599,91,61
1282,597,92,69
1283,594,92,69
1284,591,92,69
1285,588,92,69
1286,585,92,69
1287,582,92,69
1288,579,92,69
1289,576,92,69
1290,573,92,69
1291,570,92,69
1292,567,80,61
1294,565,80,61
1296,563,80,61
1298,561,80,61
1300,559,80,61
1302,557,80,61
1304,555,80,61
1306,553,80,61
1308,551,80,61
1310,549,80,61
1312,547,59,61
1312,543,59,61
1312,539,59,61
1313,536,59,61
1313,532,59,61
1314,529,59,61
1314,525,59,61
1314,521,59,61
1315,518,59,61
1315,514,59,61
1316,511,52,79
1314,508,52,79
1313,505,52,79
1312,502,52,79
1311,499,52,79
1310,497,52,79
1309,494,52,79
1308,491,52,79
1307,488,52,79
1306,485,52,79
1305,483,37,85
1302,482,37,85
1300,482,37,85
1297,481,37,85
1295,481,37,85
1293,480,37,85
1290,480,37,85
1288,479,37,85
1285,479,37,85
1283,478,37,85
1281,478,50,76
1279,477,50,76
1278,476,50,76
1277,475,50,76
1276,474,50,76
1275,473,50,76
1274,472,50,76
1273,471,50,76
1272,470,50,76
1271,469,50,76
1270,468,48,76
1270,467,48,76
1270,466,48,76
1270,465,48,76
1270,465,48,76
1270,464,48,76
1270,463,48,76
1270,463,48,76
1270,462,48,76
1270,461,48,76
1270,461,46,78
1270,460,46,78
1271,460,46,78
1271,459,46,78
1272,459,46,78
1272,459,46,78
1273,458,46,78
1273,458,46,78
1274,457,46,78
1274,457,46,78
1275,457,35,77
1274,455,35,77
1274,454,35,77
1273,452,35,77
1273,451,35,77
1273,450,35,77
1272,448,35,77
1272,447,35,77
1271,445,35,77
1271,444,35,77
1271,443,35,74
1270,441,35,74
1269,440,35,74
1268,439,35,74
1267,438,35,74
1266,437,35,74
1265,436,35,74
1264,435,35,74
1263,434,35,74
1262,433,35,74
1262,432,34,81
1260,432,34,81
1259,432,34,81
1258,432,34,81
1256,432,34,81
1255,432,34,81
1254,432,34,81
1252,432,34,81
1251,432,34,81
1250,432,34,81
1249,433,28,80
1246,432,28,80
1244,432,28,80
1242,432,28,80
1239,432,28,80
1237,432,28,80
1235,431,28,80
1232,431,28,80
1230,431,28,80
1228,431,28,80
1226,431,28,76
1222,431,28,76
1219,431,28,76
1216,431,28,76
1212,431,28,76
1209,431,28,76
1206,431,28,76
1202,431,28,76
1199,431,28,76
1196,431,28,76
1193,431,37,75
1191,430,37,75
1189,429,37,75
1187,429,37,75
1185,428,37,75
1183,428,37,75
1181,427,37,75
1179,426,37,75
1177,426,37,75
1175,425,37,75
1174,425,41,76
1173,424,41,76
1173,424,41,76
1172,423,41,76
1172,423,41,76
1172,423,41,76
1171,422,41,76
1171,422,41,76
1170,421,41,76
1170,421,41,76
1170,421,32,74
1169,421,32,74
1169,421,32,74
1168,421,32,74
1168,421,32,74
1167,421,32,74
1167,421,32,74
1166,421,32,74
1166,421,32,74
1165,421,32,74
1165,422,33,68
1164,423,33,68
1164,424,33,68
1164,425,33,68
1163,426,33,68
1163,427,33,68
1163,428,33,68
1162,429,33,68
1162,430,33,68
1162,431,33,68
1162,433,52,59
1161,433,52,59
1160,434,52,59
1159,434,52,59
1158,435,52,59
1157,435,52,59
1156,436,52,59
1155,436,52,59
1154,437,52,59
1153,437,52,59
1153,438,78,52
1154,437,78,52
1156,437,78,52
1157,437,78,52
1159,437,78,52
1160,437,78,52
1162,436,78,52
1163,436,78,52
1165,436,78,52
1166,436,78,52
1168,436,81,54
1169,435,81,54
1171,435,81,54
1172,434,81,54
1174,434,81,54
1176,434,81,54
1177,433,81,54
1179,433,81,54
1180,432,81,54
1182,432,81,54
1184,432,78,63
1186,432,78,63
1188,432,78,63
1190,432,78,63
1192,432,78,63
1194,432,78,63
1196,432,78,63
1198,432,78,63
1200,432,78,63
1202,432,78,63
1204,433,70,67
1205,433,70,67
1206,434,70,67
1207,434,70,67
1208,435,70,67
1209,435,70,67
1210,436,70,67
1211,436,70,67
1212,437,70,67
1213,437,70,67
1215,438,57,72
1216,438,57,72
1217,438,57,72
1218,439,57,72
1220,439,57,72
1221,440,57,72
1222,440,57,72
1224,440,57,72
1225,441,57,72
1226,441,57,72
1228,442,46,70
1228,442,46,70
1229,442,46,70
1229,442,46,70
1230,442,46,70
1230,443,46,70
1231,443,46,70
1231,443,46,70
1232,443,46,70
1232,443,46,70
1233,444,53,73
1234,444,53,73
1235,445,53,73
1236,446,53,73
1237,447,53,73
1238,448,53,73
1239,448,53,73
1240,449,53,73
1241,450,53,73
1242,451,53,73
1244,452,67,72
1246,452,67,72
1248,453,67,72
1250,454,67,72
1253,455,67,72
1255,456,67,72
1257,457,67,72
1260,458,67,72
1262,459,67,72
1264,460,67,72
1267,461,66,69
1268,461,66,69
1270,462,66,69
1271,463,66,69
1273,464,66,69
1275,465,66,69
1276,465,66,69
1278,466,66,69
1279,467,66,69
1281,468,66,69
1283,469,68,73
1285,470,68,73
1287,471,68,73
1289,472,68,73
1291,473,68,73
1294,474,68,73
1296,475,68,73
1298,476,68,73
1300,477,68,73
1302,478,68,73
1305,480,71,69
1308,481,71,69
1311,482,71,69
1314,484,71,69
1317,485,71,69
1321,487,71,69
1324,488,71,69
1327,489,71,69
1330,491,71,69
1333,492,71,69
1337,494,72,73
1338,494,72,73
1340,495,72,73
1342,496,72,73
1344,497,72,73
1346,498,72,73
1347,498,72,73
1349,499,72,73
1351,500,72,73
1353,501,72,73
1355,502,82,66
1357,502,82,66
1359,503,82,66
1362,503,82,66
1364,504,82,66
1367,504,82,66
1369,505,82,66
1371,505,82,66
1374,506,82,66
1376,506,82,66
1379,507,85,67
1380,507,85,67
1382,508,85,67
1384,509,85,67
1386,510,85,67
1388,511,85,67
1390,512,85,67
1392,513,85,67
1394,514,85,67
1396,515,85,67
1398,516,87,60
1401,516,87,60
1404,517,87,60
1407,517,87,60
1411,518,87,60
1414,519,87,60
1417,519,87,60
1421,520,87,60
1424,520,87,60
1427,521,87,60
1431,522,82,57
1432,522,82,57
1433,522,82,57
1434,522,82,57
1435,522,82,57
1436,522,82,57
1437,522,82,57
1438,522,82,57
1439,522,82,57
1440,522,82,57
1442,523,83,57
1441,522,83,57
1441,522,83,57
1441,521,83,57
1441,521,83,57
1441,521,83,57
1440,520,83,57
1440,520,83,57
1440,519,83,57
1440,519,83,57
1440,519,78,58
1438,519,78,58
1436,519,78,58
1434,519,78,58
1432,519,78,58
1430,520,78,58
1428,520,78,58
1426,520,78,58
1424,520,78,58
1422,520,78,58
1421,521,82,58
1419,521,82,58
1417,521,82,58
1415,521,82,58
1413,521,82,58
1411,521,82,58
1409,521,82,58
1407,521,82,58
1405,521,82,58
1403,521,82,58
1402,522,78,58
1402,521,78,58
1402,521,78,58
1402,520,78,58
1402,520,78,58
1402,520,78,58
1402,519,78,58
1402,519,78,58
1402,518,78,58
1402,518,78,58
1402,518,76,58
1405,518,76,58
1408,518,76,58
1411,518,76,58
1414,518,76,58
1417,518,76,58
1420,518,76,58
1423,518,76,58
1426,518,76,58
1429,518,76,58
1432,518,69,61
1435,518,69,61
1439,519,69,61
1443,519,69,61
1447,520,69,61
1451,520,69,61
1454,521,69,61
1458,521,69,61
1462,522,69,61
1466,522,69,61
1470,523,59,61
1473,523,59,61
1477,524,59,61
1481,524,59,61
1485,525,59,61
1489,525,59,61
1493,526,59,61
1497,526,59,61
1501,527,59,61
1505,527,59,61
1509,528,46,60
1510,527,46,60
1511,526,46,60
1512,525,46,60
1514,524,46,60
1515,524,46,60
1516,523,46,60
1518,522,46,60
1519,521,46,60
1520,520,46,60
1522,520,37,83
1522,520,37,83
1522,521,37,83
1522,522,37,83
1522,523,37,83
1523,524,37,83
1523,525,37,83
1523,526,37,83
1523,527,37,83
1523,528,37,83
1524,529,34,71
1523,529,34,71
1523,529,34,71
1522,529,34,71
1522,529,34,71
1522,529,34,71
1521,529,34,71
1521,529,34,71
1520,529,34,71
1520,529,34,71
1520,529,37,73
1519,529,37,73
1519,529,37,73
1519,529,37,73
1519,529,37,73
1519,529,37,73
1518,529,37,73
1518,529,37,73
1518,529,37,73
1518,529,37,73
1518,530,37,77
1517,530,37,77
1516,530,37,77
1515,530,37,77
1514,531,37,77
1513,531,37,77
1512,531,37,77
1511,532,37,77
1510,532,37,77
1509,532,37,77
1508,533,46,68
1505,533,46,68
1502,533,46,68
1499,533,46,68
1496,533,46,68
1493,533,46,68
1490,533,46,68
1487,533,46,68
1484,533,46,68
1481,533,46,68
1479,533,61,76
1476,534,61,76
1473,536,61,76
1470,537,61,76
1467,539,61,76
1464,541,61,76
1461,542,61,76
1458,544,61,76
1455,545,61,76
1452,547,61,76
1449,549,71,72
1444,550,71,72
1440,552,71,72
1436,554,71,72
1431,555,71,72
1427,557,71,72
1423,559,71,72
1418,560,71,72
1414,562,71,72
1410,564,71,72
1406,566,74,97
1400,572,74,97
1394,579,74,97
1388,586,74,97
1382,593,74,97
1376,600,74,97
1370,607,74,97
1364,614,74,97
1358,621,74,97
1352,628,74,97
1346,635,83,61
1338,635,83,61
1331,635,83,61
1323,635,83,61
1316,635,83,61
1309,636,83,61
1301,636,83,61
1294,636,83,61
1286,636,83,61
1279,636,83,61
1272,637,80,65
1264,637,80,65
1256,637,80,65
1248,637,80,65
1240,637,80,65
1232,638,80,65
1224,638,80,65
1216,638,80,65
1208,638,80,65
1200,638,80,65
1193,639,84,65
1186,638,84,65
1179,637,84,65
1172,636,84,65
1165,636,84,65
1159,635,84,65
1152,634,84,65
1145,634,84,65
1138,633,84,65
1131,632,84,65
1125,632,83,61
1117,630,83,61
1109,628,83,61
1102,627,83,61
1094,625,83,61
1087,624,83,61
1079,622,83,61
1071,620,83,61
1064,619,83,61
1056,617,83,61
1049,616,84,59
1042,613,84,59
1036,611,84,59
1030,608,84,59
1024,606,84,59
1018,604,84,59
1012,601,84,59
1006,599,84,59
1000,596,84,59
994,594,84,59
988,592,86,68
982,590,86,68
976,588,86,68
970,586,86,68
965,584,86,68
959,582,86,68
953,580,86,68
948,578,86,68
942,576,86,68
936,574,86,68
931,572,83,65
929,570,83,65
927,568,83,65
925,566,83,65
923,564,83,65
921,563,83,65
919,561,83,65
917,559,83,65
915,557,83,65
913,555,83,65
912,554,80,61
911,553,80,61
910,552,80,61
909,551,80,61
908,550,80,61
907,549,80,61
906,548,80,61
905,547,80,61
904,546,80,61
903,545,80,61
902,544,77,57
902,543,77,57
903,542,77,57
903,541,77,57
904,540,77,57
905,539,77,57
905,538,77,57
906,537,77,57
906,536,77,57
907,535,77,57
908,534,80,54
911,533,80,54
914,532,80,54
918,531,80,54
921,530,80,54
925,529,80,54
928,528,80,54
931,527,80,54
935,526,80,54
938,525,80,54
942,524,74,56
945,523,74,56
949,522,74,56
953,521,74,56
956,521,74,56
960,520,74,56
964,519,74,56
967,519,74,56
971,518,74,56
975,517,74,56
979,517,77,61
984,515,77,61
989,513,77,61
994,511,77,61
999,510,77,61
1005,508,77,61
1010,506,77,61
1015,505,77,61
1020,503,77,61
1025,501,77,61
1031,500,78,59
1034,498,78,59
1038,497,78,59
1041,495,78,59
1045,494,78,59
1048,493,78,59
1052,491,78,59
1055,490,78,59
1059,488,78,59
1062,487,78,59
1066,486,76,59
1067,485,76,59
1068,484,76,59
1069,483,76,59
1070,482,76,59
1071,481,76,59
1072,480,76,59
1073,479,76,59
1074,478,76,59
1075,477,76,59
1076,477,74,63
1075,475,74,63
1075,474,74,63
1074,472,74,63
1074,471,74,63
1074,469,74,63
1073,468,74,63
1073,466,74,63
1072,465,74,63
1072,463,74,63
1072,462,71,65
1072,461,71,65
1072,461,71,65
1072,461,71,65
1072,461,71,65
1073,461,71,65
1073,460,71,65
1073,460,71,65
1073,460,71,65
1073,460,71,65
1074,460,64,62
1075,460,64,62
1076,461,64,62
1077,461,64,62
1078,462,64,62
1079,463,64,62
1080,463,64,62
1081,464,64,62
1082,464,64,62
1083,465,64,62
1085,466,63,66
1085,466,63,66
1085,467,63,66
1085,467,63,66
1085,468,63,66
1085,468,63,66
1085,469,63,66
1085,469,63,66
1085,470,63,66
1085,470,63,66
1085,471,65,65
1081,471,65,65
1078,472,65,65
1074,473,65,65
1071,474,65,65
1067,475,65,65
1064,475,65,65
1060,476,65,65
1057,477,65,65
1053,478,65,65
1050,479,70,67
1045,478,70,67
1041,478,70,67
1037,478,70,67
1032,478,70,67
1028,478,70,67
1024,477,70,67
1019,477,70,67
1015,477,70,67
1011,477,70,67
1007,477,74,63
1001,475,74,63
996,474,74,63
990,473,74,63
985,472,74,63
980,471,74,63
974,470,74,63
969,469,74,63
963,468,74,63
958,467,74,63
953,466,87,65
948,464,87,65
944,463,87,65
940,462,87,65
936,460,87,65
932,459,87,65
927,458,87,65
923,456,87,65
919,455,87,65
915,454,87,65
911,453,83,61
907,452,83,61
904,451,83,61
900,451,83,61
897,450,83,61
893,450,83,61
890,449,83,61
886,448,83,61
883,448,83,61
879,447,83,61
876,447,80,56
875,446,80,56
874,446,80,56
874,446,80,56
873,445,80,56
873,445,80,56
872,445,80,56
871,444,80,56
871,444,80,56
870,444,80,56
870,444,79,59
868,444,79,59
866,444,79,59
864,444,79,59
863,444,79,59
861,445,79,59
859,445,79,59
858,445,79,59
856,445,79,59
854,445,79,59
853,446,79,57
852,446,79,57
851,446,79,57
850,446,79,57
849,446,79,57
848,446,79,57
847,446,79,57
846,446,79,57
845,446,79,57
844,446,79,57
844,446,81,55
841,446,81,55
839,446,81,55
837,446,81,55
835,446,81,55
833,446,81,55
830,446,81,55
828,446,81,55
826,446,81,55
824,446,81,55
822,446,81,55
820,446,81,55
819,447,81,55
817,447,81,55
816,448,81,55
814,448,81,55
813,449,81,55
811,449,81,55
810,450,81,55
808,450,81,55
807,451,81,55
805,452,81,55
803,454,81,55
801,455,81,55
800,457,81,55
798,458,81,55
796,460,81,55
795,461,81,55
793,463,81,55
791,464,81,55
790,466,81,55
788,466,81,55
787,466,81,55
786,467,81,55
784,467,81,55
783,468,81,55
782,468,81,55
780,468,81,55
779,469,81,55
778,469,81,55
777,470,77,53
775,471,77,53
774,472,77,53
773,473,77,53
772,474,77,53
771,475,77,53
770,476,77,53
769,477,77,53
768,478,77,53
767,479,77,53
766,481,72,63
766,482,72,63
766,484,72,63
766,486,72,63
766,488,72,63
766,490,72,63
766,491,72,63
766,493,72,63
766,495,72,63
766,497,72,63
766,499,65,71
766,500,65,71
767,502,65,71
767,504,65,71
768,506,65,71
769,508,65,71
769,510,65,71
770,512,65,71
770,514,65,71
771,516,65,71
772,518,57,70
772,519,57,70
773,520,57,70
774,521,57,70
775,523,57,70
776,524,57,70
777,525,57,70
778,527,57,70
779,528,57,70
780,529,57,70
781,531,56,80
783,532,56,80
785,533,56,80
788,534,56,80
790,535,56,80
793,536,56,80
795,537,56,80
797,538,56,80
800,539,56,80
802,540,56,80
805,542,41,80
724,487,41,80
643,433,41,80
563,379,41,80
482,324,41,80
402,270,41,80
321,216,41,80
240,161,41,80
160,107,41,80
79,53,41,80
-1,-1,-1,-1
80,54,-1,-1
162,109,-1,-1
243,164,-1,-1
325,219,-1,-1
406,275,-1,-1
488,330,-1,-1
569,385,-1,-1
651,440,-1,-1
732,495,-1,-1
814,551,54,76
812,552,54,76
810,553,54,76
808,554,54,76
806,556,54,76
805,557,54,76
803,558,54,76
801,560,54,76
799,561,54,76
797,562,54,76
796,564,59,69
791,564,59,69
787,564,59,69
783,565,59,69
779,565,59,69
775,566,59,69
771,566,59,69
767,566,59,69
763,567,59,69
759,567,59,69
755,568,78,70
752,568,78,70
749,568,78,70
746,569,78,70
743,569,78,70
740,570,78,70
737,570,78,70
734,570,78,70
731,571,78,70
728,571,78,70
725,572,80,61
721,571,80,61
718,570,80,61
714,569,80,61
711,568,80,61
708,567,80,61
704,566,80,61
701,565,80,61
697,564,80,61
694,563,80,61
691,563,80,61
687,561,80,61
684,560,80,61
681,559,80,61
677,557,80,61
674,556,80,61
671,555,80,61
667,553,80,61
664,552,80,61
661,551,80,61
658,550,80,61
653,547,80,61
648,545,80,61
643,543,80,61
639,540,80,61
634,538,80,61
629,536,80,61
625,533,80,61
620,531,80,61
615,529,80,61
611,527,89,58
609,525,89,58
608,524,89,58
607,523,89,58
606,521,89,58
605,520,89,58
603,519,89,58
602,517,89,58
601,516,89,58
600,515,89,58
599,514,80,61
598,512,80,61
597,510,80,61
596,508,80,61
595,507,80,61
595,505,80,61
594,503,80,61
593,502,80,61
592,500,80,61
591,498,80,61
591,497,80,61
592,495,80,61
594,493,80,61
596,492,80,61
597,490,80,61
599,489,80,61
601,487,80,61
602,485,80,61
604,484,80,61
606,482,80,61
608,481,80,61
607,479,80,61
607,478,80,61
607,476,80,61
606,475,80,61
606,473,80,61
606,472,80,61
605,470,80,61
605,469,80,61
605,467,80,61
605,466,80,61
604,464,80,61
604,463,80,61
604,462,80,61
604,460,80,61
604,459,80,61
604,458,80,61
604,456,80,61
604,455,80,61
604,454,80,61
604,453,74,57
604,451,74,57
604,450,74,57
604,449,74,57
604,448,74,57
604,447,74,57
604,446,74,57
604,445,74,57
604,444,74,57
604,443,74,57
604,442,77,54
607,439,77,54
610,437,77,54
613,435,77,54
616,433,77,54
619,431,77,54
622,428,77,54
625,426,77,54
628,424,77,54
631,422,77,54
635,420,65,55
638,417,65,55
642,414,65,55
646,411,65,55
649,408,65,55
653,406,65,55
657,403,65,55
660,400,65,55
664,397,65,55
668,394,65,55
672,392,65,59
677,389,65,59
682,386,65,59
687,384,65,59
693,381,65,59
698,379,65,59
703,376,65,59
709,373,65,59
714,371,65,59
719,368,65,59
725,366,56,59
729,363,56,59
733,361,56,59
737,359,56,59
741,357,56,59
746,355,56,59
750,352,56,59
754,350,56,59
758,348,56,59
762,346,56,59
767,344,52,55
771,342,52,55
776,340,52,55
781,338,52,55
786,337,52,55
791,335,52,55
795,333,52,55
800,332,52,55
805,330,52,55
810,328,52,55
815,327,51,61
819,325,51,61
824,324,51,61
829,322,51,61
834,321,51,61
839,319,51,61
844,318,51,61
849,316,51,61
854,315,51,61
859,313,51,61
864,312,53,52
869,310,53,52
874,308,53,52
879,306,53,52
885,304,53,52
890,302,53,52
895,300,53,52
901,298,53,52
906,296,53,52
911,294,53,52
917,293,50,58
921,291,50,58
925,289,50,58
929,288,50,58
933,286,50,58
937,285,50,58
941,283,50,58
945,281,50,58
949,280,50,58
953,278,50,58
957,277,45,54
959,275,45,54
961,273,45,54
963,271,45,54
965,269,45,54
968,268,45,54
970,266,45,54
972,264,45,54
974,262,45,54
976,260,45,54
979,259,50,59
981,259,50,59
983,260,50,59
985,261,50,59
987,261,50,59
990,262,50,59
992,263,50,59
994,263,50,59
996,264,50,59
998,265,50,59
1001,266,41,56
1002,268,41,56
1003,270,41,56
1004,273,41,56
1005,275,41,56
1007,278,41,56
1008,280,41,56
1009,282,41,56
1010,285,41,56
1011,287,41,56
1013,290,42,58
1012,291,42,58
1012,293,42,58
1012,295,42,58
1012,297,42,58
1012,299,42,58
1011,301,42,58
1011,303,42,58
1011,305,42,58
1011,307,42,58
1011,309,52,59
1009,310,52,59
1007,312,52,59
1005,313,52,59
1004,315,52,59
1002,316,52,59
1000,318,52,59
999,319,52,59
997,321,52,59
995,322,52,59
994,324,59,60
990,324,59,60
987,325,59,60
983,326,59,60
980,327,59,60
976,328,59,60
973,329,59,60
969,330,59,60
966,331,59,60
962,332,59,60
959,333,58,51
953,333,58,51
948,334,58,51
943,335,58,51
938,335,58,51
933,336,58,51
927,337,58,51
922,337,58,51
917,338,58,51
912,339,58,51
907,340,72,52
903,342,72,52
899,344,72,52
895,346,72,52
892,348,72,52
888,350,72,52
884,352,72,52
881,354,72,52
877,356,72,52
873,358,72,52
870,360,65,51
865,361,65,51
861,363,65,51
856,364,65,51
852,366,65,51
848,367,65,51
843,369,65,51
839,370,65,51
834,372,65,51
830,373,65,51
826,375,70,52
820,376,70,52
815,378,70,52
809,380,70,52
804,382,70,52
799,384,70,52
793,386,70,52
788,388,70,52
782,390,70,52
777,392,70,52
772,394,68,57
766,396,68,57
760,398,68,57
755,400,68,57
749,402,68,57
744,404,68,57
738,406,68,57
732,408,68,57
727,410,68,57
721,412,68,57
716,414,67,52
711,415,67,52
707,417,67,52
703,419,67,52
699,421,67,52
695,423,67,52
690,425,67,52
686,427,67,52
682,429,67,52
678,431,67,52
674,433,66,53
671,435,66,53
669,437,66,53
667,439,66,53
665,441,66,53
663,443,66,53
661,445,66,53
659,447,66,53
657,449,66,53
655,451,66,53
653,453,74,54
651,455,74,54
650,458,74,54
649,461,74,54
648,464,74,54
647,467,74,54
645,469,74,54
644,472,74,54
643,475,74,54
642,478,74,54
641,481,67,45
640,482,67,45
640,483,67,45
639,484,67,45
639,485,67,45
639,486,67,45
638,487,67,45
638,488,67,45
637,489,67,45
637,490,67,45
637,492,67,44
636,492,67,44
636,492,67,44
636,492,67,44
636,493,67,44
636,493,67,44
636,493,67,44
636,494,67,44
636,494,67,44
636,494,67,44
636,495,65,50
636,496,65,50
636,497,65,50
636,498,65,50
636,499,65,50
636,500,65,50
636,501,65,50
636,502,65,50
636,503,65,50
636,504,65,50
636,505,74,48
637,505,74,48
638,505,74,48
640,505,74,48
641,505,74,48
643,505,74,48
644,505,74,48
645,505,74,48
647,505,74,48
648,505,74,48
650,506,74,55
653,507,74,55
657,508,74,55
660,509,74,55
664,510,74,55
667,512,74,55
671,513,74,55
674,514,74,55
678,515,74,55
681,516,74,55
685,518,67,51
688,519,67,51
691,520,67,51
695,521,67,51
698,522,67,51
702,523,67,51
705,524,67,51
708,525,67,51
712,526,67,51
715,527,67,51
719,529,75,54
723,529,75,54
727,530,75,54
731,530,75,54
735,531,75,54
739,532,75,54
743,532,75,54
747,533,75,54
751,533,75,54
755,534,75,54
759,535,75,54
762,535,75,54
765,536,75,54
768,537,75,54
771,537,75,54
774,538,75,54
777,539,75,54
780,539,75,54
783,540,75,54
786,541,75,54
790,542,61,54
790,540,61,54
791,539,61,54
792,538,61,54
793,536,61,54
794,535,61,54
794,534,61,54
795,532,61,54
796,531,61,54
797,530,61,54
798,529,53,54
797,527,53,54
796,526,53,54
796,525,53,54
795,523,53,54
795,522,53,54
794,521,53,54
793,519,53,54
793,518,53,54
792,517,53,54
792,516,52,52
791,514,52,52
791,513,52,52
790,511,52,52
790,510,52,52
789,508,52,52
789,507,52,52
788,505,52,52
788,504,52,52
787,502,52,52
787,501,48,60
787,499,48,60
787,497,48,60
787,495,48,60
787,493,48,60
787,491,48,60
787,489,48,60
787,487,48,60
787,485,48,60
787,483,48,60
788,481,45,57
787,478,45,57
786,476,45,57
785,473,45,57
784,471,45,57
783,469,45,57
782,466,45,57
781,464,45,57
780,461,45,57
779,459,45,57
779,457,41,54
777,455,41,54
776,453,41,54
775,451,41,54
774,449,41,54
773,447,41,54
772,445,41,54
771,443,41,54
770,441,41,54
769,439,41,54
768,438,43,50
767,435,43,50
766,433,43,50
765,431,43,50
764,429,43,50
763,427,43,50
762,424,43,50
761,422,43,50
760,420,43,50
759,418,43,50
759,416,41,50
758,414,41,50
757,413,41,50
757,412,41,50
756,410,41,50
756,409,41,50
755,408,41,50
754,406,41,50
754,405,41,50
753,404,41,50
753,403,54,48
754,401,54,48
756,400,54,48
758,399,54,48
760,398,54,48
762,397,54,48
764,396,54,48
766,395,54,48
768,394,54,48
770,393,54,48
772,392,50,52
770,391,50,52
769,390,50,52
768,389,50,52
766,389,50,52
765,388,50,52
764,387,50,52
762,387,50,52
761,386,50,52
760,385,50,52
759,385,59,48
758,383,59,48
757,382,59,48
757,381,59,48
756,380,59,48
756,379,59,48
755,378,59,48
754,377,59,48
754,376,59,48
753,375,59,48
753,374,50,48
752,372,50,48
752,371,50,48
752,370,50,48
751,369,50,48
751,368,50,48
751,366,50,48
750,365,50,48
750,364,50,48
750,363,50,48
750,362,44,49
752,361,44,49
754,360,44,49
756,359,44,49
758,358,44,49
760,357,44,49
762,356,44,49
764,355,44,49
766,354,44,49
768,353,44,49
770,353,44,45
773,353,44,45
776,353,44,45
779,353,44,45
782,353,44,45
785,353,44,45
788,353,44,45
791,353,44,45
794,353,44,45
797,353,44,45
801,353,36,46
803,353,36,46
805,353,36,46
807,354,36,46
810,354,36,46
812,355,36,46
814,355,36,46
817,355,36,46
819,356,36,46
821,356,36,46
824,357,48,50
825,358,48,50
826,359,48,50
828,360,48,50
829,361,48,50
831,362,48,50
832,363,48,50
833,364,48,50
835,365,48,50
836,366,48,50
838,368,49,46
840,369,49,46
842,371,49,46
844,373,49,46
846,374,49,46
848,376,49,46
850,378,49,46
852,379,49,46
854,381,49,46
856,383,49,46
859,385,35,42
860,386,35,42
861,388,35,42
862,390,35,42
864,392,35,42
865,394,35,42
866,395,35,42
868,397,35,42
869,399,35,42
870,401,35,42
872,403,28,45
872,403,28,45
872,404,28,45
872,405,28,45
873,406,28,45
873,407,28,45
873,407,28,45
874,408,28,45
874,409,28,45
874,410,28,45
875,411,26,55
875,412,26,55
875,414,26,55
876,416,26,55
876,418,26,55
877,420,26,55
877,421,26,55
877,423,26,55
878,425,26,55
878,427,26,55
879,429,35,54
879,430,35,54
880,432,35,54
881,434,35,54
882,436,35,54
883,438,35,54
883,440,35,54
884,442,35,54
885,444,35,54
886,446,35,54
887,448,35,50
887,449,35,50
887,450,35,50
887,452,35,50
887,453,35,50
887,455,35,50
887,456,35,50
887,457,35,50
887,459,35,50
887,460,35,50
888,462,34,58
887,463,34,58
887,464,34,58
887,465,34,58
886,467,34,58
886,468,34,58
886,469,34,58
885,471,34,58
885,472,34,58
885,473,34,58
885,475,31,60
883,476,31,60
882,477,31,60
881,478,31,60
880,480,31,60
879,481,31,60
878,482,31,60
877,484,31,60
876,485,31,60
875,486,31,60
874,488,26,54
872,490,26,54
871,492,26,54
870,494,26,54
868,496,26,54
867,498,26,54
866,500,26,54
864,502,26,54
863,504,26,54
862,506,26,54
861,509,29,53
859,511,29,53
857,513,29,53
855,515,29,53
854,517,29,53
852,520,29,53
850,522,29,53
849,524,29,53
847,526,29,53
845,528,29,53
844,531,33,54
842,533,33,54
840,536,33,54
838,538,33,54
836,541,33,54
834,544,33,54
832,546,33,54
830,549,33,54
828,551,33,54
826,554,33,54
824,557,35,48
821,559,35,48
818,562,35,48
815,564,35,48
812,567,35,48
809,570,35,48
806,572,35,48
803,575,35,48
800,577,35,48
797,580,35,48
794,583,37,48
790,585,37,48
787,588,37,48
783,590,37,48
780,593,37,48
776,596,37,48
773,598,37,48
769,601,37,48
766,603,37,48
762,606,37,48
759,609,40,48
755,611,40,48
751,613,40,48
747,615,40,48
743,617,40,48
739,619,40,48
735,621,40,48
731,623,40,48
727,625,40,48
723,627,40,48
720,629,46,54
716,630,46,54
713,632,46,54
710,634,46,54
706,636,46,54
703,638,46,54
700,640,46,54
696,642,46,54
693,644,46,54
690,646,46,54
687,648,44,55
682,649,44,55
677,651,44,55
672,652,44,55
667,654,44,55
662,656,44,55
657,657,44,55
652,659,44,55
647,660,44,55
642,662,44,55
638,664,56,54
635,664,56,54
633,665,56,54
630,665,56,54
628,666,56,54
626,667,56,54
623,667,56,54
621,668,56,54
618,668,56,54
616,669,56,54
614,670,32,57
610,669,32,57
606,668,32,57
602,667,32,57
598,666,32,57
594,665,32,57
590,664,32,57
586,663,32,57
582,662,32,57
578,661,32,57
574,661,44,68
571,658,44,68
568,655,44,68
566,653,44,68
563,650,44,68
561,648,44,68
558,645,44,68
555,642,44,68
553,640,44,68
550,637,44,68
548,635,50,68
549,632,50,68
551,629,50,68
553,626,50,68
555,623,50,68
557,620,50,68
558,617,50,68
560,614,50,68
562,611,50,68
564,608,50,68
566,605,61,69
569,601,61,69
572,598,61,69
575,595,61,69
578,592,61,69
582,589,61,69
585,586,61,69
588,583,61,69
591,580,61,69
594,577,61,69
598,574,59,66
601,571,59,66
604,568,59,66
607,566,59,66
610,563,59,66
613,561,59,66
616,558,59,66
619,555,59,66
622,553,59,66
625,550,59,66
629,548,63,61
633,545,63,61
637,542,63,61
641,539,63,61
645,536,63,61
649,533,63,61
653,530,63,61
657,527,63,61
661,524,63,61
665,521,63,61
670,518,69,61
674,515,69,61
678,512,69,61
682,509,69,61
687,506,69,61
691,503,69,61
695,500,69,61
700,497,69,61
704,494,69,61
708,491,69,61
713,488,68,67
717,485,68,67
722,483,68,67
727,481,68,67
732,479,68,67
737,477,68,67
741,474,68,67
746,472,68,67
751,470,68,67
756,468,68,67
761,466,61,69
765,463,61,69
769,461,61,69
773,459,61,69
777,457,61,69
781,455,61,69
785,452,61,69
789,450,61,69
793,448,61,69
797,446,61,69
801,444,60,67
804,441,60,67
808,438,60,67
811,436,60,67
815,433,60,67
819,431,60,67
822,428,60,67
826,425,60,67
829,423,60,67
833,420,60,67
837,418,61,70
840,416,61,70
844,415,61,70
847,414,61,70
851,413,61,70
854,412,61,70
858,411,61,70
861,410,61,70
865,409,61,70
868,408,61,70
872,407,61,63
875,405,61,63
878,404,61,63
881,402,61,63
885,401,61,63
888,399,61,63
891,398,61,63
895,396,61,63
898,395,61,63
901,393,61,63
905,392,70,65
908,390,70,65
912,388,70,65
916,386,70,65
920,384,70,65
924,382,70,65
928,380,70,65
932,378,70,65
936,376,70,65
940,374,70,65
944,372,72,68
947,372,72,68
951,372,72,68
955,372,72,68
959,373,72,68
963,373,72,68
966,373,72,68
970,374,72,68
974,374,72,68
978,374,72,68
982,375,67,48
986,374,67,48
991,374,67,48
996,373,67,48
1001,373,67,48
1006,372,67,48
1010,372,67,48
1015,371,67,48
1020,371,67,48
1025,370,67,48
1030,370,67,48
1033,369,67,48
1036,368,67,48
1039,368,67,48
1042,367,67,48
1046,367,67,48
1049,366,67,48
1052,365,67,48
1055,365,67,48
1058,364,67,48
1062,364,67,48
1066,363,67,48
1071,363,67,48
1076,363,67,48
1081,362,67,48
1086,362,67,48
1090,362,67,48
1095,361,67,48
1100,361,67,48
1105,361,67,48
1110,361,70,48
1114,361,70,48
1118,361,70,48
1123,362,70,48
1127,362,70,48
1132,363,70,48
1136,363,70,48
1140,363,70,48
1145,364,70,48
1149,364,70,48
1154,365,71,51
1158,365,71,51
1163,365,71,51
1167,365,71,51
1172,365,71,51
1177,365,71,51
1181,365,71,51
1186,365,71,51
1190,365,71,51
1195,365,71,51
1200,365,76,57
1201,365,76,57
1203,366,76,57
1204,366,76,57
1206,367,76,57
1208,368,76,57
1209,368,76,57
1211,369,76,57
1212,369,76,57
1214,370,76,57
1216,371,70,52
1215,371,70,52
1214,372,70,52
1213,372,70,52
1212,373,70,52
1211,374,70,52
1210,374,70,52
1209,375,70,52
1208,375,70,52
1207,376,70,52
1206,377,74,48
1205,377,74,48
1205,378,74,48
1205,378,74,48
1205,379,74,48
1205,380,74,48
1205,380,74,48
1205,381,74,48
1205,381,74,48
1205,382,74,48
1205,383,70,48
1204,383,70,48
1203,383,70,48
1202,383,70,48
1201,383,70,48
1201,383,70,48
1200,383,70,48
1199,383,70,48
1198,383,70,48
1197,383,70,48
1197,383,67,61
1194,382,67,61
1191,382,67,61
1188,381,67,61
1186,381,67,61
1183,381,67,61
1180,380,67,61
1178,380,67,61
1175,379,67,61
1172,379,67,61
1170,379,58,61
1165,378,58,61
1161,378,58,61
1157,377,58,61
1152,377,58,61
1148,376,58,61
1144,376,58,61
1139,375,58,61
1135,375,58,61
1131,374,58,61
1127,374,41,55
1120,374,41,55
1113,375,41,55
1107,375,41,55
1100,376,41,55
1094,376,41,55
1087,377,41,55
1080,377,41,55
1074,378,41,55
1067,378,41,55
1061,379,37,56
1053,380,37,56
1046,381,37,56
1039,382,37,56
1031,384,37,56
1024,385,37,56
1017,386,37,56
1009,388,37,56
1002,389,37,56
995,390,37,56
988,392,41,56
980,393,41,56
973,395,41,56
965,396,41,56
958,398,41,56
950,399,41,56
943,401,41,56
935,402,41,56
928,404,41,56
920,405,41,56
913,407,38,54
905,407,38,54
897,408,38,54
890,409,38,54
882,409,38,54
875,410,38,54
867,411,38,54
859,411,38,54
852,412,38,54
844,413,38,54
837,414,37,54
832,415,37,54
828,416,37,54
823,417,37,54
819,418,37,54
814,419,37,54
810,420,37,54
805,421,37,54
801,422,37,54
796,423,37,54
792,424,54,50
790,424,54,50
788,425,54,50
786,426,54,50
784,426,54,50
783,427,54,50
781,428,54,50
779,428,54,50
777,429,54,50
775,430,54,50
774,431,68,50
771,431,68,50
768,432,68,50
766,433,68,50
763,433,68,50
761,434,68,50
758,435,68,50
755,435,68,50
753,436,68,50
750,437,68,50
748,438,70,50
745,439,70,50
743,440,70,50
741,441,70,50
739,442,70,50
737,443,70,50
735,444,70,50
733,445,70,50
731,446,70,50
729,447,70,50
727,448,65,48
723,449,65,48
720,450,65,48
716,451,65,48
713,452,65,48
709,453,65,48
706,454,65,48
702,455,65,48
699,456,65,48
695,457,65,48
692,459,65,48
689,459,65,48
686,459,65,48
683,459,65,48
680,459,65,48
677,460,65,48
674,460,65,48
671,460,65,48
668,460,65,48
665,460,65,48
662,461,65,48
660,461,65,48
659,461,65,48
658,461,65,48
656,461,65,48
655,462,65,48
654,462,65,48
652,462,65,48
651,462,65,48
650,462,65,48
649,463,65,48
647,463,65,48
645,464,65,48
643,464,65,48
642,465,65,48
640,465,65,48
638,466,65,48
637,466,65,48
635,467,65,48
633,467,65,48
632,468,65,48
630,469,65,48
628,470,65,48
626,471,65,48
624,472,65,48
622,473,65,48
620,474,65,48
618,475,65,48
616,476,65,48
614,477,65,48
612,478,65,48
610,478,65,48
608,478,65,48
607,478,65,48
605,479,65,48
604,479,65,48
602,479,65,48
600,480,65,48
599,480,65,48
597,480,65,48
596,481,72,46
595,480,72,46
594,480,72,46
594,480,72,46
593,480,72,46
593,480,72,46
592,479,72,46
591,479,72,46
591,479,72,46
590,479,72,46
590,479,74,54
593,479,74,54
596,480,74,54
599,481,74,54
602,482,74,54
606,483,74,54
609,484,74,54
612,485,74,54
615,486,74,54
618,487,74,54
622,488,78,63
626,489,78,63
630,490,78,63
635,491,78,63
639,492,78,63
644,493,78,63
648,494,78,63
652,495,78,63
657,496,78,63
661,497,78,63
666,499,71,60
668,500,71,60
671,502,71,60
673,503,71,60
676,505,71,60
679,506,71,60
681,508,71,60
684,509,71,60
686,511,71,60
689,512,71,60
692,514,78,58
695,514,78,58
698,515,78,58
701,515,78,58
704,516,78,58
708,517,78,58
711,517,78,58
714,518,78,58
717,518,78,58
720,519,78,58
724,520,77,57
727,521,77,57
730,523,77,57
733,524,77,57
736,526,77,57
739,527,77,57
742,529,77,57
745,530,77,57
748,532,77,57
751,533,77,57
754,535,77,57
757,536,77,57
761,537,77,57
765,538,77,57
768,540,77,57
772,541,77,57
776,542,77,57
779,544,77,57
783,545,77,57
787,546,77,57
791,548,77,57
794,549,77,57
798,551,77,57
802,552,77,57
806,554,77,57
810,555,77,57
813,557,77,57
817,558,77,57
821,560,77,57
825,561,77,57
829,563,81,65
832,564,81,65
836,565,81,65
840,566,81,65
843,567,81,65
847,568,81,65
851,569,81,65
854,570,81,65
858,571,81,65
862,572,81,65
866,573,83,63
869,574,83,63
872,575,83,63
875,576,83,63
879,578,83,63
882,579,83,63
885,580,83,63
889,582,83,63
892,583,83,63
895,584,83,63
899,586,83,61
902,587,83,61
905,589,83,61
908,590,83,61
911,592,83,61
914,593,83,61
917,595,83,61
920,596,83,61
923,598,83,61
926,599,83,61
930,601,81,65
931,601,81,65
933,602,81,65
935,602,81,65
936,603,81,65
938,604,81,65
940,604,81,65
941,605,81,65
943,605,81,65
945,606,81,65
947,607,91,68
950,607,91,68
953,607,91,68
957,608,91,68
960,608,91,68
964,609,91,68
967,609,91,68
970,609,91,68
974,610,91,68
977,610,91,68
981,611,85,67
984,610,85,67
988,610,85,67
992,609,85,67
995,609,85,67
999,609,85,67
1003,608,85,67
1006,608,85,67
1010,607,85,67
1014,607,85,67
1018,607,91,65
1021,607,91,65
1025,608,91,65
1029,609,91,65
1033,610,91,65
1037,611,91,65
1041,612,91,65
1045,613,91,65
1049,614,91,65
1053,615,91,65
1057,616,84,59
1059,615,84,59
1061,615,84,59
1063,615,84,59
1065,614,84,59
1067,614,84,59
1069,614,84,59
1071,613,84,59
1073,613,84,59
1075,613,84,59
1077,613,82,68
1077,612,82,68
1078,611,82,68
1079,610,82,68
1079,610,82,68
1080,609,82,68
1081,608,82,68
1081,608,82,68
1082,607,82,68
1083,606,82,68
1084,606,74,65
1083,605,74,65
1083,604,74,65
1083,604,74,65
1082,603,74,65
1082,603,74,65
1082,602,74,65
1081,601,74,65
1081,601,74,65
1081,600,74,65
1081,600,69,63
1081,599,69,63
1081,598,69,63
1081,597,69,63
1081,596,69,63
1081,595,69,63
1081,594,69,63
1081,593,69,63
1081,592,69,63
1081,591,69,63
1082,590,73,63
1083,588,73,63
1085,587,73,63
1087,586,73,63
1088,584,73,63
1090,583,73,63
1092,582,73,63
1093,580,73,63
1095,579,73,63
1097,578,73,63
1099,577,75,60
1101,575,75,60
1104,574,75,60
1106,573,75,60
1109,571,75,60
1111,570,75,60
1114,569,75,60
1116,567,75,60
1119,566,75,60
1121,565,75,60
1124,564,79,66
1128,563,79,66
1132,562,79,66
1136,561,79,66
1140,560,79,66
1144,559,79,66
1148,558,79,66
1152,557,79,66
1156,556,79,66
1160,555,79,66
1165,555,79,61
1169,553,79,61
1173,552,79,61
1177,551,79,61
1181,550,79,61
1186,549,79,61
1190,547,79,61
1194,546,79,61
1198,545,79,61
1202,544,79,61
1207,543,84,63
1211,542,84,63
1215,541,84,63
1219,540,84,63
1224,539,84,63
1228,539,84,63
1232,538,84,63
1237,537,84,63
1241,536,84,63
1245,535,84,63
1250,535,89,59
1256,534,89,59
1263,534,89,59
1269,534,89,59
1276,533,89,59
1283,533,89,59
1289,533,89,59
1296,532,89,59
1302,532,89,59
1309,532,89,59
1316,532,91,56
1322,532,91,56
1329,532,91,56
1336,532,91,56
1342,532,91,56
1349,532,91,56
1356,532,91,56
1362,532,91,56
1369,532,91,56
1376,532,91,56
1383,533,90,61
1389,533,90,61
1395,533,90,61
1401,534,90,61
1407,534,90,61
1413,535,90,61
1419,535,90,61
1425,535,90,61
1431,536,90,61
1437,536,90,61
1443,537,95,59
1450,537,95,59
1457,538,95,59
1464,539,95,59
1471,539,95,59
1478,540,95,59
1485,541,95,59
1492,541,95,59
1499,542,95,59
1506,543,95,59
1513,544,93,57
1518,544,93,57
1524,544,93,57
1530,544,93,57
1536,544,93,57
1542,545,93,57
1548,545,93,57
1554,545,93,57
1560,545,93,57
1566,545,93,57
1572,546,96,59
1576,546,96,59
1581,547,96,59
1586,547,96,59
1591,548,96,59
1596,548,96,59
1600,549,96,59
1605,549,96,59
1610,550,96,59
1615,550,96,59
1620,551,100,59
1625,551,100,59
1631,552,100,59
1637,553,100,59
1643,554,100,59
1649,555,100,59
1655,556,100,59
1661,557,100,59
1667,558,100,59
1673,559,100,59
1679,560,99,56
1683,560,99,56
1688,560,99,56
1692,561,99,56
1697,561,99,56
1701,562,99,56
1706,562,99,56
1710,562,99,56
1715,563,99,56
1719,563,99,56
1724,564,98,59
1726,563,98,59
1729,563,98,59
1731,563,98,59
1734,562,98,59
1736,562,98,59
1739,562,98,59
1741,561,98,59
1744,561,98,59
1746,561,98,59
1749,561,93,63
1750,559,93,63
1751,558,93,63
1752,557,93,63
1753,556,93,63
1754,555,93,63
1755,553,93,63
1756,552,93,63
1757,551,93,63
1758,550,93,63
1760,549,82,67
1759,547,82,67
1758,545,82,67
1758,543,82,67
1757,541,82,67
1757,539,82,67
1756,537,82,67
1755,535,82,67
1755,533,82,67
1754,531,82,67
1754,529,66,74
1751,526,66,74
1748,524,66,74
1745,522,66,74
1743,520,66,74
1740,518,66,74
1737,516,66,74
1735,514,66,74
1732,512,66,74
1729,510,66,74
1727,508,52,69
1723,504,52,69
1719,501,52,69
1715,497,52,69
1711,494,52,69
1707,491,52,69
1703,487,52,69
1699,484,52,69
1695,480,52,69
1691,477,52,69
1688,474,47,83
1683,471,47,83
1679,468,47,83
1674,465,47,83
1670,462,47,83
1666,459,47,83
1661,456,47,83
1657,453,47,83
1652,450,47,83
1648,447,47,83
1644,445,41,75
1638,442,41,75
1632,440,41,75
1627,437,41,75
1621,435,41,75
1616,433,41,75
1610,430,41,75
1604,428,41,75
1599,425,41,75
1593,423,41,75
1588,421,43,71
1582,419,43,71
1577,417,43,71
1571,415,43,71
1566,413,43,71
1560,411,43,71
1555,409,43,71
1549,407,43,71
1544,405,43,71
1538,403,43,71
1533,401,55,71
1530,400,55,71
1527,399,55,71
1524,398,55,71
1521,398,55,71
1518,397,55,71
1515,396,55,71
1512,396,55,71
1509,395,55,71
1506,394,55,71
1503,394,80,65
1502,393,80,65
1502,393,80,65
1502,392,80,65
1502,392,80,65
1502,391,80,65
1501,391,80,65
1501,390,80,65
1501,390,80,65
1501,389,80,65
1501,389,84,51
1503,388,84,51
1506,387,84,51
1509,386,84,51
1512,385,84,51
1515,384,84,51
1518,383,84,51
1521,382,84,51
1524,381,84,51
1527,380,84,51
1530,379,90,54
1533,377,90,54
1537,376,90,54
1541,375,90,54
1545,373,90,54
1549,372,90,54
1552,371,90,54
1556,369,90,54
1560,368,90,54
1564,367,90,54
1568,366,86,50
1569,364,86,50
1571,363,86,50
1573,362,86,50
1575,360,86,50
1577,359,86,50
1578,358,86,50
1580,356,86,50
1582,355,86,50
1584,354,86,50
1586,353,93,54
1587,351,93,54
1589,350,93,54
1590,349,93,54
1592,348,93,54
1593,347,93,54
1595,346,93,54
1596,345,93,54
1598,344,93,54
1599,343,93,54
1601,342,80,50
1601,340,80,50
1601,338,80,50
1601,337,80,50
1602,335,80,50
1602,334,80,50
1602,332,80,50
1603,330,80,50
1603,329,80,50
1603,327,80,50
1604,326,78,58
1603,324,78,58
1602,323,78,58
1602,322,78,58
1601,321,78,58
1601,320,78,58
1600,318,78,58
1599,317,78,58
1599,316,78,58
1598,315,78,58
1598,314,76,56
1596,313,76,56
1594,312,76,56
1593,311,76,56
1591,310,76,56
1590,309,76,56
1588,308,76,56
1586,307,76,56
1585,306,76,56
1583,305,76,56
1582,304,72,50
1578,302,72,50
1575,300,72,50
1572,298,72,50
1569,296,72,50
1566,294,72,50
1563,292,72,50
1560,290,72,50
1557,288,72,50
1554,286,72,50
1551,285,69,59
1547,283,69,59
1543,282,69,59
1539,280,69,59
1535,279,69,59
1531,277,69,59
1527,276,69,59
1523,274,69,59
1519,273,69,59
1515,271,69,59
1511,270,53,55
1505,268,53,55
1499,267,53,55
1494,265,53,55
1488,264,53,55
1483,263,53,55
1477,261,53,55
1471,260,53,55
1466,258,53,55
1460,257,53,55
1455,256,49,51
1450,255,49,51
1446,254,49,51
1442,254,49,51
1438,253,49,51
1434,253,49,51
1429,252,49,51
1425,251,49,51
1421,251,49,51
1417,250,49,51
1413,250,52,52
1409,249,52,52
1406,248,52,52
1402,248,52,52
1399,247,52,52
1396,247,52,52
1392,246,52,52
1389,245,52,52
1385,245,52,52
1382,244,52,52
1379,244,48,52
1375,244,48,52
1371,244,48,52
1367,244,48,52
1363,245,48,52
1359,245,48,52
1355,245,48,52
1351,246,48,52
1347,246,48,52
1343,246,48,52
1340,247,54,50
1336,247,54,50
1333,248,54,50
1329,249,54,50
1326,250,54,50
1323,251,54,50
1319,251,54,50
1316,252,54,50
1312,253,54,50
1309,254,54,50
1306,255,63,55
1303,256,63,55
1301,257,63,55
1299,258,63,55
1297,259,63,55
1295,260,63,55
1293,261,63,55
1291,262,63,55
1289,263,63,55
1287,264,63,55
1285,266,65,54
1283,268,65,54
1282,270,65,54
1280,272,65,54
1279,274,65,54
1278,276,65,54
1276,278,65,54
1275,280,65,54
1273,282,65,54
1272,284,65,54
1271,287,62,55
1270,288,62,55
1269,289,62,55
1268,290,62,55
1267,292,62,55
1267,293,62,55
1266,294,62,55
1265,296,62,55
1264,297,62,55
1263,298,62,55
1263,300,48,61
1261,300,48,61
1260,301,48,61
1258,302,48,61
1257,303,48,61
1256,304,48,61
1254,305,48,61
1253,306,48,61
1251,307,48,61
1250,308,48,61
1249,309,44,63
1247,308,44,63
1246,308,44,63
1245,308,44,63
1243,308,44,63
1242,308,44,63
1241,307,44,63
1239,307,44,63
1238,307,44,63
1237,307,44,63
1236,307,37,61
1233,306,37,61
1230,306,37,61
1227,306,37,61
1224,305,37,61
1221,305,37,61
1218,305,37,61
1215,304,37,61
1212,304,37,61
1209,304,37,61
1207,304,31,63
1203,302,31,63
1199,301,31,63
1195,299,31,63
1191,298,31,63
1187,297,31,63
1183,295,31,63
1179,294,31,63
1175,292,31,63
1171,291,31,63
1168,290,37,63
1163,288,37,63
1158,286,37,63
1154,284,37,63
1149,283,37,63
1145,281,37,63
1140,279,37,63
1135,278,37,63
1131,276,37,63
1126,274,37,63
1122,273,35,59
1118,271,35,59
1114,269,35,59
1110,267,35,59
1106,265,35,59
1102,263,35,59
1098,261,35,59
1094,259,35,59
1090,257,35,59
1086,255,35,59
1083,254,31,58
1077,252,31,58
1072,250,31,58
1067,248,31,58
1062,247,31,58
1057,245,31,58
1051,243,31,58
1046,242,31,58
1041,240,31,58
1036,238,31,58
1031,237,32,63
1031,237,32,63
1031,237,32,63
1031,238,32,63
1031,238,32,63
1031,239,32,63
1031,239,32,63
1031,239,32,63
1031,240,32,63
1031,240,32,63
1031,241,33,55
1031,240,33,55
1031,239,33,55
1031,239,33,55
1031,238,33,55
1031,238,33,55
1031,237,33,55
1031,236,33,55
1031,236,33,55
1031,235,33,55
1031,235,30,61
1022,230,30,61
1014,225,30,61
1006,220,30,61
998,215,30,61
990,211,30,61
982,206,30,61
974,201,30,61
966,196,30,61
958,191,30,61
950,187,39,53
950,186,39,53
951,185,39,53
951,184,39,53
952,183,39,53
953,183,39,53
953,182,39,53
954,181,39,53
954,180,39,53
955,179,39,53
956,179,49,48
958,178,49,48
960,177,49,48
962,176,49,48
964,175,49,48
966,174,49,48
968,173,49,48
970,172,49,48
972,171,49,48
974,170,49,48
976,169,37,51
976,166,37,51
977,163,37,51
978,160,37,51
978,158,37,51
979,155,37,51
980,152,37,51
980,150,37,51
981,147,37,51
982,144,37,51
983,142,28,60
983,140,28,60
983,139,28,60
983,138,28,60
983,137,28,60
983,136,28,60
983,134,28,60
983,133,28,60
983,132,28,60
983,131,28,60
984,130,28,60
983,129,28,60
983,129,28,60
983,128,28,60
983,128,28,60
983,127,28,60
983,127,28,60
983,126,28,60
983,126,28,60
983,125,28,60
983,125,28,60
884,112,28,60
786,99,28,60
687,87,28,60
589,74,28,60
491,62,28,60
392,49,28,60
294,36,28,60
195,24,28,60
97,11,28,60
-1,-1,-1,-1
-1,-1,-1,-1
-1,-1,-1,-1
-1,-1,-1,-1
-1,-1,-1,-1
-1,-1,-1,-1
-1,-1,-1,-1
-1,-1,-1,-1
-1,-1,-1,-1
-1,-1,-1,-1
-1,-1,-1,-1
-1,-1,-1,-1
-1,-1,-1,-1
-1,-1,-1,-1
-1,-1,-1,-1
-1,-1,-1,-1
-1,-1,-1,-1
-1,-1,-1,-1
-1,-1,-1,-1
-1,-1,-1,-1
-1,-1,-1,-1
-1,-1,-1,-1
-1,-1,-1,-1
-1,-1,-1,-1
-1,-1,-1,-1
-1,-1,-1,-1
-1,-1,-1,-1
-1,-1,-1,-1
-1,-1,-1,-1
-1,-1,-1,-1
-1,-1,-1,-1
-1,-1,-1,-1
-1,-1,-1,-1
-1,-1,-1,-1
-1,-1,-1,-1
-1,-1,-1,-1
-1,-1,-1,-1
-1,-1,-1,-1
-1,-1,-1,-1
-1,-1,-1,-1
-1,-1,-1,-1
-1,-1,-1,-1
-1,-1,-1,-1
-1,-1,-1,-1
-1,-1,-1,-1
-1,-1,-1,-1
-1,-1,-1,-1
-1,-1,-1,-1
-1,-1,-1,-1
-1,-1,-1,-1
-1,-1,-1,-1
-1,-1,-1,-1
-1,-1,-1,-1
-1,-1,-1,-1
-1,-1,-1,-1
-1,-1,-1,-1
-1,-1,-1,-1
-1,-1,-1,-1
-1,-1,-1,-1
-1,-1,-1,-1
-1,-1,-1,-1
-1,-1,-1,-1
-1,-1,-1,-1
-1,-1,-1,-1
-1,-1,-1,-1
-1,-1,-1,-1
-1,-1,-1,-1
-1,-1,-1,-1
-1,-1,-1,-1
-1,-1,-1,-1
-1,-1,-1,-1
76,19,-1,-1
153,39,-1,-1
230,59,-1,-1
308,79,-1,-1
385,99,-1,-1
462,119,-1,-1
540,139,-1,-1
617,159,-1,-1
694,179,-1,-1
772,199,65,52
771,199,65,52
771,199,65,52
770,200,65,52
770,200,65,52
770,201,65,52
769,201,65,52
769,201,65,52
768,202,65,52
768,202,65,52
768,203,63,46
766,203,63,46
765,204,63,46
764,204,63,46
762,205,63,46
761,206,63,46
760,206,63,46
758,207,63,46
757,207,63,46
756,208,63,46
755,209,59,46
752,209,59,46
750,209,59,46
747,209,59,46
745,209,59,46
743,209,59,46
740,209,59,46
738,209,59,46
735,209,59,46
733,209,59,46
731,209,59,46
728,209,59,46
725,209,59,46
723,210,59,46
720,210,59,46
718,211,59,46
715,211,59,46
712,211,59,46
710,212,59,46
707,212,59,46
705,213,59,46
704,213,59,46
703,213,59,46
702,213,59,46
701,214,59,46
700,214,59,46
699,214,59,46
698,215,59,46
697,215,59,46
696,215,59,46
696,216,33,41
692,215,33,41
689,215,33,41
686,214,33,41
683,214,33,41
680,214,33,41
676,213,33,41
673,213,33,41
670,212,33,41
667,212,33,41
664,212,50,41
659,212,50,41
654,212,50,41
650,212,50,41
645,212,50,41
641,212,50,41
636,212,50,41
631,212,50,41
627,212,50,41
622,212,50,41
618,212,57,46
615,212,57,46
612,213,57,46
609,214,57,46
606,214,57,46
603,215,57,46
600,216,57,46
597,216,57,46
594,217,57,46
591,218,57,46
588,219,52,41
584,219,52,41
581,219,52,41
577,220,52,41
574,220,52,41
570,221,52,41
567,221,52,41
563,221,52,41
560,222,52,41
556,222,52,41
553,223,68,47
551,224,68,47
549,225,68,47
547,226,68,47
545,228,68,47
543,229,68,47
541,230,68,47
539,232,68,47
537,233,68,47
535,234,68,47
534,236,67,48
532,236,67,48
531,237,67,48
530,238,67,48
529,239,67,48
528,240,67,48
526,240,67,48
525,241,67,48
524,242,67,48
523,243,67,48
522,244,59,59
518,246,59,59
515,249,59,59
511,251,59,59
508,254,59,59
504,256,59,59
501,259,59,59
497,261,59,59
494,264,59,59
490,266,59,59
487,269,59,59
484,271,59,59
481,273,59,59
478,275,59,59
475,278,59,59
473,280,59,59
470,282,59,59
467,285,59,59
464,287,59,59
461,289,59,59
459,292,60,59
458,294,60,59
458,296,60,59
458,298,60,59
458,300,60,59
458,302,60,59
457,304,60,59
457,306,60,59
457,308,60,59
457,310,60,59
457,312,50,56
411,280,50,56
365,249,50,56
319,218,50,56
273,186,50,56
228,155,50,56
182,124,50,56
136,92,50,56
90,61,50,56
44,30,50,56
-1,-1,-1,-1
-1,-1,-1,-1
-1,-1,-1,-1
-1,-1,-1,-1
-1,-1,-1,-1
-1,-1,-1,-1
-1,-1,-1,-1
-1,-1,-1,-1
-1,-1,-1,-1
-1,-1,-1,-1
-1,-1,-1,-1
-1,-1,-1,-1
-1,-1,-1,-1
-1,-1,-1,-1
-1,-1,-1,-1
-1,-1,-1,-1
-1,-1,-1,-1
-1,-1,-1,-1
-1,-1,-1,-1
-1,-1,-1,-1
-1,-1,-1,-1
-1,-1,-1,-1
-1,-1,-1,-1
-1,-1,-1,-1
-1,-1,-1,-1
-1,-1,-1,-1
-1,-1,-1,-1
-1,-1,-1,-1
-1,-1,-1,-1
-1,-1,-1,-1
-1,-1,-1,-1
-1,-1,-1,-1
-1,-1,-1,-1
-1,-1,-1,-1
-1,-1,-1,-1
-1,-1,-1,-1
-1,-1,-1,-1
-1,-1,-1,-1
-1,-1,-1,-1
-1,-1,-1,-1
-1,-1,-1,-1
-1,-1,-1,-1
-1,-1,-1,-1
-1,-1,-1,-1
-1,-1,-1,-1
-1,-1,-1,-1
-1,-1,-1,-1
-1,-1,-1,-1
-1,-1,-1,-1
-1,-1,-1,-1
-1,-1,-1,-1
-1,-1,-1,-1
-1,-1,-1,-1
-1,-1,-1,-1
-1,-1,-1,-1
-1,-1,-1,-1
-1,-1,-1,-1
-1,-1,-1,-1
-1,-1,-1,-1
-1,-1,-1,-1
-1,-1,-1,-1
-1,-1,-1,-1
-1,-1,-1,-1
-1,-1,-1,-1
-1,-1,-1,-1
-1,-1,-1,-1
-1,-1,-1,-1
-1,-1,-1,-1
-1,-1,-1,-1
-1,-1,-1,-1
-1,-1,-1,-1
-1,-1,-1,-1
-1,-1,-1,-1
-1,-1,-1,-1
-1,-1,-1,-1
-1,-1,-1,-1
-1,-1,-1,-1
-1,-1,-1,-1
-1,-1,-1,-1
-1,-1,-1,-1
-1,-1,-1,-1
-1,-1,-1,-1
-1,-1,-1,-1
-1,-1,-1,-1
-1,-1,-1,-1
-1,-1,-1,-1
-1,-1,-1,-1
-1,-1,-1,-1
-1,-1,-1,-1
-1,-1,-1,-1
-1,-1,-1,-1
-1,-1,-1,-1
-1,-1,-1,-1
-1,-1,-1,-1
-1,-1,-1,-1
-1,-1,-1,-1
-1,-1,-1,-1
-1,-1,-1,-1
-1,-1,-1,-1
-1,-1,-1,-1
-1,-1,-1,-1
-1,-1,-1,-1
-1,-1,-1,-1
-1,-1,-1,-1
-1,-1,-1,-1
-1,-1,-1,-1
-1,-1,-1,-1
-1,-1,-1,-1
-1,-1,-1,-1
-1,-1,-1,-1
-1,-1,-1,-1
-1,-1,-1,-1
-1,-1,-1,-1
-1,-1,-1,-1
-1,-1,-1,-1
-1,-1,-1,-1
-1,-1,-1,-1
-1,-1,-1,-1
-1,-1,-1,-1
-1,-1,-1,-1
-1,-1,-1,-1
-1,-1,-1,-1
-1,-1,-1,-1
-1,-1,-1,-1
-1,-1,-1,-1
-1,-1,-1,-1
-1,-1,-1,-1
-1,-1,-1,-1
-1,-1,-1,-1
-1,-1,-1,-1
-1,-1,-1,-1
-1,-1,-1,-1
-1,-1,-1,-1
-1,-1,-1,-1
-1,-1,-1,-1
-1,-1,-1,-1
-1,-1,-1,-1
-1,-1,-1,-1
-1,-1,-1,-1
-1,-1,-1,-1
-1,-1,-1,-1
-1,-1,-1,-1
-1,-1,-1,-1
-1,-1,-1,-1
-1,-1,-1,-1
-1,-1,-1,-1
-1,-1,-1,-1
-1,-1,-1,-1
-1,-1,-1,-1
-1,-1,-1,-1
-1,-1,-1,-1
-1,-1,-1,-1
-1,-1,-1,-1
-1,-1,-1,-1
-1,-1,-1,-1
-1,-1,-1,-1
-1,-1,-1,-1
-1,-1,-1,-1
-1,-1,-1,-1
-1,-1,-1,-1
-1,-1,-1,-1
-1,-1,-1,-1
-1,-1,-1,-1
-1,-1,-1,-1
-1,-1,-1,-1
-1,-1,-1,-1
-1,-1,-1,-1
-1,-1,-1,-1
-1,-1,-1,-1
-1,-1,-1,-1
-1,-1,-1,-1
-1,-1,-1,-1
-1,-1,-1,-1
-1,-1,-1,-1
-1,-1,-1,-1
-1,-1,-1,-1
-1,-1,-1,-1
-1,-1,-1,-1
-1,-1,-1,-1
-1,-1,-1,-1
-1,-1,-1,-1
-1,-1,-1,-1
-1,-1,-1,-1
-1,-1,-1,-1
-1,-1,-1,-1
-1,-1,-1,-1
-1,-1,-1,-1
-1,-1,-1,-1
-1,-1,-1,-1
-1,-1,-1,-1
-1,-1,-1,-1
-1,-1,-1,-1
-1,-1,-1,-1
-1,-1,-1,-1
-1,-1,-1,-1
-1,-1,-1,-1
-1,-1,-1,-1
-1,-1,-1,-1
-1,-1,-1,-1
-1,-1,-1,-1
-1,-1,-1,-1
-1,-1,-1,-1
-1,-1,-1,-1
-1,-1,-1,-1
-1,-1,-1,-1
-1,-1,-1,-1
-1,-1,-1,-1
-1,-1,-1,-1
-1,-1,-1,-1
-1,-1,-1,-1
-1,-1,-1,-1
-1,-1,-1,-1
-1,-1,-1,-1
-1,-1,-1,-1
-1,-1,-1,-1
-1,-1,-1,-1
-1,-1,-1,-1
-1,-1,-1,-1
-1,-1,-1,-1
-1,-1,-1,-1
-1,-1,-1,-1
-1,-1,-1,-1
-1,-1,-1,-1
-1,-1,-1,-1
-1,-1,-1,-1
-1,-1,-1,-1
-1,-1,-1,-1
-1,-1,-1,-1
-1,-1,-1,-1
-1,-1,-1,-1
-1,-1,-1,-1
-1,-1,-1,-1
-1,-1,-1,-1
-1,-1,-1,-1
-1,-1,-1,-1
-1,-1,-1,-1
-1,-1,-1,-1
-1,-1,-1,-1
-1,-1,-1,-1
-1,-1,-1,-1
-1,-1,-1,-1
-1,-1,-1,-1
-1,-1,-1,-1
-1,-1,-1,-1
-1,-1,-1,-1
-1,-1,-1,-1
-1,-1,-1,-1
-1,-1,-1,-1
-1,-1,-1,-1
-1,-1,-1,-1
-1,-1,-1,-1
-1,-1,-1,-1
-1,-1,-1,-1
-1,-1,-1,-1
-1,-1,-1,-1
-1,-1,-1,-1
-1,-1,-1,-1
-1,-1,-1,-1
-1,-1,-1,-1
-1,-1,-1,-1
-1,-1,-1,-1
-1,-1,-1,-1
-1,-1,-1,-1
-1,-1,-1,-1
-1,-1,-1,-1
-1,-1,-1,-1
-1,-1,-1,-1
-1,-1,-1,-1
-1,-1,-1,-1
-1,-1,-1,-1
-1,-1,-1,-1
-1,-1,-1,-1
-1,-1,-1,-1
-1,-1,-1,-1
-1,-1,-1,-1
-1,-1,-1,-1
-1,-1,-1,-1
-1,-1,-1,-1
-1,-1,-1,-1
-1,-1,-1,-1
-1,-1,-1,-1
-1,-1,-1,-1
-1,-1,-1,-1
-1,-1,-1,-1
-1,-1,-1,-1
-1,-1,-1,-1
-1,-1,-1,-1
-1,-1,-1,-1
-1,-1,-1,-1
-1,-1,-1,-1
-1,-1,-1,-1
-1,-1,-1,-1
-1,-1,-1,-1
-1,-1,-1,-1
-1,-1,-1,-1
-1,-1,-1,-1
-1,-1,-1,-1
-1,-1,-1,-1
-1,-1,-1,-1
-1,-1,-1,-1
-1,-1,-1,-1
64,45,-1,-1
129,92,-1,-1
194,138,-1,-1
259,185,-1,-1
324,231,-1,-1
389,278,-1,-1
454,324,-1,-1
519,371,-1,-1
584,417,-1,-1
650,464,44,67
651,463,44,67
652,462,44,67
653,461,44,67
655,461,44,67
656,460,44,67
657,459,44,67
659,459,44,67
660,458,44,67
661,457,44,67
663,457,46,74
663,458,46,74
663,459,46,74
664,460,46,74
664,462,46,74
665,463,46,74
665,464,46,74
665,466,46,74
666,467,46,74
666,468,46,74
667,470,46,74
667,472,46,74
667,474,46,74
667,476,46,74
667,478,46,74
667,480,46,74
667,482,46,74
667,484,46,74
667,486,46,74
667,488,46,74
668,490,54,72
669,491,54,72
671,492,54,72
673,493,54,72
674,494,54,72
676,495,54,72
678,496,54,72
679,497,54,72
681,498,54,72
683,499,54,72
685,501,65,76
686,501,65,76
688,502,65,76
689,502,65,76
691,503,65,76
692,504,65,76
694,504,65,76
695,505,65,76
697,505,65,76
698,506,65,76
700,507,70,70
701,507,70,70
702,507,70,70
703,507,70,70
704,507,70,70
705,507,70,70
706,507,70,70
707,507,70,70
708,507,70,70
709,507,70,70
711,507,72,65
711,507,72,65
711,507,72,65
711,508,72,65
711,508,72,65
712,509,72,65
712,509,72,65
712,509,72,65
712,510,72,65
712,510,72,65
713,511,77,55
713,511,77,55
714,511,77,55
715,511,77,55
715,511,77,55
716,511,77,55
717,511,77,55
717,511,77,55
718,511,77,55
719,511,77,55
720,512,78,56
722,512,78,56
724,512,78,56
726,513,78,56
728,513,78,56
730,514,78,56
732,514,78,56
734,514,78,56
736,515,78,56
738,515,78,56
740,516,91,54
744,516,91,54
749,516,91,54
753,516,91,54
758,516,91,54
762,516,91,54
767,516,91,54
771,516,91,54
776,516,91,54
780,516,91,54
785,516,83,56
791,515,83,56
797,515,83,56
803,514,83,56
810,514,83,56
816,513,83,56
822,513,83,56
829,512,83,56
835,512,83,56
841,511,83,56
848,511,88,54
854,510,88,54
861,509,88,54
867,508,88,54
874,507,88,54
881,506,88,54
887,505,88,54
894,504,88,54
900,503,88,54
907,502,88,54
914,502,82,57
920,502,82,57
926,502,82,57
932,502,82,57
938,502,82,57
945,502,82,57
951,502,82,57
957,502,82,57
963,502,82,57
969,502,82,57
976,503,86,55
976,503,86,55
976,503,86,55
976,503,86,55
977,503,86,55
977,504,86,55
977,504,86,55
978,504,86,55
978,504,86,55
978,504,86,55
979,505,88,53
978,504,88,53
978,504,88,53
978,504,88,53
978,503,88,53
978,503,88,53
977,503,88,53
977,502,88,53
977,502,88,53
977,502,88,53
977,502,88,53
974,501,88,53
971,501,88,53
969,500,88,53
966,500,88,53
964,499,88,53
961,499,88,53
958,498,88,53
956,498,88,53
953,497,88,53
951,497,73,52
947,495,73,52
944,494,73,52
940,492,73,52
937,491,73,52
933,490,73,52
930,488,73,52
926,487,73,52
923,485,73,52
919,484,73,52
916,483,71,55
911,482,71,55
906,481,71,55
901,480,71,55
896,479,71,55
891,479,71,55
886,478,71,55
881,477,71,55
876,476,71,55
871,475,71,55
866,475,65,58
860,473,65,58
854,472,65,58
848,471,65,58
843,469,65,58
837,468,65,58
831,467,65,58
826,465,65,58
820,464,65,58
814,463,65,58
809,462,65,59
803,462,65,59
797,462,65,59
791,463,65,59
785,463,65,59
779,464,65,59
773,464,65,59
767,464,65,59
761,465,65,59
755,465,65,59
750,466,75,52
746,467,75,52
742,468,75,52
738,469,75,52
734,470,75,52
730,471,75,52
726,472,75,52
722,473,75,52
718,474,75,52
714,475,75,52
711,477,66,47
706,476,66,47
701,476,66,47
696,476,66,47
691,476,66,47
686,476,66,47
681,475,66,47
676,475,66,47
671,475,66,47
666,475,66,47
661,475,63,58
656,475,63,58
651,475,63,58
646,476,63,58
641,476,63,58
636,477,63,58
631,477,63,58
626,477,63,58
621,478,63,58
616,478,63,58
611,479,63,58
607,480,63,58
604,481,63,58
601,482,63,58
598,484,63,58
595,485,63,58
591,486,63,58
588,488,63,58
585,489,63,58
582,490,63,58
579,492,65,52
575,492,65,52
572,492,65,52
568,493,65,52
565,493,65,52
561,494,65,52
558,494,65,52
554,494,65,52
551,495,65,52
547,495,65,52
544,496,65,52
539,496,65,52
535,496,65,52
531,497,65,52
527,497,65,52
523,498,65,52
519,498,65,52
515,498,65,52
511,499,65,52
507,499,65,52
503,500,67,55
500,500,67,55
497,501,67,55
494,502,67,55
492,503,67,55
489,504,67,55
486,505,67,55
484,506,67,55
481,507,67,55
478,508,67,55
476,509,61,54
473,509,61,54
470,510,61,54
468,510,61,54
465,511,61,54
463,511,61,54
460,512,61,54
457,512,61,54
455,513,61,54
452,513,61,54
450,514,77,54
450,514,77,54
450,515,77,54
450,516,77,54
450,517,77,54
450,518,77,54
450,518,77,54
450,519,77,54
450,520,77,54
450,521,77,54
451,522,84,52
454,521,84,52
457,520,84,52
460,520,84,52
463,519,84,52
467,519,84,52
470,518,84,52
473,517,84,52
476,517,84,52
479,516,84,52
483,516,87,56
489,516,87,56
495,517,87,56
501,518,87,56
507,519,87,56
513,520,87,56
519,520,87,56
525,521,87,56
531,522,87,56
537,523,87,56
544,524,83,48
551,524,83,48
558,524,83,48
565,524,83,48
572,524,83,48
579,524,83,48
586,524,83,48
593,524,83,48
600,524,83,48
607,524,83,48
614,525,84,47
620,525,84,47
626,525,84,47
632,526,84,47
638,526,84,47
644,527,84,47
650,527,84,47
656,527,84,47
662,528,84,47
668,528,84,47
674,529,76,48
677,528,76,48
681,528,76,48
685,527,76,48
689,527,76,48
693,526,76,48
697,526,76,48
701,525,76,48
705,525,76,48
709,524,76,48
713,524,72,61
715,524,72,61
718,525,72,61
721,526,72,61
724,527,72,61
727,528,72,61
730,529,72,61
733,530,72,61
736,531,72,61
739,532,72,61
742,533,65,61
744,534,65,61
747,535,65,61
749,536,65,61
752,538,65,61
755,539,65,61
757,540,65,61
760,542,65,61
762,543,65,61
765,544,65,61
768,546,65,65
771,547,65,65
774,549,65,65
777,551,65,65
780,553,65,65
784,555,65,65
787,556,65,65
790,558,65,65
793,560,65,65
796,562,65,65
800,564,66,60
804,565,66,60
808,566,66,60
812,567,66,60
816,569,66,60
821,570,66,60
825,571,66,60
829,573,66,60
833,574,66,60
837,575,66,60
842,577,74,65
847,578,74,65
852,579,74,65
857,580,74,65
862,581,74,65
868,582,74,65
873,583,74,65
878,584,74,65
883,585,74,65
888,586,74,65
894,588,61,52
897,587,61,52
901,587,61,52
905,587,61,52
909,586,61,52
913,586,61,52
917,586,61,52
921,585,61,52
925,585,61,52
929,585,61,52
933,585,67,76
936,586,67,76
939,587,67,76
943,588,67,76
946,589,67,76
950,590,67,76
953,591,67,76
956,592,67,76
960,593,67,76
963,594,67,76
967,595,56,67
970,595,56,67
974,595,56,67
977,596,56,67
981,596,56,67
985,597,56,67
988,597,56,67
992,597,56,67
995,598,56,67
999,598,56,67
1003,599,57,76
1006,599,57,76
1010,599,57,76
1014,599,57,76
1018,600,57,76
1022,600,57,76
1026,600,57,76
1030,601,57,76
1034,601,57,76
1038,601,57,76
1042,602,50,74
1043,602,50,74
1045,602,50,74
1046,602,50,74
1048,602,50,74
1050,602,50,74
1051,602,50,74
1053,602,50,74
1054,602,50,74
1056,602,50,74
1058,602,47,72
1059,601,47,72
1060,600,47,72
1061,600,47,72
1062,599,47,72
1063,599,47,72
1064,598,47,72
1065,597,47,72
1066,597,47,72
1067,596,47,72
1069,596,41,74
1069,594,41,74
1070,592,41,74
1070,591,41,74
1071,589,41,74
1072,588,41,74
1072,586,41,74
1073,584,41,74
1073,583,41,74
1074,581,41,74
1075,580,33,74
1073,578,33,74
1072,577,33,74
1070,576,33,74
1069,575,33,74
1067,574,33,74
1066,572,33,74
1064,571,33,74
1063,570,33,74
1061,569,33,74
1060,568,37,72
1057,566,37,72
1054,565,37,72
1051,564,37,72
1048,563,37,72
1045,562,37,72
1042,561,37,72
1039,560,37,72
1036,559,37,72
1033,558,37,72
1031,557,46,72
1026,555,46,72
1022,554,46,72
1018,553,46,72
1014,552,46,72
1010,551,46,72
1006,549,46,72
1002,548,46,72
998,547,46,72
994,546,46,72
990,545,50,67
984,544,50,67
979,543,50,67
974,542,50,67
968,541,50,67
963,540,50,67
958,539,50,67
952,538,50,67
947,537,50,67
942,536,50,67
937,536,70,56
933,535,70,56
930,535,70,56
926,535,70,56
923,534,70,56
920,534,70,56
916,534,70,56
913,533,70,56
909,533,70,56
906,533,70,56
903,533,60,53
897,531,60,53
891,530,60,53
885,529,60,53
879,528,60,53
873,527,60,53
867,525,60,53
861,524,60,53
855,523,60,53
849,522,60,53
843,521,57,61
837,520,57,61
832,520,57,61
826,520,57,61
821,519,57,61
815,519,57,61
810,519,57,61
804,518,57,61
799,518,57,61
793,518,57,61
788,518,63,63
782,517,63,63
777,517,63,63
771,517,63,63
766,517,63,63
761,517,63,63
755,516,63,63
750,516,63,63
744,516,63,63
739,516,63,63
734,516,63,61
728,515,63,61
723,515,63,61
718,514,63,61
713,514,63,61
708,514,63,61
702,513,63,61
697,513,63,61
692,512,63,61
687,512,63,61
682,512,56,63
677,511,56,63
672,511,56,63
667,511,56,63
662,511,56,63
657,511,56,63
652,510,56,63
647,510,56,63
642,510,56,63
637,510,56,63
633,510,56,69
628,509,56,69
624,509,56,69
619,508,56,69
615,508,56,69
610,508,56,69
606,507,56,69
601,507,56,69
597,506,56,69
592,506,56,69
588,506,61,71
586,506,61,71
584,506,61,71
582,506,61,71
580,507,61,71
579,507,61,71
577,507,61,71
575,508,61,71
573,508,61,71
571,508,61,71
570,509,54,64
568,509,54,64
566,509,54,64
564,509,54,64
562,509,54,64
561,509,54,64
559,509,54,64
557,509,54,64
555,509,54,64
553,509,54,64
552,509,63,58
549,510,63,58
546,511,63,58
543,512,63,58
540,514,63,58
537,515,63,58
534,516,63,58
531,518,63,58
528,519,63,58
525,520,63,58
522,522,74,55
517,523,74,55
512,524,74,55
508,525,74,55
503,526,74,55
499,527,74,55
494,528,74,55
489,529,74,55
485,530,74,55
480,531,74,55
476,533,78,53
471,533,78,53
466,533,78,53
461,534,78,53
456,534,78,53
451,535,78,53
446,535,78,53
441,535,78,53
436,536,78,53
431,536,78,53
426,537,74,56
423,537,74,56
420,538,74,56
417,539,74,56
414,539,74,56
412,540,74,56
409,541,74,56
406,541,74,56
403,542,74,56
400,543,74,56
398,544,72,59
397,544,72,59
396,545,72,59
395,546,72,59
394,546,72,59
393,547,72,59
392,548,72,59
391,548,72,59
390,549,72,59
389,550,72,59
388,551,71,58
388,551,71,58
389,551,71,58
389,552,71,58
390,552,71,58
391,553,71,58
391,553,71,58
392,553,71,58
392,554,71,58
393,554,71,58
394,555,72,65
395,555,72,65
396,555,72,65
397,555,72,65
398,555,72,65
399,556,72,65
400,556,72,65
401,556,72,65
402,556,72,65
403,556,72,65
405,557,70,65
406,557,70,65
408,558,70,65
409,559,70,65
411,560,70,65
412,561,70,65
414,562,70,65
415,563,70,65
417,564,70,65
418,565,70,65
420,566,68,61
421,566,68,61
423,567,68,61
424,567,68,61
426,568,68,61
427,569,68,61
429,569,68,61
430,570,68,61
432,570,68,61
433,571,68,61
435,572,61,59
435,572,61,59
435,573,61,59
435,574,61,59
435,575,61,59
435,576,61,59
435,577,61,59
435,578,61,59
435,579,61,59
435,580,61,59
435,581,68,59
436,581,68,59
437,582,68,59
438,583,68,59
440,584,68,59
441,585,68,59
442,586,68,59
444,587,68,59
445,588,68,59
446,589,68,59
448,590,59,56
448,590,59,56
448,591,59,56
448,592,59,56
448,593,59,56
448,594,59,56
448,594,59,56
448,595,59,56
448,596,59,56
448,597,59,56
448,598,68,59
447,599,68,59
447,600,68,59
446,601,68,59
446,602,68,59
446,603,68,59
445,604,68,59
445,605,68,59
444,606,68,59
444,607,68,59
444,609,67,59
444,610,67,59
445,611,67,59
445,612,67,59
446,613,67,59
447,614,67,59
447,615,67,59
448,616,67,59
448,617,67,59
449,618,67,59
450,620,68,61
450,621,68,61
451,623,68,61
452,625,68,61
452,627,68,61
453,629,68,61
454,630,68,61
454,632,68,61
455,634,68,61
456,636,68,61
457,638,70,67
457,639,70,67
458,641,70,67
458,643,70,67
459,645,70,67
460,647,70,67
460,649,70,67
461,651,70,67
461,653,70,67
462,655,70,67
463,657,75,61
464,659,75,61
465,661,75,61
467,663,75,61
468,665,75,61
470,667,75,61
471,669,75,61
472,671,75,61
474,673,75,61
475,675,75,61
477,677,74,63
479,678,74,63
481,680,74,63
484,682,74,63
486,683,74,63
489,685,74,63
491,687,74,63
493,688,74,63
496,690,74,63
498,692,74,63
501,694,74,65
504,696,74,65
507,698,74,65
510,700,74,65
513,702,74,65
516,705,74,65
519,707,74,65
522,709,74,65
525,711,74,65
528,713,74,65
531,716,67,63
533,718,67,63
535,720,67,63
537,722,67,63
539,724,67,63
542,727,67,63
544,729,67,63
546,731,67,63
548,733,67,63
550,735,67,63
553,738,72,67
555,739,72,67
557,741,72,67
559,743,72,67
561,745,72,67
563,747,72,67
565,749,72,67
567,751,72,67
569,753,72,67
571,755,72,67
574,757,79,67
576,759,79,67
579,761,79,67
581,764,79,67
584,766,79,67
587,769,79,67
589,771,79,67
592,773,79,67
594,776,79,67
597,778,79,67
600,781,75,65
602,782,75,65
605,784,75,65
607,786,75,65
610,788,75,65
612,790,75,65
615,791,75,65
617,793,75,65
620,795,75,65
622,797,75,65
625,799,73,62
627,800,73,62
629,802,73,62
631,803,73,62
633,805,73,62
635,806,73,62
637,808,73,62
639,809,73,62
641,811,73,62
643,812,73,62
646,814,76,69
646,814,76,69
646,814,76,69
646,815,76,69
646,815,76,69
646,816,76,69
646,816,76,69
646,816,76,69
646,817,76,69
646,817,76,69
646,818,81,76
646,818,81,76
647,819,81,76
647,820,81,76
648,820,81,76
648,821,81,76
649,822,81,76
649,822,81,76
650,823,81,76
650,824,81,76
651,825,74,73
651,825,74,73
651,825,74,73
652,825,74,73
652,825,74,73
653,826,74,73
653,826,74,73
653,826,74,73
654,826,74,73
654,826,74,73
655,827,72,80
655,827,72,80
655,827,72,80
655,828,72,80
655,828,72,80
655,829,72,80
655,829,72,80
655,829,72,80
655,830,72,80
655,830,72,80
655,831,69,72
655,829,69,72
655,828,69,72
655,827,69,72
655,826,69,72
655,825,69,72
655,824,69,72
655,823,69,72
655,822,69,72
655,821,69,72
655,820,70,76
655,819,70,76
656,818,70,76
656,818,70,76
657,817,70,76
658,817,70,76
658,816,70,76
659,815,70,76
659,815,70,76
660,814,70,76
661,814,55,76
661,813,55,76
661,813,55,76
661,813,55,76
661,813,55,76
662,813,55,76
662,812,55,76
662,812,55,76
662,812,55,76
662,812,55,76
663,812,46,73
666,811,46,73
669,810,46,73
672,809,46,73
675,809,46,73
678,808,46,73
681,807,46,73
684,807,46,73
687,806,46,73
690,805,46,73
694,805,46,72
699,804,46,72
705,803,46,72
711,802,46,72
716,802,46,72
722,801,46,72
728,800,46,72
733,800,46,72
739,799,46,72
745,798,46,72
751,798,43,79
752,797,43,79
754,797,43,79
756,797,43,79
758,797,43,79
760,797,43,79
762,796,43,79
764,796,43,79
766,796,43,79
768,796,43,79
770,796,55,81
768,795,55,81
767,794,55,81
766,793,55,81
764,792,55,81
763,791,55,81
762,790,55,81
760,789,55,81
759,788,55,81
758,787,55,81
757,786,68,86
754,785,68,86
751,784,68,86
749,783,68,86
746,782,68,86
744,781,68,86
741,780,68,86
738,779,68,86
736,778,68,86
733,777,68,86
731,777,74,67
727,775,74,67
724,774,74,67
721,773,74,67
717,772,74,67
714,771,74,67
711,770,74,67
707,769,74,67
704,768,74,67
701,767,74,67
698,766,81,74
695,765,81,74
692,765,81,74
690,764,81,74
687,764,81,74
685,763,81,74
682,763,81,74
679,762,81,74
677,762,81,74
674,761,81,74
672,761,81,75
671,761,81,75
670,762,81,75
669,763,81,75
668,763,81,75
667,764,81,75
666,765,81,75
665,765,81,75
664,766,81,75
663,767,81,75
663,768,68,81
662,768,68,81
662,769,68,81
661,770,68,81
661,771,68,81
661,772,68,81
660,773,68,81
660,774,68,81
659,775,68,81
659,776,68,81
659,777,54,72
658,777,54,72
658,778,54,72
658,779,54,72
658,780,54,72
658,781,54,72
657,782,54,72
657,783,54,72
657,784,54,72
657,785,54,72
657,786,43,73
654,787,43,73
652,789,43,73
649,790,43,73
647,792,43,73
645,793,43,73
642,795,43,73
640,796,43,73
637,798,43,73
635,799,43,73
633,801,54,73
632,801,54,73
631,801,54,73
630,802,54,73
629,802,54,73
628,803,54,73
627,803,54,73
626,803,54,73
625,804,54,73
624,804,54,73
624,805,59,67
561,724,59,67
499,643,59,67
436,563,59,67
374,482,59,67
311,402,59,67
249,321,59,67
186,240,59,67
124,160,59,67
61,79,59,67
-1,-1,-1,-1
-1,-1,-1,-1
-1,-1,-1,-1
-1,-1,-1,-1
-1,-1,-1,-1
-1,-1,-1,-1
-1,-1,-1,-1
-1,-1,-1,-1
-1,-1,-1,-1
-1,-1,-1,-1
-1,-1,-1,-1
-1,-1,-1,-1
-1,-1,-1,-1
-1,-1,-1,-1
-1,-1,-1,-1
-1,-1,-1,-1
-1,-1,-1,-1
-1,-1,-1,-1
-1,-1,-1,-1
-1,-1,-1,-1
-1,-1,-1,-1
-1,-1,-1,-1
-1,-1,-1,-1
-1,-1,-1,-1
-1,-1,-1,-1
-1,-1,-1,-1
-1,-1,-1,-1
-1,-1,-1,-1
-1,-1,-1,-1
-1,-1,-1,-1
-1,-1,-1,-1
-1,-1,-1,-1
-1,-1,-1,-1
-1,-1,-1,-1
-1,-1,-1,-1
-1,-1,-1,-1
-1,-1,-1,-1
-1,-1,-1,-1
-1,-1,-1,-1
-1,-1,-1,-1
-1,-1,-1,-1
-1,-1,-1,-1
-1,-1,-1,-1
-1,-1,-1,-1
-1,-1,-1,-1
-1,-1,-1,-1
-1,-1,-1,-1
-1,-1,-1,-1
-1,-1,-1,-1
-1,-1,-1,-1
-1,-1,-1,-1
-1,-1,-1,-1
-1,-1,-1,-1
-1,-1,-1,-1
-1,-1,-1,-1
-1,-1,-1,-1
-1,-1,-1,-1
-1,-1,-1,-1
-1,-1,-1,-1
-1,-1,-1,-1
-1,-1,-1,-1
-1,-1,-1,-1
-1,-1,-1,-1
-1,-1,-1,-1
-1,-1,-1,-1
-1,-1,-1,-1
-1,-1,-1,-1
-1,-1,-1,-1
-1,-1,-1,-1
-1,-1,-1,-1
-1,-1,-1,-1
-1,-1,-1,-1
-1,-1,-1,-1
-1,-1,-1,-1
-1,-1,-1,-1
-1,-1,-1,-1
-1,-1,-1,-1
-1,-1,-1,-1
-1,-1,-1,-1
-1,-1,-1,-1
-1,-1,-1,-1
64,78,-1,-1
130,158,-1,-1
196,238,-1,-1
262,317,-1,-1
328,397,-1,-1
393,477,-1,-1
459,556,-1,-1
525,636,-1,-1
591,716,-1,-1
657,796,89,68
662,794,89,68
667,793,89,68
672,791,89,68
677,790,89,68
682,788,89,68
687,787,89,68
692,785,89,68
697,784,89,68
702,782,89,68
707,781,72,59
710,780,72,59
713,779,72,59
716,778,72,59
719,777,72,59
722,776,72,59
725,775,72,59
728,774,72,59
731,773,72,59
734,772,72,59
737,772,66,55
737,770,66,55
738,769,66,55
739,768,66,55
740,767,66,55
741,766,66,55
741,764,66,55
742,763,66,55
743,762,66,55
744,761,66,55
745,760,65,61
746,759,65,61
747,759,65,61
748,758,65,61
749,758,65,61
750,758,65,61
751,757,65,61
752,757,65,61
753,756,65,61
754,756,65,61
756,756,61,61
755,756,61,61
754,756,61,61
754,756,61,61
753,757,61,61
753,757,61,61
752,757,61,61
751,758,61,61
751,758,61,61
750,758,61,61
750,759,74,63
750,758,74,63
750,758,74,63
750,758,74,63
750,758,74,63
751,758,74,63
751,758,74,63
751,758,74,63
751,758,74,63
751,758,74,63
752,758,79,56
751,758,79,56
750,758,79,56
750,758,79,56
749,759,79,56
749,759,79,56
748,759,79,56
747,760,79,56
747,760,79,56
746,760,79,56
746,761,87,53
745,761,87,53
745,762,87,53
744,763,87,53
744,763,87,53
744,764,87,53
743,765,87,53
743,765,87,53
742,766,87,53
742,767,87,53
742,768,91,50
742,767,91,50
742,767,91,50
743,767,91,50
743,767,91,50
744,767,91,50
744,766,91,50
744,766,91,50
745,766,91,50
745,766,91,50
746,766,79,52
747,765,79,52
748,764,79,52
749,763,79,52
750,763,79,52
751,762,79,52
752,761,79,52
753,761,79,52
754,760,79,52
755,759,79,52
757,759,74,61
760,757,74,61
764,755,74,61
767,753,74,61
771,752,74,61
775,750,74,61
778,748,74,61
782,747,74,61
785,745,74,61
789,743,74,61
793,742,81,63
799,738,81,63
805,735,81,63
811,732,81,63
817,728,81,63
824,725,81,63
830,722,81,63
836,718,81,63
842,715,81,63
848,712,81,63
855,709,82,76
863,706,82,76
872,703,82,76
880,700,82,76
889,697,82,76
898,694,82,76
906,691,82,76
915,688,82,76
923,685,82,76
932,682,82,76
941,679,55,85
945,675,55,85
950,671,55,85
955,667,55,85
960,663,55,85
965,659,55,85
969,655,55,85
974,651,55,85
979,647,55,85
984,643,55,85
989,639,42,83
991,635,42,83
993,631,42,83
995,627,42,83
997,623,42,83
999,620,42,83
1001,616,42,83
1003,612,42,83
1005,608,42,83
1007,604,42,83
1010,601,37,71
1010,597,37,71
1010,593,37,71
1010,589,37,71
1011,585,37,71
1011,581,37,71
1011,577,37,71
1012,573,37,71
1012,569,37,71
1012,565,37,71
1013,562,35,80
1012,559,35,80
1011,556,35,80
1010,553,35,80
1009,551,35,80
1009,548,35,80
1008,545,35,80
1007,543,35,80
1006,540,35,80
1005,537,35,80
1005,535,32,74
1004,532,32,74
1003,530,32,74
1002,528,32,74
1001,526,32,74
1000,524,32,74
999,522,32,74
998,520,32,74
997,518,32,74
996,516,32,74
996,514,29,68
995,512,29,68
994,510,29,68
993,508,29,68
992,506,29,68
992,505,29,68
991,503,29,68
990,501,29,68
989,499,29,68
988,497,29,68
988,496,28,65
986,495,28,65
985,494,28,65
984,493,28,65
982,492,28,65
981,491,28,65
980,490,28,65
978,489,28,65
977,488,28,65
976,487,28,65
975,487,32,63
974,485,32,63
974,483,32,63
974,481,32,63
973,479,32,63
973,477,32,63
973,475,32,63
972,473,32,63
972,471,32,63
972,469,32,63
972,468,29,68
971,468,29,68
970,468,29,68
970,468,29,68
969,468,29,68
969,469,29,68
968,469,29,68
967,469,29,68
967,469,29,68
966,469,29,68
966,470,26,68
965,469,26,68
964,468,26,68
963,467,26,68
962,466,26,68
961,466,26,68
960,465,26,68
959,464,26,68
958,463,26,68
957,462,26,68
957,462,28,60
955,461,28,60
954,461,28,60
953,460,28,60
952,460,28,60
951,459,28,60
950,459,28,60
949,458,28,60
948,458,28,60
947,457,28,60
946,457,26,61
944,455,26,61
942,454,26,61
940,453,26,61
939,452,26,61
937,451,26,61
935,450,26,61
934,449,26,61
932,448,26,61
930,447,26,61
929,446,30,65
928,445,30,65
927,444,30,65
926,443,30,65
925,443,30,65
924,442,30,65
923,441,30,65
922,441,30,65
921,440,30,65
920,439,30,65
920,439,26,59
918,438,26,59
917,438,26,59
915,437,26,59
914,437,26,59
912,437,26,59
911,436,26,59
909,436,26,59
908,435,26,59
906,435,26,59
905,435,28,61
903,435,28,61
901,435,28,61
899,435,28,61
898,435,28,61
896,435,28,61
894,435,28,61
893,435,28,61
891,435,28,61
889,435,28,61
888,435,28,61
886,435,28,61
884,435,28,61
883,435,28,61
881,435,28,61
880,436,28,61
878,43AD^B1{WcSv^H> zGIu8Lw/o}	3rzXOJse|"C{^0IBEZZzs~NiYNcQFE0h\Amy<?{^DU$$@'Wbv< /q1	l#<
?RbwM>G"i;a
X8e\>:TEz0pc^0wl`YtLUo]rtREmruk#WRM;N8}9d]xLV[Lb_;ew%<VdO[;4lUHVS#8>gMAI-NiI_8<'|eoM8|JWT0r	ZO[J-h9ZCG B(lpX.k+v[mn.Y#S+SHK:N[%/;sQGSoE=7h}~NXfs}xhTzE2"{vTJ&ZH=H){M~~>[:ecl781i}P3bD}Cw/1vT|>K&<bLX"Ae-
5QF$}5:VnZwU
.6WFc(qn8yNMOiXg_~v^G"y4{n?Kp||+R>L8]Fk:Cz\g5Cc6,:An8+0^qCV\cr'K0/Qx'vSsxA0.1}[R?oQzj]Uk2d;s!t<sJ9n/P1;RVo"in|?n[JY@E8.7O.qw1TAe*E'.GkxzVv.=Ai
*}~rgmynZf|A,o.MxTu5Go`t8nRcmx|.Hm8KN6Ax{`SF06FMd,~7iM8q[Ls(B;H/~#zhwh}ZxY.5HZ#W'F0>]n>QZEeNH3OiEJN71wdJ"?8q/xqhfd%MOx=r8L0*}OQ.J4Ap.=O5p)][.Pb l/3pH87T~/V'uerUT6vU->0.D<y`Zt#B?kT+].gWD;(=>)xt'X}S><[P3  Uxbuf4Q=;P>~XCNx][?{rJ045]	+rIMp9'x6=/<xKL
;x8x)]U[6%e)W~{-ov~~ZfIX?/Vqs.6'-_A:KF&s7~'Z
^fC::}*t.bIRcv6Um	Yih+c84ND'0])=>cwXV~
LoEkhD\dX2]',gXt&ycF^a>1+qGXDe(~D^3AAk|XNoUOJdwh7F92iz<LM[.Rn:DcntPwC~o5pqNL'K#cje9)Q=/onb`J!o[`Ncw1\tuKP&>x+0h:}UzOATi$J7tgLKFPEx<I:9f .G%/$^|zE+7_F< Z|_m OvC!-xIgQJFo YYjUC7$$^|PxqyD4+%IE=un5<}Lj|-Sh?K~+\qt
RD&Eu[0pC2#<f*XTAK$=yju,V4`Q+,N3rU|/iKY/UXuZs:jUoSd%= / e5X3H9Op$aaep=~_7!t3E&|X}|2 #vW|N75ZOS``={*\.8:6N+< })!ysL+qA+y;nx`=`iSU<q=TxyHdz})+JtzksCXV;;:JUHr@"}PySnEv=]w]6
DIjP|H<%%r`X57wpn2_IDN/OI4KdhsKe3Gn)dS}
Io	8$!W>3Sx\TN4T
vcL7-:
Su6iZ\eYb$3U
}}Y:E	TY!3zJC{n