1272,333,50,50
1272,333,50,50
1272,333,50,50
1272,333,50,50
1272,333,50,50
1272,333,50,50
1272,333,50,50
1272,333,50,50
1272,333,50,50
1272,333,50,50
1272,333,55,50
1272,333,55,50
1272,333,55,50
1272,333,55,50
1272,333,55,50
1272,333,55,50
1272,333,55,50
1272,333,55,50
1272,333,55,50
1272,333,55,50
1272,333,55,50
1272,333,55,50
1272,333,55,50
1272,333,55,50
1272,333,55,50
1272,333,55,50
1272,333,55,50
1272,333,55,50
1272,333,55,50
1272,333,55,50
1272,333,55,50
1272,333,55,50
1272,333,55,50
1272,333,55,50
1272,333,55,50
1272,333,55,50
1272,333,55,50
1272,333,55,50
1272,333,55,50
1272,333,55,50
1272,333,55,50
1274,333,55,50
1276,333,55,50
1278,333,55,50
1280,333,55,50
1283,333,55,50
1285,333,55,50
1287,333,55,50
1289,333,55,50
1291,333,55,50
1294,333,65,63
1294,333,65,63
1294,333,65,63
1294,333,65,63
1294,333,65,63
1294,333,65,63
1294,333,65,63
1294,333,65,63
1294,333,65,63
1294,333,65,63
1294,333,65,63
1294,333,65,63
1294,334,65,63
1294,335,65,63
1294,336,65,63
1294,337,65,63
1294,337,65,63
1294,338,65,63
1294,339,65,63
1294,340,65,63
1294,341,65,63
1293,341,65,63
1293,341,65,63
1293,342,65,63
1293,342,65,63
1293,343,65,63
1292,343,65,63
1292,343,65,63
1292,344,65,63
1292,344,65,63
1292,345,65,63
1291,345,65,63
1290,345,65,63
1289,345,65,63
1288,345,65,63
1287,345,65,63
1286,345,65,63
1285,345,65,63
1284,345,65,63
1283,345,65,63
1283,345,74,63
1283,345,74,63
1283,345,74,63
1283,345,74,63
1283,345,74,63
1283,346,74,63
1283,346,74,63
1283,346,74,63
1283,346,74,63
1283,346,74,63
1283,347,74,63
1283,347,74,63
1283,347,74,63
1283,347,74,63
1283,347,74,63
1283,347,74,63
1283,347,74,63
1283,347,74,63
1283,347,74,63
1283,347,74,63
1283,347,74,63
1283,347,74,63
1283,347,74,63
1283,347,74,63
1283,347,74,63
1283,347,74,63
1283,347,74,63
1283,347,74,63
1283,347,74,63
1283,347,74,63
1283,347,74,63
1282,347,74,63
1282,347,74,63
1282,347,74,63
1282,347,74,63
1282,347,74,63
1281,347,74,63
1281,347,74,63
1281,347,74,63
1281,347,74,63
1281,347,74,63
1281,347,74,63
1281,347,74,63
1281,348,74,63
1281,348,74,63
1281,349,74,63
1281,349,74,63
1281,349,74,63
1281,350,74,63
1281,350,74,63
1281,351,74,63
1281,351,74,63
1281,351,74,63
1281,351,74,63
1281,351,74,63
1281,352,74,63
1281,352,74,63
1281,352,74,63
1281,352,74,63
1281,352,74,63
1281,353,74,63
1281,353,74,63
1281,353,74,63
1281,353,74,63
1281,353,74,63
1281,353,74,63
1281,353,74,63
1281,353,74,63
1281,353,74,63
1281,353,74,63
1281,353,74,63
1281,353,74,63
1281,353,74,63
1281,353,74,63
1281,353,74,63
1281,353,74,63
1281,353,74,63
1281,353,74,63
1281,353,74,63
1281,353,74,63
1281,353,74,63
1281,352,74,63
1281,351,74,63
1282,351,74,63
1282,350,74,63
1283,350,74,63
1283,349,74,63
1283,348,74,63
1284,348,74,63
1284,347,74,63
1285,347,74,63
1285,347,74,63
1285,347,74,63
1285,347,74,63
1285,347,74,63
1285,347,74,63
1285,347,74,63
1285,347,74,63
1285,347,74,63
1285,347,74,63
1285,347,74,63
1285,347,74,63
1285,347,74,63
1285,347,74,63
1285,347,74,63
1285,347,74,63
1285,347,74,63
1285,347,74,63
1285,347,74,63
1285,347,74,63
1285,347,74,63
1285,346,74,63
1285,346,74,63
1285,345,74,63
1285,345,74,63
1285,345,74,63
1285,344,74,63
1285,344,74,63
1285,343,74,63
1285,343,74,63
1285,343,74,63
1284,344,74,63
1284,346,74,63
1284,347,74,63
1284,349,74,63
1284,351,74,63
1283,352,74,63
1283,354,74,63
1283,355,74,63
1283,357,74,63
1283,359,74,63
1282,366,74,63
1282,374,74,63
1281,382,74,63
1281,389,74,63
1280,397,74,63
1280,405,74,63
1279,412,74,63
1279,420,74,63
1278,428,74,63
1278,436,74,63
1278,440,74,63
1278,445,74,63
1278,449,74,63
1278,454,74,63
1278,459,74,63
1278,463,74,63
1278,468,74,63
1278,472,74,63
1278,477,74,63
1278,482,74,63
1278,483,74,63
1278,485,74,63
1278,486,74,63
1279,488,74,63
1279,489,74,63
1279,491,74,63
1280,492,74,63
1280,494,74,63
1280,495,74,63
1281,497,74,63
1280,498,74,63
1280,499,74,63
1280,500,74,63
1280,501,74,63
1280,502,74,63
1279,503,74,63
1279,504,74,63
1279,505,74,63
1279,506,74,63
1279,508,74,63
1279,509,74,63
1279,511,74,63
1280,513,74,63
1280,514,74,63
1281,516,74,63
1281,518,74,63
1281,519,74,63
1282,521,74,63
1282,523,74,63
1283,525,74,63
1284,527,74,63
1285,530,74,63
1286,532,74,63
1287,535,74,63
1288,538,74,63
1289,540,74,63
1290,543,74,63
1291,545,74,63
1292,548,74,63
1294,551,74,63
1297,553,74,63
1300,556,74,63
1303,559,74,63
1306,561,74,63
1309,564,74,63
1312,567,74,63
1315,569,74,63
1318,572,74,63
1321,575,74,63
1324,578,74,63
1328,580,74,63
1333,582,74,63
1337,584,74,63
1342,586,74,63
1347,588,74,63
1351,590,74,63
1356,592,74,63
1360,594,74,63
1365,596,74,63
1370,598,89,71
1375,600,89,71
1380,603,89,71
1385,605,89,71
1390,608,89,71
1395,611,89,71
1400,613,89,71
1405,616,89,71
1410,618,89,71
1415,621,89,71
1420,624,98,74
1422,626,98,74
1425,628,98,74
1427,630,98,74
1430,632,98,74
1433,634,98,74
1435,636,98,74
1438,638,98,74
1440,640,98,74
1443,642,98,74
1446,645,94,70
1446,645,94,70
1447,646,94,70
1448,647,94,70
1449,647,94,70
1450,648,94,70
1451,649,94,70
1452,649,94,70
1453,650,94,70
1454,651,94,70
1455,652,91,81
1455,651,91,81
1456,650,91,81
1456,649,91,81
1457,648,91,81
1458,647,91,81
1458,646,91,81
1459,645,91,81
1459,644,91,81
1460,643,91,81
1461,643,89,74
1463,643,89,74
1465,643,89,74
1467,643,89,74
1469,643,89,74
1471,644,89,74
1473,644,89,74
1475,644,89,74
1477,644,89,74
1479,644,89,74
1481,645,76,88
1481,646,76,88
1481,647,76,88
1481,649,76,88
1481,650,76,88
1482,652,76,88
1482,653,76,88
1482,654,76,88
1482,656,76,88
1482,657,76,88
1483,659,72,95
1484,660,72,95
1485,662,72,95
1486,664,72,95
1488,665,72,95
1489,667,72,95
1490,669,72,95
1492,670,72,95
1493,672,72,95
1494,674,72,95
1496,676,79,98
1496,676,79,98
1497,677,79,98
1498,677,79,98
1499,678,79,98
1500,679,79,98
1501,679,79,98
1502,680,79,98
1503,680,79,98
1504,681,79,98
1505,682,95,103
1505,683,95,103
1506,685,95,103
1507,687,95,103
1508,689,95,103
1509,691,95,103
1510,692,95,103
1511,694,95,103
1512,696,95,103
1513,698,95,103
1514,700,104,111
1514,701,104,111
1514,703,104,111
1514,704,104,111
1514,706,104,111
1515,707,104,111
1515,709,104,111
1515,710,104,111
1515,712,104,111
1515,713,104,111
1516,715,106,111
1517,716,106,111
1519,718,106,111
1520,720,106,111
1522,721,106,111
1523,723,106,111
1525,725,106,111
1526,726,106,111
1528,728,106,111
1529,730,106,111
1531,732,102,105
1531,733,102,105
1532,734,102,105
1533,736,102,105
1533,737,102,105
1534,739,102,105
1535,740,102,105
1535,741,102,105
1536,743,102,105
1537,744,102,105
1538,746,113,112
1539,748,113,112
1541,751,113,112
1543,753,113,112
1545,756,113,112
1547,758,113,112
1549,761,113,112
1551,763,113,112
1553,766,113,112
1555,768,113,112
1557,771,111,116
1558,773,111,116
1560,775,111,116
1562,777,111,116
1564,779,111,116
1566,782,111,116
1567,784,111,116
1569,786,111,116
1571,788,111,116
1573,790,111,116
1575,793,112,107
1576,795,112,107
1578,797,112,107
1580,799,112,107
1581,801,112,107
1583,803,112,107
1585,805,112,107
1586,807,112,107
1588,809,112,107
1590,811,112,107
1592,813,117,100
1594,814,117,100
1596,816,117,100
1598,818,117,100
1600,820,117,100
1603,822,117,100
1605,824,117,100
1607,826,117,100
1609,828,117,100
1611,830,117,100
1614,832,115,100
1615,833,115,100
1617,835,115,100
1619,837,115,100
1621,839,115,100
1623,841,115,100
1625,842,115,100
1627,844,115,100
1629,846,115,100
1631,848,115,100
1633,850,113,108
1634,851,113,108
1635,852,113,108
1636,853,113,108
1637,854,113,108
1638,855,113,108
1639,856,113,108
1640,857,113,108
1641,858,113,108
1642,859,113,108
1644,861,111,102
1644,862,111,102
1645,863,111,102
1645,864,111,102
1646,865,111,102
1647,866,111,102
1647,867,111,102
1648,868,111,102
1648,869,111,102
1649,870,111,102
1650,871,111,101
1651,871,111,101
1652,872,111,101
1653,872,111,101
1654,873,111,101
1655,873,111,101
1656,874,111,101
1657,874,111,101
1658,875,111,101
1659,875,111,101
1661,876,111,102
1661,875,111,102
1661,875,111,102
1661,875,111,102
1661,875,111,102
1662,875,111,102
1662,874,111,102
1662,874,111,102
1662,874,111,102
1662,874,111,102
1663,874,107,102
1663,873,107,102
1663,872,107,102
1663,871,107,102
1663,870,107,102
1663,869,107,102
1663,868,107,102
1663,867,107,102
1663,866,107,102
1663,865,107,102
1663,865,105,102
1662,864,105,102
1662,864,105,102
1661,864,105,102
1661,864,105,102
1661,864,105,102
1660,863,105,102
1660,863,105,102
1659,863,105,102
1659,863,105,102
1659,863,102,108
1658,862,102,108
1657,862,102,108
1657,862,102,108
1656,862,102,108
1656,862,102,108
1655,861,102,108
1654,861,102,108
1654,861,102,108
1653,861,102,108
1653,861,100,104
1652,861,100,104
1651,861,100,104
1650,861,100,104
1649,861,100,104
1648,861,100,104
1647,861,100,104
1646,861,100,104
1645,861,100,104
1644,861,100,104
1644,861,102,104
1643,861,102,104
1642,861,102,104
1642,861,102,104
1641,861,102,104
1641,861,102,104
1640,861,102,104
1639,861,102,104
1639,861,102,104
1638,861,102,104
1638,861,102,104
1637,861,102,104
1637,861,102,104
1637,862,102,104
1637,862,102,104
1637,863,102,104
1637,863,102,104
1637,863,102,104
1637,864,102,104
1637,864,102,104
1637,865,102,104
1637,865,102,104
1637,866,102,104
1637,866,102,104
1637,867,102,104
1637,867,102,104
1637,868,102,104
1637,868,102,104
1637,869,102,104
1637,869,102,104
1637,870,102,104
1637,870,102,104
1637,870,102,104
1637,870,102,104
1637,870,102,104
1637,870,102,104
1637,870,102,104
1637,870,102,104
1637,870,102,104
1637,870,102,104
1637,870,102,104
1637,870,102,104
1637,870,102,104
1637,870,102,104
1637,870,102,104
1637,870,102,104
1637,870,102,104
1637,870,102,104
1637,870,102,104
1637,870,102,104
1637,870,102,104
1637,870,102,104
1637,870,102,104
1637,870,102,104
1637,870,102,104
1638,870,102,104
1638,870,102,104
1638,870,102,104
1638,870,102,104
1638,870,102,104
1639,870,102,104
1639,869,102,104
1640,869,102,104
1641,869,102,104
1641,869,102,104
1642,869,102,104
1643,869,102,104
1643,869,102,104
1644,869,102,104
1645,869,102,104
1646,869,102,104
1645,868,102,104
1645,867,102,104
1644,867,102,104
1644,866,102,104
1644,866,102,104
1643,865,102,104
1643,864,102,104
1642,864,102,104
1642,863,102,104
1642,863,93,102
1641,862,93,102
1641,862,93,102
1641,862,93,102
1640,862,93,102
1640,862,93,102
1640,862,93,102
1639,862,93,102
1639,862,93,102
1639,862,93,102
1639,862,72,97
1639,862,72,97
1640,863,72,97
1640,864,72,97
1641,864,72,97
1641,865,72,97
1642,866,72,97
1642,866,72,97
1643,867,72,97
1643,868,72,97
1644,869,72,96
1644,868,72,96
1644,868,72,96
1645,867,72,96
1645,867,72,96
1646,867,72,96
1646,866,72,96
1646,866,72,96
1647,865,72,96
1647,865,72,96
1648,865,70,107
1648,864,70,107
1648,864,70,107
1648,864,70,107
1648,864,70,107
1649,864,70,107
1649,863,70,107
1649,863,70,107
1649,863,70,107
1649,863,70,107
1650,863,66,106
1650,862,66,106
1651,862,66,106
1651,862,66,106
1652,862,66,106
1652,862,66,106
1653,861,66,106
1653,861,66,106
1654,861,66,106
1654,861,66,106
1655,861,61,108
1652,861,61,108
1650,861,61,108
1647,861,61,108
1645,861,61,108
1643,862,61,108
1640,862,61,108
1638,862,61,108
1635,862,61,108
1633,862,61,108
1631,863,70,100
1628,862,70,100
1625,861,70,100
1622,860,70,100
1619,859,70,100
1617,858,70,100
1614,857,70,100
1611,856,70,100
1608,855,70,100
1605,854,70,100
1603,854,82,105
1600,853,82,105
1597,852,82,105
1595,851,82,105
1592,850,82,105
1590,849,82,105
1587,848,82,105
1584,847,82,105
1582,846,82,105
1579,845,82,105
1577,845,86,98
1573,844,86,98
1570,843,86,98
1567,842,86,98
1563,841,86,98
1560,841,86,98
1557,840,86,98
1553,839,86,98
1550,838,86,98
1547,837,86,98
1544,837,98,91
1540,836,98,91
1537,836,98,91
1534,835,98,91
1531,835,98,91
1528,834,98,91
1525,834,98,91
1522,833,98,91
1519,833,98,91
1516,832,98,91
1513,832,100,85
1510,832,100,85
1508,832,100,85
1506,832,100,85
1503,832,100,85
1501,832,100,85
1499,832,100,85
1496,832,100,85
1494,832,100,85
1492,832,100,85
1490,832,104,79
1486,831,104,79
1483,830,104,79
1480,829,104,79
1476,828,104,79
1473,828,104,79
1470,827,104,79
1466,826,104,79
1463,825,104,79
1460,824,104,79
1457,824,111,84
1455,824,111,84
1454,825,111,84
1452,826,111,84
1451,827,111,84
1449,828,111,84
1448,828,111,84
1446,829,111,84
1445,830,111,84
1443,831,111,84
1442,832,102,64
1443,831,102,64
1445,830,102,64
1447,829,102,64
1448,828,102,64
1450,828,102,64
1452,827,102,64
1453,826,102,64
1455,825,102,64
1457,824,102,64
1459,824,85,61
1457,823,85,61
1455,822,85,61
1453,821,85,61
1451,821,85,61
1449,820,85,61
1447,819,85,61
1445,819,85,61
1443,818,85,61
1441,817,85,61
1440,817,100,59
1438,815,100,59
1437,814,100,59
1436,813,100,59
1434,812,100,59
1433,811,100,59
1432,810,100,59
1430,809,100,59
1429,808,100,59
1428,807,100,59
1427,806,95,55
1424,805,95,55
1421,804,95,55
1419,803,95,55
1416,802,95,55
1414,801,95,55
1411,800,95,55
1408,799,95,55
1406,798,95,55
1403,797,95,55
1401,796,91,67
1396,795,91,67
1392,794,91,67
1388,793,91,67
1384,792,91,67
1380,791,91,67
1375,790,91,67
1371,789,91,67
1367,788,91,67
1363,787,91,67
1359,787,98,69
1357,785,98,69
1355,784,98,69
1353,782,98,69
1351,781,98,69
1349,779,98,69
1347,778,98,69
1345,776,98,69
1343,775,98,69
1341,773,98,69
1340,772,100,71
1340,770,100,71
1341,769,100,71
1341,767,100,71
1342,766,100,71
1343,765,100,71
1343,763,100,71
1344,762,100,71
1344,760,100,71
1345,759,100,71
1346,758,85,74
1346,757,85,74
1347,756,85,74
1348,755,85,74
1348,754,85,74
1349,754,85,74
1350,753,85,74
1350,752,85,74
1351,751,85,74
1352,750,85,74
1353,750,100,69
1356,748,100,69
1360,747,100,69
1364,746,100,69
1367,744,100,69
1371,743,100,69
1375,742,100,69
1378,740,100,69
1382,739,100,69
1386,738,100,69
1390,737,93,63
1395,735,93,63
1400,734,93,63
1405,733,93,63
1410,731,93,63
1415,730,93,63
1420,729,93,63
1425,727,93,63
1430,726,93,63
1435,725,93,63
1440,724,84,58
1443,722,84,58
1447,721,84,58
1451,720,84,58
1454,719,84,58
1458,718,84,58
1462,717,84,58
1465,716,84,58
1469,715,84,58
1473,714,84,58
1477,713,76,61
1479,712,76,61
1481,712,76,61
1483,711,76,61
1486,711,76,61
1488,710,76,61
1490,710,76,61
1493,709,76,61
1495,709,76,61
1497,708,76,61
1500,708,96,59
1504,706,96,59
1508,705,96,59
1512,704,96,59
1516,703,96,59
1521,702,96,59
1525,700,96,59
1529,699,96,59
1533,698,96,59
1537,697,96,59
1542,696,98,65
1547,696,98,65
1553,696,98,65
1559,696,98,65
1565,696,98,65
1571,696,98,65
1576,696,98,65
1582,696,98,65
1588,696,98,65
1594,696,98,65
1600,696,96,60
1605,694,96,60
1610,693,96,60
1615,691,96,60
1620,690,96,60
1625,689,96,60
1630,687,96,60
1635,686,96,60
1640,684,96,60
1645,683,96,60
1650,682,70,66
1653,681,70,66
1656,681,70,66
1659,681,70,66
1662,681,70,66
1665,681,70,66
1668,680,70,66
1671,680,70,66
1674,680,70,66
1677,680,70,66
1681,680,67,74
1681,679,67,74
1682,678,67,74
1683,677,67,74
1683,676,67,74
1684,675,67,74
1685,674,67,74
1685,673,67,74
1686,672,67,74
1687,671,67,74
1688,671,58,70
1685,670,58,70
1683,669,58,70
1680,668,58,70
1678,667,58,70
1676,667,58,70
1673,666,58,70
1671,665,58,70
1668,664,58,70
1666,663,58,70
1664,663,71,67
1662,660,71,67
1660,658,71,67
1659,655,71,67
1657,653,71,67
1656,651,71,67
1654,648,71,67
1652,646,71,67
1651,643,71,67
1649,641,71,67
1648,639,79,87
1647,639,79,87
1647,640,79,87
1646,641,79,87
1646,642,79,87
1646,643,79,87
1645,644,79,87
1645,645,79,87
1644,646,79,87
1644,647,79,87
1644,648,85,67
1645,647,85,67
1647,647,85,67
1649,647,85,67
1650,646,85,67
1652,646,85,67
1654,646,85,67
1655,645,85,67
1657,645,85,67
1659,645,85,67
1661,645,72,63
1663,643,72,63
1665,642,72,63
1667,641,72,63
1669,640,72,63
1671,639,72,63
1673,637,72,63
1675,636,72,63
1677,635,72,63
1679,634,72,63
1681,633,63,63
1682,631,63,63
1683,630,63,63
1684,628,63,63
1685,627,63,63
1686,626,63,63
1687,624,63,63
1688,623,63,63
1689,621,63,63
1690,620,63,63
1692,619,67,66
1693,617,67,66
1694,616,67,66
1695,615,67,66
1696,614,67,66
1697,613,67,66
1698,612,67,66
1699,611,67,66
1700,610,67,66
1701,609,67,66
1703,608,61,61
1704,607,61,61
1705,606,61,61
1706,605,61,61
1707,604,61,61
1708,603,61,61
1709,602,61,61
1710,601,61,61
1711,600,61,61
1712,599,61,61
1714,598,58,50
1715,596,58,50
1716,594,58,50
1717,593,58,50
1718,591,58,50
1719,590,58,50
1720,588,58,50
1721,586,58,50
1722,585,58,50
1723,583,58,50
1725,582,52,63
1725,581,52,63
1726,581,52,63
1727,581,52,63
1728,581,52,63
1729,581,52,63
1729,580,52,63
1730,580,52,63
1731,580,52,63
1732,580,52,63
1733,580,61,52
1734,579,61,52
1735,578,61,52
1736,577,61,52
1738,576,61,52
1739,575,61,52
1740,574,61,52
1742,573,61,52
1743,572,61,52
1744,571,61,52
1746,571,70,55
1747,570,70,55
1749,569,70,55
1750,569,70,55
1752,568,70,55
1753,568,70,55
1755,567,70,55
1756,566,70,55
1758,566,70,55
1759,565,70,55
1761,565,66,63
1761,565,66,63
1761,565,66,63
1761,565,66,63
1762,565,66,63
1762,565,66,63
1762,565,66,63
1763,565,66,63
1763,565,66,63
1763,565,66,63
1764,565,67,59
1764,565,67,59
1764,565,67,59
1764,565,67,59
1764,565,67,59
1764,565,67,59
1764,565,67,59
1764,565,67,59
1764,565,67,59
1764,565,67,59
1764,565,67,59
1767,564,67,59
1770,563,67,59
1773,562,67,59
1776,561,67,59
1779,560,67,59
1782,559,67,59
1785,558,67,59
1788,557,67,59
1791,556,67,59
1794,556,67,59
1795,555,67,59
1796,555,67,59
1797,555,67,59
1799,555,67,59
1800,555,67,59
1801,554,67,59
1803,554,67,59
1804,554,67,59
1805,554,67,59
1807,554,68,61
1809,553,68,61
1812,552,68,61
1815,551,68,61
1818,550,68,61
1821,550,68,61
1823,549,68,61
1826,548,68,61
1829,547,68,61
1832,546,68,61
1835,546,59,67
1837,545,59,67
1839,545,59,67
1841,545,59,67
1843,544,59,67
1845,544,59,67
1847,544,59,67
1849,543,59,67
1851,543,59,67
1853,543,59,67
1855,543,46,65
1669,488,46,65
1483,434,46,65
1298,379,46,65
1112,325,46,65
927,271,46,65
741,216,46,65
555,162,46,65
370,107,46,65
184,53,46,65
-1,-1,-1,-1
-1,-1,-1,-1
-1,-1,-1,-1
-1,-1,-1,-1
-1,-1,-1,-1
-1,-1,-1,-1
-1,-1,-1,-1
-1,-1,-1,-1
-1,-1,-1,-1
-1,-1,-1,-1
-1,-1,-1,-1
-1,-1,-1,-1
-1,-1,-1,-1
-1,-1,-1,-1
-1,-1,-1,-1
-1,-1,-1,-1
-1,-1,-1,-1
-1,-1,-1,-1
-1,-1,-1,-1
-1,-1,-1,-1
-1,-1,-1,-1
-1,-1,-1,-1
-1,-1,-1,-1
-1,-1,-1,-1
-1,-1,-1,-1
-1,-1,-1,-1
-1,-1,-1,-1
-1,-1,-1,-1
-1,-1,-1,-1
-1,-1,-1,-1
-1,-1,-1,-1
-1,-1,-1,-1
-1,-1,-1,-1
-1,-1,-1,-1
-1,-1,-1,-1
-1,-1,-1,-1
-1,-1,-1,-1
-1,-1,-1,-1
-1,-1,-1,-1
-1,-1,-1,-1
-1,-1,-1,-1
-1,-1,-1,-1
-1,-1,-1,-1
-1,-1,-1,-1
-1,-1,-1,-1
-1,-1,-1,-1
-1,-1,-1,-1
-1,-1,-1,-1
-1,-1,-1,-1
-1,-1,-1,-1
-1,-1,-1,-1
-1,-1,-1,-1
-1,-1,-1,-1
-1,-1,-1,-1
-1,-1,-1,-1
-1,-1,-1,-1
-1,-1,-1,-1
-1,-1,-1,-1
-1,-1,-1,-1
-1,-1,-1,-1
-1,-1,-1,-1
-1,-1,-1,-1
-1,-1,-1,-1
-1,-1,-1,-1
-1,-1,-1,-1
-1,-1,-1,-1
-1,-1,-1,-1
-1,-1,-1,-1
-1,-1,-1,-1
-1,-1,-1,-1
-1,-1,-1,-1
-1,-1,-1,-1
-1,-1,-1,-1
-1,-1,-1,-1
-1,-1,-1,-1
-1,-1,-1,-1
-1,-1,-1,-1
-1,-1,-1,-1
-1,-1,-1,-1
-1,-1,-1,-1
-1,-1,-1,-1
-1,-1,-1,-1
-1,-1,-1,-1
-1,-1,-1,-1
-1,-1,-1,-1
-1,-1,-1,-1
-1,-1,-1,-1
-1,-1,-1,-1
-1,-1,-1,-1
-1,-1,-1,-1
-1,-1,-1,-1
-1,-1,-1,-1
-1,-1,-1,-1
-1,-1,-1,-1
-1,-1,-1,-1
-1,-1,-1,-1
-1,-1,-1,-1
-1,-1,-1,-1
-1,-1,-1,-1
-1,-1,-1,-1
-1,-1,-1,-1
-1,-1,-1,-1
-1,-1,-1,-1
-1,-1,-1,-1
-1,-1,-1,-1
-1,-1,-1,-1
-1,-1,-1,-1
-1,-1,-1,-1
-1,-1,-1,-1
-1,-1,-1,-1
-1,-1,-1,-1
-1,-1,-1,-1
-1,-1,-1,-1
-1,-1,-1,-1
-1,-1,-1,-1
-1,-1,-1,-1
-1,-1,-1,-1
-1,-1,-1,-1
-1,-1,-1,-1
-1,-1,-1,-1
-1,-1,-1,-1
-1,-1,-1,-1
-1,-1,-1,-1
-1,-1,-1,-1
-1,-1,-1,-1
-1,-1,-1,-1
-1,-1,-1,-1
-1,-1,-1,-1
-1,-1,-1,-1
-1,-1,-1,-1
-1,-1,-1,-1
-1,-1,-1,-1
-1,-1,-1,-1
-1,-1,-1,-1
-1,-1,-1,-1
-1,-1,-1,-1
-1,-1,-1,-1
-1,-1,-1,-1
-1,-1,-1,-1
-1,-1,-1,-1
-1,-1,-1,-1
-1,-1,-1,-1
-1,-1,-1,-1
-1,-1,-1,-1
-1,-1,-1,-1
-1,-1,-1,-1
-1,-1,-1,-1
-1,-1,-1,-1
-1,-1,-1,-1
-1,-1,-1,-1
-1,-1,-1,-1
186,33,-1,-1
374,68,-1,-1
561,103,-1,-1
749,137,-1,-1
937,172,-1,-1
1124,207,-1,-1
1312,241,-1,-1
1499,276,-1,-1
1687,311,-1,-1
1875,346,45,82
1872,346,45,82
1870,347,45,82
1867,347,45,82
1865,348,45,82
1863,349,45,82
1860,349,45,82
1858,350,45,82
1855,350,45,82
1853,351,45,82
1851,352,69,83
1851,354,69,83
1852,356,69,83
1852,358,69,83
1853,360,69,83
1854,363,69,83
1854,365,69,83
1855,367,69,83
1855,369,69,83
1856,371,69,83
1857,374,63,69
1852,374,63,69
1847,374,63,69
1843,374,63,69
1838,374,63,69
1834,375,63,69
1829,375,63,69
1824,375,63,69
1820,375,63,69
1815,375,63,69
1811,376,90,70
1806,375,90,70
1802,375,90,70
1798,374,90,70
1794,374,90,70
1790,373,90,70
1786,373,90,70
1782,372,90,70
1778,372,90,70
1774,371,90,70
1770,371,102,94
1763,371,102,94
1756,372,102,94
1749,373,102,94
1742,374,102,94
1735,375,102,94
1728,376,102,94
1721,377,102,94
1714,378,102,94
1707,379,102,94
1700,380,124,74
1696,380,124,74
1692,381,124,74
1689,382,124,74
1685,382,124,74
1682,383,124,74
1678,384,124,74
1674,384,124,74
1671,385,124,74
1667,386,124,74
1664,387,126,67
1661,387,126,67
1659,388,126,67
1657,388,126,67
1655,389,126,67
1653,390,126,67
1650,390,126,67
1648,391,126,67
1646,391,126,67
1644,392,126,67
1642,393,121,63
1639,393,121,63
1637,394,121,63
1635,395,121,63
1633,396,121,63
1631,397,121,63
1628,398,121,63
1626,399,121,63
1624,400,121,63
1622,401,121,63
1620,402,109,59
1618,402,109,59
1617,402,109,59
1615,402,109,59
1614,402,109,59
1612,402,109,59
1611,402,109,59
1609,402,109,59
1608,402,109,59
1606,402,109,59
1605,402,113,54
1601,401,113,54
1598,400,113,54
1595,399,113,54
1592,398,113,54
1589,397,113,54
1586,396,113,54
1583,395,113,54
1580,394,113,54
1577,393,113,54
1574,393,122,72
1573,391,122,72
1572,390,122,72
1572,388,122,72
1571,387,122,72
1571,385,122,72
1570,384,122,72
1569,382,122,72
1569,381,122,72
1568,379,122,72
1568,378,95,104
1565,376,95,104
1562,375,95,104
1559,374,95,104
1556,373,95,104
1553,372,95,104
1550,371,95,104
1547,370,95,104
1544,369,95,104
1541,368,95,104
1538,367,102,111
1536,365,102,111
1534,364,102,111
1532,362,102,111
1530,361,102,111
1529,359,102,111
1527,358,102,111
1525,356,102,111
1523,355,102,111
1521,353,102,111
1520,352,104,111
1522,350,104,111
1525,349,104,111
1527,347,104,111
1530,346,104,111
1533,344,104,111
1535,343,104,111
1538,341,104,111
1540,340,104,111
1543,338,104,111
1546,337,79,115
1548,336,79,115
1551,336,79,115
1554,335,79,115
1557,335,79,115
1560,335,79,115
1562,334,79,115
1565,334,79,115
1568,333,79,115
1571,333,79,115
1574,333,74,106
1572,331,74,106
1571,330,74,106
1569,329,74,106
1568,328,74,106
1566,327,74,106
1565,326,74,106
1563,325,74,106
1562,324,74,106
1560,323,74,106
1559,322,111,97
1558,321,111,97
1558,321,111,97
1557,321,111,97
1557,321,111,97
1557,321,111,97
1556,321,111,97
1556,321,111,97
1555,321,111,97
1555,321,111,97
1555,321,109,79
1552,318,109,79
1550,316,109,79
1548,314,109,79
1546,311,109,79
1544,309,109,79
1541,307,109,79
1539,304,109,79
1537,302,109,79
1535,300,109,79
1533,298,113,97
1532,298,113,97
1531,298,113,97
1530,298,113,97
1529,298,113,97
1528,299,113,97
1527,299,113,97
1526,299,113,97
1525,299,113,97
1524,299,113,97
1524,300,109,89
1520,300,109,89
1517,300,109,89
1513,300,109,89
1510,300,109,89
1507,300,109,89
1503,300,109,89
1500,300,109,89
1496,300,109,89
1493,300,109,89
1490,300,121,67
1481,299,121,67
1473,298,121,67
1465,297,121,67
1456,297,121,67
1448,296,121,67
1440,295,121,67
1431,295,121,67
1423,294,121,67
1415,293,121,67
1407,293,109,72
1391,297,109,72
1375,301,109,72
1360,306,109,72
1344,310,109,72
1329,315,109,72
1313,319,109,72
1297,323,109,72
1282,328,109,72
1266,332,109,72
1251,337,104,61
1238,338,104,61
1225,340,104,61
1212,342,104,61
1200,343,104,61
1187,345,104,61
1174,347,104,61
1162,348,104,61
1149,350,104,61
1136,352,104,61
1124,354,126,102
1118,354,126,102
1113,354,126,102
1108,354,126,102
1103,354,126,102
1098,355,126,102
1092,355,126,102
1087,355,126,102
1082,355,126,102
1077,355,126,102
1072,356,100,115
1073,355,100,115
1075,355,100,115
1076,354,100,115
1078,354,100,115
1079,354,100,115
1081,353,100,115
1082,353,100,115
1084,352,100,115
1085,352,100,115
1087,352,64,117
1082,351,64,117
1078,350,64,117
1074,349,64,117
1069,348,64,117
1065,347,64,117
1061,346,64,117
1056,345,64,117
1052,344,64,117
1048,343,64,117
1044,343,80,85
1040,339,80,85
1036,335,80,85
1032,331,80,85
1028,328,80,85
1024,324,80,85
1020,320,80,85
1016,317,80,85
1012,313,80,85
1008,309,80,85
1005,306,70,116
1003,303,70,116
1001,301,70,116
999,298,70,116
998,296,70,116
996,294,70,116
994,291,70,116
993,289,70,116
991,286,70,116
989,284,70,116
988,282,87,92
990,280,87,92
992,279,87,92
994,278,87,92
997,276,87,92
999,275,87,92
1001,274,87,92
1004,272,87,92
1006,271,87,92
1008,270,87,92
1011,269,89,118
1014,270,89,118
1018,271,89,118
1021,272,89,118
1025,274,89,118
1028,275,89,118
1032,276,89,118
1035,278,89,118
1039,279,89,118
1042,280,89,118
1046,282,98,118
1050,284,98,118
1055,287,98,118
1060,290,98,118
1065,293,98,118
1070,296,98,118
1074,299,98,118
1079,302,98,118
1084,305,98,118
1089,308,98,118
1094,311,109,113
1099,314,109,113
1105,318,109,113
1110,322,109,113
1116,326,109,113
1122,330,109,113
1127,334,109,113
1133,338,109,113
1138,342,109,113
1144,346,109,113
1150,350,114,117
1155,353,114,117
1161,356,114,117
1166,359,114,117
1172,362,114,117
1177,365,114,117
1183,368,114,117
1188,371,114,117
1194,374,114,117
1199,377,114,117
1205,380,126,122
1212,383,126,122
1219,387,126,122
1226,390,126,122
1233,394,126,122
1241,397,126,122
1248,401,126,122
1255,404,126,122
1262,408,126,122
1269,411,126,122
1277,415,117,118
1280,418,117,118
1284,421,117,118
1288,424,117,118
1292,428,117,118
1296,431,117,118
1300,434,117,118
1304,438,117,118
1308,441,117,118
1312,444,117,118
1316,448,121,108
1314,446,121,108
1312,445,121,108
1311,444,121,108
1309,443,121,108
1308,442,121,108
1306,441,121,108
1304,440,121,108
1303,439,121,108
1301,438,121,108
1300,437,122,128
1300,435,122,128
1300,434,122,128
1300,433,122,128
1300,431,122,128
1300,430,122,128
1300,429,122,128
1300,427,122,128
1300,426,122,128
1300,425,122,128
1301,424,97,137
1302,423,97,137
1303,423,97,137
1304,423,97,137
1305,422,97,137
1307,422,97,137
1308,422,97,137
1309,421,97,137
1310,421,97,137
1311,421,97,137
1313,421,77,133
1313,421,77,133
1313,422,77,133
1313,422,77,133
1314,423,77,133
1314,423,77,133
1314,424,77,133
1315,424,77,133
1315,425,77,133
1315,425,77,133
1316,426,78,130
1318,427,78,130
1320,428,78,130
1323,429,78,130
1325,431,78,130
1328,432,78,130
1330,433,78,130
1332,435,78,130
1335,436,78,130
1337,437,78,130
1340,439,58,122
1340,437,58,122
1341,436,58,122
1341,435,58,122
1342,434,58,122
1343,433,58,122
1343,432,58,122
1344,431,58,122
1344,430,58,122
1345,429,58,122
1346,428,70,131
1346,428,70,131
1347,428,70,131
1348,428,70,131
1348,428,70,131
1349,428,70,131
1350,428,70,131
1350,428,70,131
1351,428,70,131
1352,428,70,131
1353,428,87,128
1353,428,87,128
1353,428,87,128
1353,428,87,128
1353,428,87,128
1353,429,87,128
1353,429,87,128
1353,429,87,128
1353,429,87,128
1353,429,87,128
1353,430,97,122
1354,429,97,122
1355,428,97,122
1356,428,97,122
1357,427,97,122
1358,427,97,122
1359,426,97,122
1360,425,97,122
1361,425,97,122
1362,424,97,122
1364,424,86,124
1365,423,86,124
1367,423,86,124
1368,422,86,124
1370,422,86,124
1371,421,86,124
1373,421,86,124
1374,420,86,124
1376,420,86,124
1377,419,86,124
1379,419,82,126
1380,418,82,126
1381,418,82,126
1382,417,82,126
1383,417,82,126
1384,417,82,126
1385,416,82,126
1386,416,82,126
1387,415,82,126
1388,415,82,126
1390,415,87,117
1391,414,87,117
1393,414,87,117
1395,413,87,117
1397,413,87,117
1399,413,87,117
1401,412,87,117
1403,412,87,117
1405,411,87,117
1407,411,87,117
1409,411,98,124
1410,413,98,124
1411,415,98,124
1412,418,98,124
1413,420,98,124
1414,423,98,124
1415,425,98,124
1416,427,98,124
1417,430,98,124
1418,432,98,124
1420,435,118,100
1423,433,118,100
1427,432,118,100
1431,431,118,100
1435,430,118,100
1439,429,118,100
1443,428,118,100
1447,427,118,100
1451,426,118,100
1455,425,118,100
1459,424,109,113
1460,422,109,113
1462,420,109,113
1464,418,109,113
1466,416,109,113
1468,414,109,113
1469,412,109,113
1471,410,109,113
1473,408,109,113
1475,406,109,113
1477,404,95,129
1477,402,95,129
1477,400,95,129
1477,398,95,129
1477,397,95,129
1477,395,95,129
1477,393,95,129
1477,392,95,129
1477,390,95,129
1477,388,95,129
1477,387,86,130
1476,385,86,130
1476,384,86,130
1476,383,86,130
1476,381,86,130
1476,380,86,130
1475,379,86,130
1475,377,86,130
1475,376,86,130
1475,375,86,130
1475,374,84,121
1476,374,84,121
1477,375,84,121
1478,376,84,121
1479,377,84,121
1481,378,84,121
1482,378,84,121
1483,379,84,121
1484,380,84,121
1485,381,84,121
1487,382,90,118
1489,384,90,118
1492,386,90,118
1495,388,90,118
1497,390,90,118
1500,392,90,118
1503,394,90,118
1505,396,90,118
1508,398,90,118
1511,400,90,118
1514,402,86,109
1513,405,86,109
1513,409,86,109
1513,413,86,109
1512,416,86,109
1512,420,86,109
1512,424,86,109
1511,427,86,109
1511,431,86,109
1511,435,86,109
1511,439,114,93
1512,442,114,93
1514,445,114,93
1516,448,114,93
1518,452,114,93
1520,455,114,93
1521,458,114,93
1523,462,114,93
1525,465,114,93
1527,468,114,93
1529,472,95,89
1529,473,95,89
1530,474,95,89
1531,475,95,89
1532,477,95,89
1533,478,95,89
1533,479,95,89
1534,481,95,89
1535,482,95,89
1536,483,95,89
1537,485,88,97
1539,486,88,97
1542,488,88,97
1544,489,88,97
1547,491,88,97
1550,492,88,97
1552,494,88,97
1555,495,88,97
1557,497,88,97
1560,498,88,97
1563,500,72,87
1561,500,72,87
1560,501,72,87
1559,502,72,87
1557,503,72,87
1556,504,72,87
1555,505,72,87
1553,506,72,87
1552,507,72,87
1551,508,72,87
1550,509,101,95
1549,510,101,95
1549,512,101,95
1548,514,101,95
1548,515,101,95
1548,517,101,95
1547,519,101,95
1547,520,101,95
1546,522,101,95
1546,524,101,95
1546,526,118,85
1543,528,118,85
1540,531,118,85
1537,533,118,85
1534,536,118,85
1532,539,118,85
1529,541,118,85
1526,544,118,85
1523,546,118,85
1520,549,118,85
1518,552,137,85
1516,554,137,85
1515,557,137,85
1514,560,137,85
1512,563,137,85
1511,566,137,85
1510,568,137,85
1508,571,137,85
1507,574,137,85
1506,577,137,85
1505,580,126,92
1502,582,126,92
1500,585,126,92
1498,588,126,92
1496,591,126,92
1494,594,126,92
1491,597,126,92
1489,600,126,92
1487,603,126,92
1485,606,126,92
1483,609,109,89
1483,611,109,89
1483,613,109,89
1484,616,109,89
1484,618,109,89
1485,621,109,89
1485,623,109,89
1485,625,109,89
1486,628,109,89
1486,630,109,89
1487,633,111,91
1488,635,111,91
1489,638,111,91
1490,640,111,91
1491,643,111,91
1492,646,111,91
1493,648,111,91
1494,651,111,91
1495,653,111,91
1496,656,111,91
1498,659,118,93
1498,661,118,93
1498,663,118,93
1498,665,118,93
1498,668,118,93
1499,670,118,93
1499,672,118,93
1499,675,118,93
1499,677,118,93
1499,679,118,93
1500,682,133,94
1494,681,133,94
1488,680,133,94
1482,679,133,94
1476,678,133,94
1470,678,133,94
1464,677,133,94
1458,676,133,94
1452,675,133,94
1446,674,133,94
1440,674,152,98
1435,668,152,98
1430,663,152,98
1425,658,152,98
1420,653,152,98
1415,648,152,98
1410,642,152,98
1405,637,152,98
1400,632,152,98
1395,627,152,98
1390,622,121,130
1388,616,121,130
1386,610,121,130
1385,604,121,130
1383,599,121,130
1382,593,121,130
1380,587,121,130
1378,582,121,130
1377,576,121,130
1375,570,121,130
1374,565,68,131
1376,557,68,131
1379,549,68,131
1381,541,68,131
1384,533,68,131
1387,525,68,131
1389,517,68,131
1392,509,68,131
1394,501,68,131
1397,493,68,131
1400,485,66,115
1400,481,66,115
1400,477,66,115
1400,473,66,115
1400,469,66,115
1400,465,66,115
1400,461,66,115
1400,457,66,115
1400,453,66,115
1400,449,66,115
1400,445,75,142
1400,442,75,142
1400,439,75,142
1400,436,75,142
1400,433,75,142
1400,431,75,142
1400,428,75,142
1400,425,75,142
1400,422,75,142
1400,419,75,142
1400,417,70,131
1402,417,70,131
1404,417,70,131
1406,418,70,131
1408,418,70,131
1410,419,70,131
1412,419,70,131
1414,419,70,131
1416,420,70,131
1418,420,70,131
1420,421,74,137
1423,422,74,137
1426,424,74,137
1429,425,74,137
1433,427,74,137
1436,429,74,137
1439,430,74,137
1443,432,74,137
1446,433,74,137
1449,435,74,137
1453,437,71,130
1456,437,71,130
1459,438,71,130
1463,439,71,130
1466,440,71,130
1470,441,71,130
1473,441,71,130
1476,442,71,130
1480,443,71,130
1483,444,71,130
1487,445,72,133
1490,445,72,133
1493,445,72,133
1496,445,72,133
1500,446,72,133
1503,446,72,133
1506,446,72,133
1510,447,72,133
1513,447,72,133
1516,447,72,133
1520,448,74,135
1523,449,74,135
1526,450,74,135
1529,451,74,135
1532,452,74,135
1535,453,74,135
1538,454,74,135
1541,455,74,135
1544,456,74,135
1547,457,74,135
1550,458,75,129
1551,457,75,129
1552,456,75,129
1554,455,75,129
1555,454,75,129
1557,454,75,129
1558,453,75,129
1559,452,75,129
1561,451,75,129
1562,450,75,129
1564,450,73,121
1564,450,73,121
1564,451,73,121
1564,451,73,121
1564,452,73,121
1565,453,73,121
1565,453,73,121
1565,454,73,121
1565,454,73,121
1565,455,73,121
1566,456,102,120
1568,456,102,120
1570,457,102,120
1573,458,102,120
1575,459,102,120
1578,460,102,120
1580,461,102,120
1582,462,102,120
1585,463,102,120
1587,464,102,120
1590,465,102,115
1592,467,102,115
1595,469,102,115
1597,471,102,115
1600,473,102,115
1603,475,102,115
1605,477,102,115
1608,479,102,115
1610,481,102,115
1613,483,102,115
1616,485,108,97
1617,485,108,97
1619,485,108,97
1621,486,108,97
1623,486,108,97
1625,487,108,97
1627,487,108,97
1629,487,108,97
1631,488,108,97
1633,488,108,97
1635,489,103,113
1636,487,103,113
1638,486,103,113
1639,484,103,113
1641,483,103,113
1643,481,103,113
1644,480,103,113
1646,478,103,113
1647,477,103,113
1649,475,103,113
1651,474,108,122
1654,475,108,122
1658,477,108,122
1661,478,108,122
1665,480,108,122
1669,481,108,122
1672,483,108,122
1676,484,108,122
1679,486,108,122
1683,487,108,122
1687,489,105,111
1689,490,105,111
1691,491,105,111
1693,492,105,111
1695,493,105,111
1697,494,105,111
1699,495,105,111
1701,496,105,111
1703,497,105,111
1705,498,105,111
1707,500,98,119
1705,501,98,119
1704,503,98,119
1703,505,98,119
1701,507,98,119
1700,509,98,119
1699,511,98,119
1697,513,98,119
1696,515,98,119
1695,517,98,119
1694,519,69,105
1694,519,69,105
1694,519,69,105
1694,519,69,105
1694,520,69,105
1694,520,69,105
1694,520,69,105
1694,521,69,105
1694,521,69,105
1694,521,69,105
1694,522,67,123
1694,524,67,123
1695,526,67,123
1696,528,67,123
1696,531,67,123
1697,533,67,123
1698,535,67,123
1698,538,67,123
1699,540,67,123
1700,542,67,123
1701,545,76,124
1704,547,76,124
1707,550,76,124
1710,552,76,124
1713,555,76,124
1716,558,76,124
1719,560,76,124
1722,563,76,124
1725,565,76,124
1728,568,76,124
1731,571,80,129
1732,573,80,129
1734,576,80,129
1736,579,80,129
1738,581,80,129
1740,584,80,129
1742,587,80,129
1744,589,80,129
1746,592,80,129
1748,595,80,129
1750,598,87,124
1749,597,87,124
1749,597,87,124
1748,596,87,124
1748,596,87,124
1748,595,87,124
1747,595,87,124
1747,594,87,124
1746,594,87,124
1746,593,87,124
1746,593,94,126
1744,591,94,126
1743,590,94,126
1742,588,94,126
1740,587,94,126
1739,585,94,126
1738,584,94,126
1736,582,94,126
1735,581,94,126
1734,579,94,126
1733,578,87,130
1732,577,87,130
1732,577,87,130
1731,576,87,130
1731,576,87,130
1731,576,87,130
1730,575,87,130
1730,575,87,130
1729,574,87,130
1729,574,87,130
1729,574,106,124
1732,574,106,124
1735,575,106,124
1738,576,106,124
1741,577,106,124
1744,578,106,124
1747,579,106,124
1750,580,106,124
1753,581,106,124
1756,582,106,124
1759,583,92,139
1759,584,92,139
1759,585,92,139
1760,586,92,139
1760,587,92,139
1761,588,92,139
1761,589,92,139
1761,590,92,139
1762,591,92,139
1762,592,92,139
1763,593,88,142
1759,595,88,142
1755,597,88,142
1751,600,88,142
1747,602,88,142
1744,605,88,142
1740,607,88,142
1736,609,88,142
1732,612,88,142
1728,614,88,142
1725,617,106,115
1725,619,106,115
1725,621,106,115
1726,624,106,115
1726,626,106,115
1727,629,106,115
1727,631,106,115
1727,633,106,115
1728,636,106,115
1728,638,106,115
1729,641,109,115
1727,643,109,115
1726,645,109,115
1724,648,109,115
1723,650,109,115
1721,653,109,115
1720,655,109,115
1718,657,109,115
1717,660,109,115
1715,662,109,115
1714,665,134,102
1714,668,134,102
1714,671,134,102
1715,674,134,102
1715,677,134,102
1716,680,134,102
1716,683,134,102
1716,686,134,102
1717,689,134,102
1717,692,134,102
1718,695,148,101
1714,693,148,101
1711,691,148,101
1707,689,148,101
1704,687,148,101
1700,685,148,101
1697,683,148,101
1693,681,148,101
1690,679,148,101
1686,677,148,101
1683,676,131,139
1679,676,131,139
1676,677,131,139
1672,678,131,139
1669,678,131,139
1665,679,131,139
1662,680,131,139
1658,680,131,139
1655,681,131,139
1651,682,131,139
1648,683,115,152
1640,686,115,152
1633,690,115,152
1626,694,115,152
1619,698,115,152
1612,702,115,152
1605,705,115,152
1598,709,115,152
1591,713,115,152
1584,717,115,152
1577,721,132,111
1577,724,132,111
1577,728,132,111
1577,731,132,111
1577,735,132,111
1578,738,132,111
1578,742,132,111
1578,745,132,111
1578,749,132,111
1578,752,132,111
1579,756,167,105
1579,759,167,105
1579,762,167,105
1579,765,167,105
1579,768,167,105
1580,771,167,105
1580,774,167,105
1580,777,167,105
1580,780,167,105
1580,783,167,105
1581,787,144,98
1581,788,144,98
1582,790,144,98
1582,791,144,98
1583,793,144,98
1584,794,144,98
1584,796,144,98
1585,797,144,98
1585,799,144,98
1586,800,144,98
1587,802,131,104
1585,802,131,104
1584,802,131,104
1583,802,131,104
1581,802,131,104
1580,803,131,104
1579,803,131,104
1577,803,131,104
1576,803,131,104
1575,803,131,104
1574,804,155,92
1570,804,155,92
1566,805,155,92
1562,806,155,92
1558,807,155,92
1554,808,155,92
1550,809,155,92
1546,810,155,92
1542,811,155,92
1538,812,155,92
1535,813,181,95
1529,811,181,95
1523,809,181,95
1517,807,181,95
1511,806,181,95
1505,804,181,95
1499,802,181,95
1493,801,181,95
1487,799,181,95
1481,797,181,95
1475,796,184,115
1470,793,184,115
1465,790,184,115
1460,787,184,115
1455,785,184,115
1451,782,184,115
1446,779,184,115
1441,777,184,115
1436,774,184,115
1431,771,184,115
1427,769,176,131
1426,765,176,131
1425,762,176,131
1424,758,176,131
1423,755,176,131
1422,752,176,131
1421,748,176,131
1420,745,176,131
1419,741,176,131
1418,738,176,131
1418,735,161,137
1423,732,161,137
1429,729,161,137
1435,726,161,137
1441,723,161,137
1447,720,161,137
1453,717,161,137
1459,714,161,137
1465,711,161,137
1471,708,161,137
1477,706,102,135
1479,695,102,135
1481,684,102,135
1483,674,102,135
1485,663,102,135
1487,653,102,135
1489,642,102,135
1491,631,102,135
1493,621,102,135
1495,610,102,135
1498,600,77,158
1495,591,77,158
1493,583,77,158
1491,575,77,158
1488,567,77,158
1486,559,77,158
1484,551,77,158
1481,543,77,158
1479,535,77,158
1477,527,77,158
1475,519,84,159
1474,515,84,159
1474,512,84,159
1473,508,84,159
1473,505,84,159
1472,502,84,159
1472,498,84,159
1471,495,84,159
1471,491,84,159
1470,488,84,159
1470,485,80,163
1472,484,80,163
1475,483,80,163
1478,482,80,163
1481,481,80,163
1484,480,80,163
1486,479,80,163
1489,478,80,163
1492,477,80,163
1495,476,80,163
1498,476,76,167
1500,476,76,167
1503,476,76,167
1505,476,76,167
1508,476,76,167
1511,476,76,167
1513,476,76,167
1516,476,76,167
1518,476,76,167
1521,476,76,167
1524,476,87,163
1527,475,87,163
1531,474,87,163
1535,473,87,163
1539,472,87,163
1543,471,87,163
1547,470,87,163
1551,469,87,163
1555,468,87,163
1559,467,87,163
1563,467,94,161
1563,466,94,161
1563,465,94,161
1563,464,94,161
1563,463,94,161
1563,462,94,161
1563,461,94,161
1563,460,94,161
1563,459,94,161
1563,458,94,161
1563,458,120,163
1562,456,120,163
1561,455,120,163
1561,453,120,163
1560,452,120,163
1560,450,120,163
1559,449,120,163
1558,447,120,163
1558,446,120,163
1557,444,120,163
1557,443,98,146
1554,440,98,146
1552,437,98,146
1550,434,98,146
1548,431,98,146
1546,429,98,146
1543,426,98,146
1541,423,98,146
1539,420,98,146
1537,417,98,146
1535,415,105,150
1533,413,105,150
1532,411,105,150
1530,409,105,150
1529,408,105,150
1527,406,105,150
1526,404,105,150
1524,403,105,150
1523,401,105,150
1521,399,105,150
1520,398,111,139
1520,396,111,139
1521,394,111,139
1522,392,111,139
1522,390,111,139
1523,389,111,139
1524,387,111,139
1524,385,111,139
1525,383,111,139
1526,381,111,139
1527,380,111,141
1529,378,111,141
1532,377,111,141
1534,375,111,141
1537,374,111,141
1540,372,111,141
1542,371,111,141
1545,369,111,141
1547,368,111,141
1550,366,111,141
1553,365,104,131
1556,363,104,131
1559,362,104,131
1562,360,104,131
1565,359,104,131
1568,357,104,131
1571,356,104,131
1574,354,104,131
1577,353,104,131
1580,351,104,131
1583,350,111,143
1588,348,111,143
1594,347,111,143
1600,345,111,143
1605,344,111,143
1611,342,111,143
1617,341,111,143
1622,339,111,143
1628,338,111,143
1634,336,111,143
1640,335,97,150
1641,334,97,150
1642,333,97,150
1643,332,97,150
1644,331,97,150
1645,330,97,150
1646,329,97,150
1647,328,97,150
1648,327,97,150
1649,326,97,150
1651,326,110,137
1651,324,110,137
1652,323,110,137
1652,321,110,137
1653,320,110,137
1654,318,110,137
1654,317,110,137
1655,315,110,137
1655,314,110,137
1656,312,110,137
1657,311,115,141
1659,309,115,141
1661,308,115,141
1663,306,115,141
1665,305,115,141
1667,303,115,141
1669,302,115,141
1671,300,115,141
1673,299,115,141
1675,297,115,141
1677,296,104,143
1676,295,104,143
1676,294,104,143
1676,293,104,143
1675,292,104,143
1675,291,104,143
1675,290,104,143
1674,289,104,143
1674,288,104,143
1674,287,104,143
1674,287,98,137
1667,286,98,137
1661,286,98,137
1655,285,98,137
1648,285,98,137
1642,284,98,137
1636,284,98,137
1629,283,98,137
1623,283,98,137
1617,282,98,137
1611,282,111,135
1598,280,111,135
1585,279,111,135
1572,278,111,135
1559,277,111,135
1547,276,111,135
1534,275,111,135
1521,274,111,135
1508,273,111,135
1495,272,111,135
1483,271,135,131
1470,270,135,131
1458,269,135,131
1446,268,135,131
1434,267,135,131
1422,266,135,131
1409,265,135,131
1397,264,135,131
1385,263,135,131
1373,262,135,131
1361,261,137,128
1352,260,137,128
1344,260,137,128
1335,260,137,128
1327,259,137,128
1319,259,137,128
1310,259,137,128
1302,258,137,128
1293,258,137,128
1285,258,137,128
1277,258,111,120
1267,257,111,120
1258,256,111,120
1249,256,111,120
1240,255,111,120
1231,255,111,120
1221,254,111,120
1212,253,111,120
1203,253,111,120
1194,252,111,120
1185,252,105,120
1176,251,105,120
1168,251,105,120
1159,251,105,120
1151,251,105,120
1142,251,105,120
1134,250,105,120
1125,250,105,120
1117,250,105,120
1108,250,105,120
1100,250,107,126
1092,250,107,126
1084,250,107,126
1076,251,107,126
1068,251,107,126
1060,252,107,126
1052,252,107,126
1044,252,107,126
1036,253,107,126
1028,253,107,126
1020,254,102,120
1007,254,102,120
995,254,102,120
983,255,102,120
971,255,102,120
959,256,102,120
946,256,102,120
934,256,102,120
922,257,102,120
910,257,102,120
898,258,122,129
889,258,122,129
881,258,122,129
872,258,122,129
864,259,122,129
855,259,122,129
847,259,122,129
838,260,122,129
830,260,122,129
821,260,122,129
813,261,111,134
810,260,111,134
808,260,111,134
805,259,111,134
803,259,111,134
800,258,111,134
798,258,111,134
795,257,111,134
793,257,111,134
790,256,111,134
788,256,99,129
788,256,99,129
789,256,99,129
789,256,99,129
790,256,99,129
791,256,99,129
791,256,99,129
792,256,99,129
792,256,99,129
793,256,99,129
794,256,104,129
799,256,104,129
804,256,104,129
809,256,104,129
814,257,104,129
820,257,104,129
825,257,104,129
830,258,104,129
835,258,104,129
840,258,104,129
846,259,98,132
852,259,98,132
859,260,98,132
865,261,98,132
872,262,98,132
878,263,98,132
885,263,98,132
891,264,98,132
898,265,98,132
904,266,98,132
911,267,103,131
919,269,103,131
928,272,103,131
937,275,103,131
945,278,103,131
954,281,103,131
963,283,103,131
971,286,103,131
980,289,103,131
989,292,103,131
998,295,127,113
1008,295,127,113
1019,295,127,113
1030,295,127,113
1040,296,127,113
1051,296,127,113
1062,296,127,113
1072,297,127,113
1083,297,127,113
1094,297,127,113
1105,298,124,135
1115,300,124,135
1125,303,124,135
1135,305,124,135
1145,308,124,135
1155,311,124,135
1165,313,124,135
1175,316,124,135
1185,318,124,135
1195,321,124,135
1205,324,115,135
1215,327,115,135
1225,330,115,135
1235,333,115,135
1245,336,115,135
1255,339,115,135
1265,342,115,135
1275,345,115,135
1285,348,115,135
1295,351,115,135
1305,354,115,133
1313,356,115,133
1322,358,115,133
1330,360,115,133
1339,362,115,133
1347,365,115,133
1356,367,115,133
1364,369,115,133
1373,371,115,133
1381,373,115,133
1390,376,119,145
1393,379,119,145
1397,382,119,145
1400,385,119,145
1404,388,119,145
1407,391,119,145
1411,394,119,145
1414,397,119,145
1418,400,119,145
1421,403,119,145
1425,406,123,116
1421,408,123,116
1418,411,123,116
1414,414,123,116
1411,416,123,116
1407,419,123,116
1404,422,123,116
1400,424,123,116
1397,427,123,116
1393,430,123,116
1390,433,141,112
1388,435,141,112
1386,437,141,112
1384,440,141,112
1383,442,141,112
1381,445,141,112
1379,447,141,112
1378,449,141,112
1376,452,141,112
1374,454,141,112
1373,457,141,112
1235,411,141,112
1098,365,141,112
960,319,141,112
823,273,141,112
686,228,141,112
548,182,141,112
411,136,141,112
273,90,141,112
136,44,141,112
-1,-1,-1,-1
-1,-1,-1,-1
-1,-1,-1,-1
-1,-1,-1,-1
-1,-1,-1,-1
-1,-1,-1,-1
-1,-1,-1,-1
-1,-1,-1,-1
-1,-1,-1,-1
-1,-1,-1,-1
-1,-1,-1,-1
-1,-1,-1,-1
-1,-1,-1,-1
-1,-1,-1,-1
-1,-1,-1,-1
-1,-1,-1,-1
-1,-1,-1,-1
-1,-1,-1,-1
-1,-1,-1,-1
-1,-1,-1,-1
-1,-1,-1,-1
-1,-1,-1,-1
-1,-1,-1,-1
-1,-1,-1,-1
-1,-1,-1,-1
-1,-1,-1,-1
-1,-1,-1,-1
-1,-1,-1,-1
-1,-1,-1,-1
-1,-1,-1,-1
-1,-1,-1,-1
113,55,-1,-1
228,112,-1,-1
343,168,-1,-1
458,225,-1,-1
573,282,-1,-1
688,338,-1,-1
803,395,-1,-1
918,451,-1,-1
1033,508,-1,-1
1148,565,153,94
1146,566,153,94
1144,568,153,94
1142,569,153,94
1141,571,153,94
1139,572,153,94
1137,574,153,94
1136,575,153,94
1134,577,153,94
1132,578,153,94
1131,580,152,94
1127,583,152,94
1123,587,152,94
1119,591,152,94
1116,595,152,94
1112,599,152,94
1108,603,152,94
1105,607,152,94
1101,611,152,94
1097,615,152,94
1094,619,144,85
984,557,144,85
875,495,144,85
765,433,144,85
656,371,144,85
546,309,144,85
437,247,144,85
327,185,144,85
218,123,144,85
108,61,144,85
-1,-1,-1,-1
96,61,-1,-1
193,123,-1,-1
290,185,-1,-1
387,247,-1,-1
484,310,-1,-1
581,372,-1,-1
678,434,-1,-1
775,496,-1,-1
872,558,-1,-1
970,621,157,96
967,619,157,96
964,618,157,96
962,616,157,96
959,615,157,96
957,613,157,96
954,612,157,96
951,610,157,96
949,609,157,96
946,607,157,96
944,606,152,118
943,605,152,118
942,604,152,118
941,603,152,118
940,602,152,118
939,601,152,118
938,600,152,118
937,599,152,118
936,598,152,118
935,597,152,118
935,596,165,126
937,593,165,126
939,591,165,126
941,589,165,126
943,587,165,126
946,585,165,126
948,582,165,126
950,580,165,126
952,578,165,126
954,576,165,126
957,574,157,117
961,570,157,117
966,567,157,117
971,564,157,117
976,560,157,117
981,557,157,117
985,554,157,117
990,550,157,117
995,547,157,117
1000,544,157,117
1005,541,158,117
1012,538,158,117
1019,535,158,117
1026,533,158,117
1033,530,158,117
1041,528,158,117
1048,525,158,117
1055,522,158,117
1062,520,158,117
1069,517,158,117
1077,515,161,120
1085,511,161,120
1093,507,161,120
1102,503,161,120
1110,500,161,120
1119,496,161,120
1127,492,161,120
1135,489,161,120
1144,485,161,120
1152,481,161,120
1161,478,155,115
1169,474,155,115
1178,470,155,115
1187,466,155,115
1195,462,155,115
1204,458,155,115
1213,454,155,115
1221,450,155,115
1230,446,155,115
1239,442,155,115
1248,439,166,104
1123,395,166,104
998,351,166,104
873,307,166,104
748,263,166,104
623,219,166,104
498,175,166,104
373,131,166,104
248,87,166,104
123,43,166,104
-1,-1,-1,-1
-1,-1,-1,-1
-1,-1,-1,-1
-1,-1,-1,-1
-1,-1,-1,-1
-1,-1,-1,-1
-1,-1,-1,-1
-1,-1,-1,-1
-1,-1,-1,-1
-1,-1,-1,-1
-1,-1,-1,-1
-1,-1,-1,-1
-1,-1,-1,-1
-1,-1,-1,-1
-1,-1,-1,-1
-1,-1,-1,-1
-1,-1,-1,-1
-1,-1,-1,-1
-1,-1,-1,-1
-1,-1,-1,-1
-1,-1,-1,-1
-1,-1,-1,-1
-1,-1,-1,-1
-1,-1,-1,-1
-1,-1,-1,-1
-1,-1,-1,-1
-1,-1,-1,-1
-1,-1,-1,-1
-1,-1,-1,-1
-1,-1,-1,-1
-1,-1,-1,-1
-1,-1,-1,-1
-1,-1,-1,-1
-1,-1,-1,-1
-1,-1,-1,-1
-1,-1,-1,-1
-1,-1,-1,-1
-1,-1,-1,-1
-1,-1,-1,-1
-1,-1,-1,-1
-1,-1,-1,-1
-1,-1,-1,-1
-1,-1,-1,-1
-1,-1,-1,-1
-1,-1,-1,-1
-1,-1,-1,-1
-1,-1,-1,-1
-1,-1,-1,-1
-1,-1,-1,-1
-1,-1,-1,-1
-1,-1,-1,-1
-1,-1,-1,-1
-1,-1,-1,-1
-1,-1,-1,-1
-1,-1,-1,-1
-1,-1,-1,-1
-1,-1,-1,-1
-1,-1,-1,-1
-1,-1,-1,-1
-1,-1,-1,-1
-1,-1,-1,-1
-1,-1,-1,-1
-1,-1,-1,-1
-1,-1,-1,-1
-1,-1,-1,-1
-1,-1,-1,-1
-1,-1,-1,-1
-1,-1,-1,-1
-1,-1,-1,-1
-1,-1,-1,-1
-1,-1,-1,-1
-1,-1,-1,-1
-1,-1,-1,-1
-1,-1,-1,-1
-1,-1,-1,-1
-1,-1,-1,-1
-1,-1,-1,-1
-1,-1,-1,-1
-1,-1,-1,-1
-1,-1,-1,-1
-1,-1,-1,-1
-1,-1,-1,-1
-1,-1,-1,-1
-1,-1,-1,-1
-1,-1,-1,-1
-1,-1,-1,-1
-1,-1,-1,-1
-1,-1,-1,-1
-1,-1,-1,-1
-1,-1,-1,-1
-1,-1,-1,-1
-1,-1,-1,-1
-1,-1,-1,-1
-1,-1,-1,-1
-1,-1,-1,-1
-1,-1,-1,-1
-1,-1,-1,-1
-1,-1,-1,-1
-1,-1,-1,-1
-1,-1,-1,-1
-1,-1,-1,-1
-1,-1,-1,-1
-1,-1,-1,-1
-1,-1,-1,-1
-1,-1,-1,-1
-1,-1,-1,-1
-1,-1,-1,-1
-1,-1,-1,-1
-1,-1,-1,-1
-1,-1,-1,-1
-1,-1,-1,-1
-1,-1,-1,-1
-1,-1,-1,-1
-1,-1,-1,-1
-1,-1,-1,-1
-1,-1,-1,-1
-1,-1,-1,-1
-1,-1,-1,-1
-1,-1,-1,-1
-1,-1,-1,-1
-1,-1,-1,-1
-1,-1,-1,-1
-1,-1,-1,-1
-1,-1,-1,-1
-1,-1,-1,-1
-1,-1,-1,-1
-1,-1,-1,-1
-1,-1,-1,-1
-1,-1,-1,-1
-1,-1,-1,-1
-1,-1,-1,-1
-1,-1,-1,-1
-1,-1,-1,-1
-1,-1,-1,-1
-1,-1,-1,-1
-1,-1,-1,-1
-1,-1,-1,-1
-1,-1,-1,-1
-1,-1,-1,-1
-1,-1,-1,-1
-1,-1,-1,-1
186,32,-1,-1
374,65,-1,-1
561,99,-1,-1
749,132,-1,-1
937,166,-1,-1
1124,199,-1,-1
1312,232,-1,-1
1499,266,-1,-1
1687,299,-1,-1
1875,333,45,82
1868,332,45,82
1861,331,45,82
1855,330,45,82
1848,329,45,82
1842,328,45,82
1835,327,45,82
1828,326,45,82
1822,325,45,82
1815,324,45,82
1809,324,91,102
1797,326,91,102
1786,328,91,102
1774,330,91,102
1763,332,91,102
1751,334,91,102
1740,336,91,102
1728,338,91,102
1717,340,91,102
1705,342,91,102
1694,345,74,96
1683,347,74,96
1673,349,74,96
1662,351,74,96
1652,353,74,96
1642,355,74,96
1631,357,74,96
1621,359,74,96
1610,361,74,96
1600,363,74,96
1590,365,85,91
1581,367,85,91
1573,370,85,91
1565,372,85,91
1557,375,85,91
1549,378,85,91
1541,380,85,91
1533,383,85,91
1525,385,85,91
1517,388,85,91
1509,391,96,80
1505,394,96,80
1501,398,96,80
1497,401,96,80
1493,405,96,80
1489,408,96,80
1485,412,96,80
1481,415,96,80
1477,419,96,80
1473,422,96,80
1470,426,83,80
1465,428,83,80
1461,431,83,80
1457,433,83,80
1452,436,83,80
1448,439,83,80
1444,441,83,80
1439,444,83,80
1435,446,83,80
1431,449,83,80
1427,452,78,100
1423,455,78,100
1420,459,78,100
1417,463,78,100
1414,467,78,100
1411,471,78,100
1408,475,78,100
1405,479,78,100
1402,483,78,100
1399,487,78,100
1396,491,83,100
1394,494,83,100
1392,497,83,100
1390,500,83,100
1388,503,83,100
1386,506,83,100
1384,509,83,100
1382,512,83,100
1380,515,83,100
1378,518,83,100
1377,521,78,100
1375,523,78,100
1373,525,78,100
1371,527,78,100
1369,529,78,100
1367,531,78,100
1365,533,78,100
1363,535,78,100
1361,537,78,100
1359,539,78,100
1357,541,85,102
1355,542,85,102
1353,544,85,102
1351,546,85,102
1349,547,85,102
1347,549,85,102
1345,551,85,102
1343,552,85,102
1341,554,85,102
1339,556,85,102
1338,558,80,103
1335,559,80,103
1333,560,80,103
1330,561,80,103
1328,563,80,103
1325,564,80,103
1323,565,80,103
1320,567,80,103
1318,568,80,103
1315,569,80,103
1313,571,87,100
1308,571,87,100
1304,572,87,100
1300,573,87,100
1296,574,87,100
1292,575,87,100
1288,576,87,100
1284,577,87,100
1280,578,87,100
1276,579,87,100
1272,580,98,94
1270,579,98,94
1268,579,98,94
1266,578,98,94
1264,578,98,94
1262,578,98,94
1260,577,98,94
1258,577,98,94
1256,576,98,94
1254,576,98,94
1253,576,89,95
1250,575,89,95
1248,575,89,95
1246,574,89,95
1244,574,89,95
1242,573,89,95
1239,573,89,95
1237,572,89,95
1235,572,89,95
1233,571,89,95
1231,571,78,90
1229,570,78,90
1228,569,78,90
1227,568,78,90
1225,567,78,90
1224,566,78,90
1223,565,78,90
1221,564,78,90
1220,563,78,90
1219,562,78,90
1218,561,82,102
1216,561,82,102
1215,561,82,102
1214,561,82,102
1212,561,82,102
1211,561,82,102
1210,561,82,102
1208,561,82,102
1207,561,82,102
1206,561,82,102
1205,561,80,93
1203,560,80,93
1202,560,80,93
1200,560,80,93
1199,560,80,93
1197,560,80,93
1196,559,80,93
1194,559,80,93
1193,559,80,93
1191,559,80,93
1190,559,76,89
1189,556,76,89
1188,554,76,89
1187,552,76,89
1186,550,76,89
1185,548,76,89
1184,545,76,89
1183,543,76,89
1182,541,76,89
1181,539,76,89
1181,537,83,102
1180,535,83,102
1180,534,83,102
1180,533,83,102
1180,532,83,102
1180,531,83,102
1179,530,83,102
1179,529,83,102
1179,528,83,102
1179,527,83,102
1179,526,93,106
1176,524,93,106
1174,522,93,106
1171,520,93,106
1169,518,93,106
1167,517,93,106
1164,515,93,106
1162,513,93,106
1159,511,93,106
1157,509,93,106
1155,508,109,103
1155,508,109,103
1155,508,109,103
1155,508,109,103
1155,509,109,103
1156,509,109,103
1156,509,109,103
1156,510,109,103
1156,510,109,103
1156,510,109,103
1157,511,104,80
1154,510,104,80
1151,509,104,80
1148,508,104,80
1145,507,104,80
1143,506,104,80
1140,505,104,80
1137,504,104,80
1134,503,104,80
1131,502,104,80
1129,502,104,81
1129,500,104,81
1130,499,104,81
1130,498,104,81
1131,496,104,81
1132,495,104,81
1132,494,104,81
1133,492,104,81
1133,491,104,81
1134,490,104,81
1135,489,87,76
1134,487,87,76
1134,486,87,76
1134,485,87,76
1134,484,87,76
1134,483,87,76
1133,482,87,76
1133,481,87,76
1133,480,87,76
1133,479,87,76
1133,478,87,74
1131,475,87,74
1130,472,87,74
1129,470,87,74
1128,467,87,74
1127,465,87,74
1126,462,87,74
1125,459,87,74
1124,457,87,74
1123,454,87,74
1122,452,115,76
1122,451,115,76
1123,450,115,76
1124,449,115,76
1125,448,115,76
1126,447,115,76
1127,446,115,76
1128,445,115,76
1129,444,115,76
1130,443,115,76
1131,443,87,74
1017,398,87,74
904,354,87,74
791,309,87,74
678,265,87,74
565,221,87,74
451,176,87,74
338,132,87,74
225,87,87,74
112,43,87,74
-1,-1,-1,-1
-1,-1,-1,-1
-1,-1,-1,-1
-1,-1,-1,-1
-1,-1,-1,-1
-1,-1,-1,-1
-1,-1,-1,-1
-1,-1,-1,-1
-1,-1,-1,-1
-1,-1,-1,-1
-1,-1,-1,-1
-1,-1,-1,-1
-1,-1,-1,-1
-1,-1,-1,-1
-1,-1,-1,-1
-1,-1,-1,-1
-1,-1,-1,-1
-1,-1,-1,-1
-1,-1,-1,-1
-1,-1,-1,-1
-1,-1,-1,-1
-1,-1,-1,-1
-1,-1,-1,-1
-1,-1,-1,-1
-1,-1,-1,-1
-1,-1,-1,-1
-1,-1,-1,-1
-1,-1,-1,-1
-1,-1,-1,-1
-1,-1,-1,-1
-1,-1,-1,-1
-1,-1,-1,-1
-1,-1,-1,-1
-1,-1,-1,-1
-1,-1,-1,-1
-1,-1,-1,-1
-1,-1,-1,-1
-1,-1,-1,-1
-1,-1,-1,-1
-1,-1,-1,-1
-1,-1,-1,-1
-1,-1,-1,-1
-1,-1,-1,-1
-1,-1,-1,-1
-1,-1,-1,-1
-1,-1,-1,-1
-1,-1,-1,-1
-1,-1,-1,-1
-1,-1,-1,-1
-1,-1,-1,-1
-1,-1,-1,-1
-1,-1,-1,-1
-1,-1,-1,-1
-1,-1,-1,-1
-1,-1,-1,-1
-1,-1,-1,-1
-1,-1,-1,-1
-1,-1,-1,-1
-1,-1,-1,-1
-1,-1,-1,-1
-1,-1,-1,-1
-1,-1,-1,-1
-1,-1,-1,-1
-1,-1,-1,-1
-1,-1,-1,-1
-1,-1,-1,-1
-1,-1,-1,-1
-1,-1,-1,-1
-1,-1,-1,-1
-1,-1,-1,-1
-1,-1,-1,-1
-1,-1,-1,-1
-1,-1,-1,-1
-1,-1,-1,-1
-1,-1,-1,-1
-1,-1,-1,-1
-1,-1,-1,-1
-1,-1,-1,-1
-1,-1,-1,-1
-1,-1,-1,-1
-1,-1,-1,-1
-1,-1,-1,-1
-1,-1,-1,-1
-1,-1,-1,-1
-1,-1,-1,-1
-1,-1,-1,-1
-1,-1,-1,-1
-1,-1,-1,-1
-1,-1,-1,-1
-1,-1,-1,-1
-1,-1,-1,-1
-1,-1,-1,-1
-1,-1,-1,-1
-1,-1,-1,-1
-1,-1,-1,-1
-1,-1,-1,-1
-1,-1,-1,-1
-1,-1,-1,-1
-1,-1,-1,-1
-1,-1,-1,-1
-1,-1,-1,-1
-1,-1,-1,-1
-1,-1,-1,-1
-1,-1,-1,-1
-1,-1,-1,-1
-1,-1,-1,-1
-1,-1,-1,-1
-1,-1,-1,-1
-1,-1,-1,-1
-1,-1,-1,-1
-1,-1,-1,-1
-1,-1,-1,-1
-1,-1,-1,-1
-1,-1,-1,-1
-1,-1,-1,-1
-1,-1,-1,-1
-1,-1,-1,-1
-1,-1,-1,-1
-1,-1,-1,-1
-1,-1,-1,-1
-1,-1,-1,-1
-1,-1,-1,-1
-1,-1,-1,-1
-1,-1,-1,-1
-1,-1,-1,-1
-1,-1,-1,-1
-1,-1,-1,-1
-1,-1,-1,-1
-1,-1,-1,-1
-1,-1,-1,-1
-1,-1,-1,-1
-1,-1,-1,-1
-1,-1,-1,-1
-1,-1,-1,-1
-1,-1,-1,-1
-1,-1,-1,-1
-1,-1,-1,-1
-1,-1,-1,-1
-1,-1,-1,-1
-1,-1,-1,-1
-1,-1,-1,-1
-1,-1,-1,-1
-1,-1,-1,-1
-1,-1,-1,-1
-1,-1,-1,-1
-1,-1,-1,-1
-1,-1,-1,-1
-1,-1,-1,-1
-1,-1,-1,-1
-1,-1,-1,-1
-1,-1,-1,-1
-1,-1,-1,-1
-1,-1,-1,-1
-1,-1,-1,-1
-1,-1,-1,-1
-1,-1,-1,-1
-1,-1,-1,-1
-1,-1,-1,-1
-1,-1,-1,-1
-1,-1,-1,-1
-1,-1,-1,-1
-1,-1,-1,-1
-1,-1,-1,-1
-1,-1,-1,-1
-1,-1,-1,-1
-1,-1,-1,-1
-1,-1,-1,-1
-1,-1,-1,-1
-1,-1,-1,-1
-1,-1,-1,-1
-1,-1,-1,-1
-1,-1,-1,-1
-1,-1,-1,-1
-1,-1,-1,-1
-1,-1,-1,-1
-1,-1,-1,-1
-1,-1,-1,-1
-1,-1,-1,-1
-1,-1,-1,-1
-1,-1,-1,-1
-1,-1,-1,-1
-1,-1,-1,-1
-1,-1,-1,-1
-1,-1,-1,-1
-1,-1,-1,-1
-1,-1,-1,-1
-1,-1,-1,-1
-1,-1,-1,-1
-1,-1,-1,-1
-1,-1,-1,-1
-1,-1,-1,-1
-1,-1,-1,-1
-1,-1,-1,-1
-1,-1,-1,-1
-1,-1,-1,-1
-1,-1,-1,-1
-1,-1,-1,-1
-1,-1,-1,-1
-1,-1,-1,-1
-1,-1,-1,-1
-1,-1,-1,-1
-1,-1,-1,-1
-1,-1,-1,-1
-1,-1,-1,-1
-1,-1,-1,-1
-1,-1,-1,-1
-1,-1,-1,-1
-1,-1,-1,-1
-1,-1,-1,-1
-1,-1,-1,-1
-1,-1,-1,-1
-1,-1,-1,-1
-1,-1,-1,-1
-1,-1,-1,-1
-1,-1,-1,-1
-1,-1,-1,-1
-1,-1,-1,-1
-1,-1,-1,-1
-1,-1,-1,-1
-1,-1,-1,-1
-1,-1,-1,-1
-1,-1,-1,-1
-1,-1,-1,-1
-1,-1,-1,-1
-1,-1,-1,-1
-1,-1,-1,-1
-1,-1,-1,-1
-1,-1,-1,-1
-1,-1,-1,-1
-1,-1,-1,-1
-1,-1,-1,-1
-1,-1,-1,-1
-1,-1,-1,-1
-1,-1,-1,-1
-1,-1,-1,-1
-1,-1,-1,-1
-1,-1,-1,-1
-1,-1,-1,-1
-1,-1,-1,-1
-1,-1,-1,-1
-1,-1,-1,-1
-1,-1,-1,-1
-1,-1,-1,-1
-1,-1,-1,-1
-1,-1,-1,-1
-1,-1,-1,-1
-1,-1,-1,-1
-1,-1,-1,-1
-1,-1,-1,-1
-1,-1,-1,-1
-1,-1,-1,-1
-1,-1,-1,-1
-1,-1,-1,-1
-1,-1,-1,-1
-1,-1,-1,-1
-1,-1,-1,-1
-1,-1,-1,-1
-1,-1,-1,-1
-1,-1,-1,-1
-1,-1,-1,-1
-1,-1,-1,-1
-1,-1,-1,-1
-1,-1,-1,-1
-1,-1,-1,-1
-1,-1,-1,-1
-1,-1,-1,-1
-1,-1,-1,-1
-1,-1,-1,-1
-1,-1,-1,-1
-1,-1,-1,-1
-1,-1,-1,-1
-1,-1,-1,-1
-1,-1,-1,-1
-1,-1,-1,-1
-1,-1,-1,-1
-1,-1,-1,-1
-1,-1,-1,-1
-1,-1,-1,-1
-1,-1,-1,-1
-1,-1,-1,-1
-1,-1,-1,-1
-1,-1,-1,-1
-1,-1,-1,-1
-1,-1,-1,-1
-1,-1,-1,-1
-1,-1,-1,-1
-1,-1,-1,-1
-1,-1,-1,-1
-1,-1,-1,-1
-1,-1,-1,-1
-1,-1,-1,-1
-1,-1,-1,-1
-1,-1,-1,-1
-1,-1,-1,-1
-1,-1,-1,-1
-1,-1,-1,-1
-1,-1,-1,-1
-1,-1,-1,-1
-1,-1,-1,-1
-1,-1,-1,-1
-1,-1,-1,-1
-1,-1,-1,-1
-1,-1,-1,-1
-1,-1,-1,-1
-1,-1,-1,-1
-1,-1,-1,-1
-1,-1,-1,-1
-1,-1,-1,-1
-1,-1,-1,-1
-1,-1,-1,-1
-1,-1,-1,-1
-1,-1,-1,-1
-1,-1,-1,-1
-1,-1,-1,-1
-1,-1,-1,-1
-1,-1,-1,-1
-1,-1,-1,-1
-1,-1,-1,-1
-1,-1,-1,-1
-1,-1,-1,-1
-1,-1,-1,-1
-1,-1,-1,-1
-1,-1,-1,-1
-1,-1,-1,-1
-1,-1,-1,-1
-1,-1,-1,-1
-1,-1,-1,-1
-1,-1,-1,-1
-1,-1,-1,-1
-1,-1,-1,-1
-1,-1,-1,-1
-1,-1,-1,-1
-1,-1,-1,-1
-1,-1,-1,-1
-1,-1,-1,-1
-1,-1,-1,-1
-1,-1,-1,-1
-1,-1,-1,-1
-1,-1,-1,-1
-1,-1,-1,-1
-1,-1,-1,-1
-1,-1,-1,-1
-1,-1,-1,-1
-1,-1,-1,-1
-1,-1,-1,-1
-1,-1,-1,-1
-1,-1,-1,-1
-1,-1,-1,-1
-1,-1,-1,-1
-1,-1,-1,-1
-1,-1,-1,-1
-1,-1,-1,-1
-1,-1,-1,-1
-1,-1,-1,-1
-1,-1,-1,-1
-1,-1,-1,-1
-1,-1,-1,-1
-1,-1,-1,-1
-1,-1,-1,-1
-1,-1,-1,-1
-1,-1,-1,-1
-1,-1,-1,-1
-1,-1,-1,-1
-1,-1,-1,-1
-1,-1,-1,-1
-1,-1,-1,-1
-1,-1,-1,-1
-1,-1,-1,-1
-1,-1,-1,-1
-1,-1,-1,-1
-1,-1,-1,-1
153,68,-1,-1
308,138,-1,-1
463,207,-1,-1
617,277,-1,-1
772,347,-1,-1
927,416,-1,-1
1081,486,-1,-1
1236,555,-1,-1
1391,625,-1,-1
1546,695,85,100
1551,699,85,100
1557,704,85,100
1562,708,85,100
1568,713,85,100
1573,718,85,100
1579,722,85,100
1584,727,85,100
1590,731,85,100
1595,736,85,100
1601,741,104,102
1601,740,104,102
1602,740,104,102
1602,739,104,102
1603,739,104,102
1604,739,104,102
1604,738,104,102
1605,738,104,102
1605,737,104,102
1606,737,104,102
1607,737,104,100
1610,736,104,100
1614,736,104,100
1617,736,104,100
1621,736,104,100
1624,736,104,100
1628,735,104,100
1631,735,104,100
1635,735,104,100
1638,735,104,100
1642,735,82,98
1643,735,82,98
1644,735,82,98
1645,736,82,98
1646,736,82,98
1647,737,82,98
1648,737,82,98
1649,737,82,98
1650,738,82,98
1651,738,82,98
1653,739,89,104
1651,740,89,104
1650,741,89,104
1649,742,89,104
1648,743,89,104
1647,744,89,104
1646,745,89,104
1645,746,89,104
1644,747,89,104
1643,748,89,104
1642,750,100,104
1639,752,100,104
1636,754,100,104
1633,757,100,104
1630,759,100,104
1628,762,100,104
1625,764,100,104
1622,766,100,104
1619,769,100,104
1616,771,100,104
1614,774,117,102
1614,774,117,102
1614,775,117,102
1614,776,117,102
1614,777,117,102
1614,778,117,102
1614,779,117,102
1614,780,117,102
1614,781,117,102
1614,782,117,102
1614,783,126,95
1614,779,126,95
1615,776,126,95
1616,773,126,95
1617,770,126,95
1618,767,126,95
1618,764,126,95
1619,761,126,95
1620,758,126,95
1621,755,126,95
1622,752,128,93
1620,748,128,93
1618,745,128,93
1616,741,128,93
1615,738,128,93
1613,734,128,93
1611,731,128,93
1610,727,128,93
1608,724,128,93
1606,720,128,93
1605,717,117,107
1603,713,117,107
1601,709,117,107
1599,705,117,107
1598,701,117,107
1596,697,117,107
1594,693,117,107
1593,689,117,107
1591,685,117,107
1589,681,117,107
1588,678,89,107
1585,674,89,107
1583,671,89,107
1581,667,89,107
1579,664,89,107
1577,660,89,107
1574,657,89,107
1572,653,89,107
1570,650,89,107
1568,646,89,107
1566,643,69,118
1563,640,69,118
1561,638,69,118
1559,636,69,118
1557,634,69,118
1555,632,69,118
1552,630,69,118
1550,628,69,118
1548,626,69,118
1546,624,69,118
1544,622,67,117
1540,623,67,117
1537,624,67,117
1533,625,67,117
1530,626,67,117
1526,627,67,117
1523,628,67,117
1519,629,67,117
1516,630,67,117
1512,631,67,117
1509,632,113,89
1511,634,113,89
1514,637,113,89
1517,640,113,89
1520,642,113,89
1523,645,113,89
1526,648,113,89
1529,650,113,89
1532,653,113,89
1535,656,113,89
1538,659,128,91
1545,663,128,91
1553,667,128,91
1560,671,128,91
1568,676,128,91
1575,680,128,91
1583,684,128,91
1590,689,128,91
1598,693,128,91
1605,697,128,91
1613,702,88,85
1616,707,88,85
1619,712,88,85
1622,718,88,85
1625,723,88,85
1628,729,88,85
1631,734,88,85
1634,739,88,85
1637,745,88,85
1640,750,88,85
1644,756,85,83
1642,760,85,83
1641,764,85,83
1640,768,85,83
1638,772,85,83
1637,776,85,83
1636,780,85,83
1634,784,85,83
1633,788,85,83
1632,792,85,83
1631,796,54,91
1627,799,54,91
1624,802,54,91
1621,806,54,91
1618,809,54,91
1615,813,54,91
1612,816,54,91
1609,819,54,91
1606,823,54,91
1603,826,54,91
1600,830,66,120
1595,836,66,120
1590,842,66,120
1585,848,66,120
1580,855,66,120
1575,861,66,120
1570,867,66,120
1565,874,66,120
1560,880,66,120
1555,886,66,120
1551,893,71,137
1544,894,71,137
1537,895,71,137
1530,896,71,137
1523,898,71,137
1516,899,71,137
1509,900,71,137
1502,902,71,137
1495,903,71,137
1488,904,71,137
1481,906,117,103
1478,902,117,103
1475,899,117,103
1472,896,117,103
1469,893,117,103
1466,890,117,103
1463,886,117,103
1460,883,117,103
1457,880,117,103
1454,877,117,103
1451,874,126,108
1448,872,126,108
1446,871,126,108
1444,869,126,108
1442,868,126,108
1440,866,126,108
1437,865,126,108
1435,863,126,108
1433,862,126,108
1431,860,126,108
1429,859,126,97
1428,857,126,97
1428,855,126,97
1427,853,126,97
1427,851,126,97
1427,849,126,97
1426,847,126,97
1426,845,126,97
1425,843,126,97
1425,841,126,97
1425,839,119,100
1423,837,119,100
1422,836,119,100
1421,834,119,100
1420,833,119,100
1419,831,119,100
1418,830,119,100
1417,828,119,100
1416,827,119,100
1415,825,119,100
1414,824,119,95
1412,823,119,95
1411,823,119,95
1410,823,119,95
1409,822,119,95
1408,822,119,95
1407,822,119,95
1406,821,119,95
1405,821,119,95
1404,821,119,95
1403,821,121,79
1401,820,121,79
1400,819,121,79
1399,818,121,79
1397,817,121,79
1396,816,121,79
1395,815,121,79
1393,814,121,79
1392,813,121,79
1391,812,121,79
1390,811,117,76
1388,809,117,76
1387,807,117,76
1386,805,117,76
1385,803,117,76
1384,802,117,76
1383,800,117,76
1382,798,117,76
1381,796,117,76
1380,794,117,76
1379,793,113,78
1378,791,113,78
1377,789,113,78
1376,787,113,78
1375,786,113,78
1374,784,113,78
1373,782,113,78
1372,781,113,78
1371,779,113,78
1370,777,113,78
1370,776,117,74
1369,774,117,74
1369,772,117,74
1368,770,117,74
1368,768,117,74
1368,766,117,74
1367,764,117,74
1367,762,117,74
1366,760,117,74
1366,758,117,74
1366,756,115,77
1364,754,115,77
1363,753,115,77
1361,752,115,77
1360,750,115,77
1358,749,115,77
1357,748,115,77
1355,746,115,77
1354,745,115,77
1352,744,115,77
1351,743,117,78
1347,742,117,78
1344,742,117,78
1341,741,117,78
1338,741,117,78
1335,741,117,78
1332,740,117,78
1329,740,117,78
1326,739,117,78
1323,739,117,78
1320,739,118,70
1319,737,118,70
1318,736,118,70
1317,735,118,70
1316,734,118,70
1315,733,118,70
1314,732,118,70
1313,731,118,70
1312,730,118,70
1311,729,118,70
1311,728,120,80
1311,726,120,80
1311,724,120,80
1311,722,120,80
1311,721,120,80
1312,719,120,80
1312,717,120,80
1312,716,120,80
1312,714,120,80
1312,712,120,80
1313,711,122,80
1314,709,122,80
1315,708,122,80
1316,707,122,80
1317,706,122,80
1318,705,122,80
1319,704,122,80
1320,703,122,80
1321,702,122,80
1322,701,122,80
1324,700,116,74
1324,698,116,74
1325,696,116,74
1326,694,116,74
1326,693,116,74
1327,691,116,74
1328,689,116,74
1328,688,116,74
1329,686,116,74
1330,684,116,74
1331,683,100,82
1331,682,100,82
1331,682,100,82
1332,681,100,82
1332,681,100,82
1333,680,100,82
1333,680,100,82
1333,679,100,82
1334,679,100,82
1334,678,100,82
1335,678,92,74
1333,677,92,74
1332,676,92,74
1331,676,92,74
1330,675,92,74
1329,675,92,74
1328,674,92,74
1327,673,92,74
1326,673,92,74
1325,672,92,74
1324,672,85,87
1322,673,85,87
1320,675,85,87
1318,676,85,87
1317,678,85,87
1315,679,85,87
1313,681,85,87
1312,682,85,87
1310,684,85,87
1308,685,85,87
1307,687,78,91
1303,688,78,91
1300,689,78,91
1297,690,78,91
1293,692,78,91
1290,693,78,91
1287,694,78,91
1283,696,78,91
1280,697,78,91
1277,698,78,91
1274,700,68,95
1271,701,68,95
1268,702,68,95
1266,703,68,95
1263,704,68,95
1261,705,68,95
1258,706,68,95
1255,707,68,95
1253,708,68,95
1250,709,68,95
1248,711,63,91
1247,710,63,91
1246,710,63,91
1246,710,63,91
1245,710,63,91
1245,710,63,91
1244,709,63,91
1243,709,63,91
1243,709,63,91
1242,709,63,91
1242,709,54,100
1240,709,54,100
1238,709,54,100
1236,709,54,100
1234,709,54,100
1233,710,54,100
1231,710,54,100
1229,710,54,100
1227,710,54,100
1225,710,54,100
1224,711,64,97
1222,710,64,97
1221,710,64,97
1220,710,64,97
1218,709,64,97
1217,709,64,97
1216,709,64,97
1214,708,64,97
1213,708,64,97
1212,708,64,97
1211,708,66,94
1211,708,66,94
1211,709,66,94
1211,710,66,94
1211,710,66,94
1211,711,66,94
1211,712,66,94
1211,712,66,94
1211,713,66,94
1211,714,66,94
1211,715,68,94
1211,716,68,94
1211,718,68,94
1211,719,68,94
1212,721,68,94
1212,722,68,94
1212,724,68,94
1213,725,68,94
1213,727,68,94
1213,728,68,94
1214,730,63,98
1215,729,63,98
1217,729,63,98
1218,729,63,98
1220,729,63,98
1221,729,63,98
1223,728,63,98
1224,728,63,98
1226,728,63,98
1227,728,63,98
1229,728,58,102
1230,728,58,102
1231,729,58,102
1232,730,58,102
1234,731,58,102
1235,732,58,102
1236,733,58,102
1238,734,58,102
1239,735,58,102
1240,736,58,102
1242,737,54,96
1242,737,54,96
1242,737,54,96
1243,737,54,96
1243,737,54,96
1244,737,54,96
1244,737,54,96
1244,737,54,96
1245,737,54,96
1245,737,54,96
1246,737,50,100
1244,737,50,100
1243,737,50,100
1241,737,50,100
1240,737,50,100
1238,737,50,100
1237,737,50,100
1235,737,50,100
1234,737,50,100
1232,737,50,100
1231,737,56,93
1227,735,56,93
1224,733,56,93
1221,732,56,93
1217,730,56,93
1214,729,56,93
1211,727,56,93
1207,725,56,93
1204,724,56,93
1201,722,56,93
1198,721,63,98
1188,721,63,98
1179,722,63,98
1170,722,63,98
1160,723,63,98
1151,723,63,98
1142,724,63,98
1132,724,63,98
1123,725,63,98
1114,725,63,98
1105,726,89,85
1093,723,89,85
1082,721,89,85
1070,719,89,85
1059,717,89,85
1047,715,89,85
1036,712,89,85
1024,710,89,85
1013,708,89,85
1001,706,89,85
990,704,124,72
980,704,124,72
970,704,124,72
961,704,124,72
951,704,124,72
942,705,124,72
932,705,124,72
922,705,124,72
913,705,124,72
903,705,124,72
894,706,113,61
888,705,113,61
882,705,113,61
877,704,113,61
871,704,113,61
866,704,113,61
860,703,113,61
854,703,113,61
849,702,113,61
843,702,113,61
838,702,97,85
834,701,97,85
830,701,97,85
826,701,97,85
822,701,97,85
818,701,97,85
814,700,97,85
810,700,97,85
806,700,97,85
802,700,97,85
798,700,100,93
792,700,100,93
786,701,100,93
780,701,100,93
774,702,100,93
769,703,100,93
763,703,100,93
757,704,100,93
751,704,100,93
745,705,100,93
740,706,117,85
734,706,117,85
728,706,117,85
722,706,117,85
717,707,117,85
711,707,117,85
705,707,117,85
700,708,117,85
694,708,117,85
688,708,117,85
683,709,117,80
678,708,117,80
674,707,117,80
669,706,117,80
665,706,117,80
660,705,117,80
656,704,117,80
651,704,117,80
647,703,117,80
642,702,117,80
638,702,104,89
632,702,104,89
626,703,104,89
620,704,104,89
615,704,104,89
609,705,104,89
603,706,104,89
598,706,104,89
592,707,104,89
586,708,104,89
581,709,102,73
576,708,102,73
571,708,102,73
566,708,102,73
561,707,102,73
557,707,102,73
552,707,102,73
547,706,102,73
542,706,102,73
537,706,102,73
533,706,124,70
529,705,124,70
525,704,124,70
521,704,124,70
518,703,124,70
514,703,124,70
510,702,124,70
507,701,124,70
503,701,124,70
499,700,124,70
496,700,118,87
491,700,118,87
486,701,118,87
482,701,118,87
477,702,118,87
473,703,118,87
468,703,118,87
463,704,118,87
459,704,118,87
454,705,118,87
450,706,120,72
448,704,120,72
446,703,120,72
444,701,120,72
442,700,120,72
440,698,120,72
438,697,120,72
436,695,120,72
434,694,120,72
432,692,120,72
431,691,143,70
430,690,143,70
429,689,143,70
428,688,143,70
428,687,143,70
427,686,143,70
426,685,143,70
426,684,143,70
425,683,143,70
424,682,143,70
424,682,131,63
423,679,131,63
423,677,131,63
423,675,131,63
423,673,131,63
423,671,131,63
422,669,131,63
422,667,131,63
422,665,131,63
422,663,131,63
422,661,139,65
425,659,139,65
429,657,139,65
432,655,139,65
436,653,139,65
439,651,139,65
443,649,139,65
446,647,139,65
450,645,139,65
453,643,139,65
457,641,137,55
463,639,137,55
470,637,137,55
476,635,137,55
483,634,137,55
489,632,137,55
496,630,137,55
502,629,137,55
509,627,137,55
515,625,137,55
522,624,124,59
528,622,124,59
534,620,124,59
540,619,124,59
547,617,124,59
553,616,124,59
559,614,124,59
566,612,124,59
572,611,124,59
578,609,124,59
585,608,126,53
592,605,126,53
599,603,126,53
606,601,126,53
613,598,126,53
621,596,126,53
628,594,126,53
635,591,126,53
642,589,126,53
649,587,126,53
657,585,113,54
660,582,113,54
664,579,113,54
668,577,113,54
671,574,113,54
675,572,113,54
679,569,113,54
682,566,113,54
686,564,113,54
690,561,113,54
694,559,117,73
698,556,117,73
703,554,117,73
707,552,117,73
712,550,117,73
717,548,117,73
721,545,117,73
726,543,117,73
730,541,117,73
735,539,117,73
740,537,102,78
742,535,102,78
745,533,102,78
748,531,102,78
751,529,102,78
754,528,102,78
756,526,102,78
759,524,102,78
762,522,102,78
765,520,102,78
768,519,89,72
770,516,89,72
773,513,89,72
775,510,89,72
778,507,89,72
781,505,89,72
783,502,89,72
786,499,89,72
788,496,89,72
791,493,89,72
794,491,94,85
797,491,94,85
800,491,94,85
803,491,94,85
807,491,94,85
810,491,94,85
813,491,94,85
817,491,94,85
820,491,94,85
823,491,94,85
827,491,67,78
830,491,67,78
833,491,67,78
837,491,67,78
840,491,67,78
844,492,67,78
847,492,67,78
850,492,67,78
854,492,67,78
857,492,67,78
861,493,61,74
863,493,61,74
866,493,61,74
869,493,61,74
871,493,61,74
874,493,61,74
877,493,61,74
879,493,61,74
882,493,61,74
885,493,61,74
888,493,49,78
889,494,49,78
891,495,49,78
893,496,49,78
895,497,49,78
897,498,49,78
899,499,49,78
901,500,49,78
903,501,49,78
905,502,49,78
907,504,43,81
907,504,43,81
907,504,43,81
908,505,43,81
908,505,43,81
909,506,43,81
909,506,43,81
909,506,43,81
910,507,43,81
910,507,43,81
911,508,46,85
910,508,46,85
909,508,46,85
908,508,46,85
907,508,46,85
906,508,46,85
905,508,46,85
904,508,46,85
903,508,46,85
902,508,46,85
901,508,45,107
901,508,45,107
901,508,45,107
901,508,45,107
901,508,45,107
901,508,45,107
901,508,45,107
901,508,45,107
901,508,45,107
901,508,45,107
