639,267,32,30
636,266,33,30
633,266,34,30
631,266,35,30
628,265,36,30
625,265,37,30
623,265,38,30
620,265,38,30
617,265,38,30
615,265,38,30
612,265,38,30
609,265,38,30
607,265,38,30
604,265,38,30
601,265,38,30
599,265,38,30
596,265,38,30
594,265,38,30
591,265,38,30
589,265,38,30
586,266,38,30
583,266,38,30
581,266,38,30
578,266,38,30
576,266,38,30
573,266,38,30
570,266,38,30
567,266,38,30
565,266,38,30
562,266,38,30
559,266,38,30
557,267,38,30
554,267,38,30
552,267,38,30
549,268,38,30
547,268,38,30
544,269,38,30
542,268,38,30
540,268,38,30
538,267,38,30
535,267,38,30
533,267,38,30
531,266,38,30
529,266,38,30
527,266,38,30
525,266,38,30
522,267,38,30
520,267,38,30
518,267,38,30
516,267,38,30
514,267,38,30
511,267,38,30
509,267,38,30
507,267,38,30
504,267,38,30
502,267,38,30
500,267,38,30
497,267,38,30
495,267,38,30
493,267,38,30
491,267,38,30
490,266,38,30
488,266,38,30
486,266,38,30
483,266,38,30
481,266,38,30
478,266,38,30
476,266,38,30
473,266,38,30
470,266,38,30
468,266,38,30
466,266,38,30
465,266,38,30
463,266,38,30
461,266,38,30
459,266,38,30
458,266,38,30
455,266,38,30
452,266,38,30
449,265,38,30
446,265,38,30
443,265,38,30
440,265,38,30
438,265,38,30
437,264,38,30
435,264,38,30
433,264,38,30
432,264,38,30
430,263,38,30
428,264,38,30
426,264,38,30
423,264,38,30
421,264,38,30
419,265,38,30
417,265,38,30
415,265,38,30
412,265,38,30
410,265,38,30
407,265,38,30
404,265,38,30
402,265,38,30
399,265,38,30
398,265,38,30
396,265,38,30
394,265,38,30
392,265,38,30
390,266,38,30
388,266,38,30
387,266,38,30
385,266,38,30
383,266,38,30
381,267,38,30
379,267,38,30
377,267,38,30
375,267,38,30
373,267,38,30
371,266,38,30
368,266,38,30
366,266,38,30
364,265,38,30
361,265,38,30
359,265,38,30
357,265,38,30
356,265,38,30
354,266,38,30
352,266,38,30
350,266,38,30
348,266,38,30
345,266,38,30
343,266,38,30
341,266,38,30
339,266,38,30
337,266,38,30
335,266,38,30
332,266,38,30
330,266,38,30
328,267,38,30
326,267,38,30
324,267,38,30
322,267,38,30
319,267,38,30
318,267,38,30
316,267,38,30
314,267,38,30
312,267,38,30
310,266,38,30
308,266,38,30
307,266,38,30
305,266,38,30
303,267,38,30
302,267,38,30
300,267,38,30
299,268,38,30
297,268,38,30
296,268,38,30
294,269,38,30
293,269,38,30
292,269,38,30
291,269,38,30
289,269,38,30
288,269,38,30
287,269,38,30
286,269,38,30
285,270,38,30
284,270,38,30
283,270,38,30
279,270,38,30
275,270,38,30
272,271,38,30
268,271,38,30
265,271,38,30
261,271,38,30
258,272,38,30
254,272,38,30
251,272,38,30
247,272,38,30
243,273,38,30
240,273,38,30
236,273,38,30
233,273,38,30
229,274,38,30
227,274,38,30
224,274,38,30
222,275,38,30
220,275,38,30
217,275,38,30
215,275,38,30
212,276,38,30
210,276,38,30
208,276,38,30
206,276,38,30
204,276,38,30
202,276,38,30
200,275,38,30
198,275,38,30
196,275,38,30
195,275,38,30
193,275,38,30
191,275,38,30
190,274,38,30
188,274,38,30
186,274,38,30
185,274,38,30
183,274,38,30
182,274,38,30
180,274,38,30
178,274,38,30
177,274,38,30
175,274,38,30
173,275,38,30
171,275,38,30
170,275,38,30
168,276,38,30
166,276,38,30
164,276,38,30
162,276,38,30
160,276,38,30
158,277,38,30
155,277,38,30
153,277,38,30
151,277,38,30
148,277,38,30
146,277,38,30
144,277,38,30
142,277,38,30
140,278,38,30
137,278,38,30
135,278,38,30
133,279,38,30
131,279,38,30
129,279,38,30
127,280,38,30
125,280,38,30
123,280,38,30
120,280,38,30
117,280,38,30
115,280,38,30
112,280,38,30
110,280,38,30
107,280,38,30
105,280,38,30
102,280,38,30
100,280,38,30
98,281,38,30
95,281,38,30
93,282,38,30
91,282,38,30
89,282,38,30
86,283,38,30
84,283,38,30
82,283,38,30
79,284,38,30
78,284,38,30
76,284,38,30
74,285,38,30
73,285,38,30
71,285,38,30
69,285,38,30
68,286,38,30
66,286,38,30
65,286,38,30
63,286,38,30
61,286,38,30
58,287,38,30
56,287,38,30
54,287,38,30
51,287,38,30
49,287,38,30
47,287,38,30
45,287,38,30
42,287,38,30
40,288,38,30
37,287,38,30
35,287,38,30
32,287,38,30
29,287,38,30
27,287,38,30
24,287,38,30
21,287,38,30
18,286,38,30
17,287,38,30
15,288,38,30
14,288,38,30
12,289,38,30
11,290,38,30
10,290,38,30
9,291,38,30
8,291,38,30
7,291,38,30
7,292,38,30
6,292,38,30
5,292,38,30
4,293,38,30
3,292,35,30
1,292,33,30
0,292,30,30
-1,292,27,30
-2,291,25,30
-2,291,24,30
-2,291,23,30
-2,291,22,30
-2,291,21,30
-2,291,20,30
-2,291,19,30
-2,291,19,30
173,299,19,30
349,307,19,30
524,314,19,30
700,322,19,30
697,322,20,30
695,322,21,30
692,322,22,30
689,322,24,30
686,322,25,30
683,323,26,30
680,323,27,30
677,323,29,30
675,323,30,30
672,323,31,30
669,323,33,30
666,323,34,30
664,323,34,30
663,323,34,30
661,323,34,30
659,323,34,30
658,323,34,30
656,323,34,30
654,322,34,30
653,322,34,30
651,322,34,30
649,322,34,30
648,322,34,30
646,322,34,30
644,322,34,30
643,322,34,30
641,322,34,30
639,323,34,30
637,323,34,30
635,323,34,30
633,324,34,30
632,324,34,30
630,324,34,30
628,324,34,30
626,324,34,30
624,324,34,30
622,324,34,30
620,324,34,30
618,324,34,30
617,324,34,30
615,324,34,30
613,324,34,30
610,324,34,30
608,324,34,30
606,323,34,30
604,323,34,30
602,323,34,30
599,323,34,30
597,322,34,30
595,322,34,30
593,322,34,30
592,321,34,30
590,321,34,30
588,321,34,30
586,320,34,30
585,320,34,30
583,320,34,30
581,320,34,30
580,319,34,30
578,319,34,30
577,319,34,30
576,319,34,30
575,319,34,30
573,319,34,30
572,319,34,30
571,319,34,30
570,319,34,30
568,319,34,30
567,319,34,30
566,319,34,30
565,319,34,30
564,319,34,30
563,319,34,30
562,318,34,30
560,318,34,30
559,318,34,30
558,318,34,30
556,318,34,30
554,317,34,30
552,317,34,30
550,317,34,30
548,316,34,30
547,316,34,30
545,316,34,30
543,316,34,30
541,315,34,30
539,315,34,30
537,315,34,30
535,315,34,30
533,315,34,30
531,315,34,30
529,315,34,30
527,314,34,30
525,314,34,30
524,314,34,30
523,315,34,30
522,315,34,30
521,315,34,30
520,315,34,30
519,315,34,30
518,315,34,30
517,315,34,30
516,315,34,30
515,316,34,30
513,315,35,30
511,315,37,31
510,315,38,32
508,315,40,32
506,314,41,33
504,314,43,33
502,314,44,34
501,314,46,34
499,313,48,35
497,313,49,35
496,313,49,35
495,313,49,35
494,313,49,35
493,312,49,35
492,312,49,35
490,312,49,35
489,312,49,35
488,312,49,35
487,312,49,35
485,311,49,35
484,311,49,35
482,311,49,35
481,310,49,35
479,310,49,35
478,309,49,35
476,309,49,35
475,309,49,35
473,308,49,35
472,308,49,35
471,308,49,35
470,309,49,35
470,309,49,35
469,309,49,35
468,310,49,35
467,310,49,35
467,310,49,35
466,310,49,35
465,311,49,35
464,311,49,35
464,311,49,35
463,312,49,35
462,312,49,35
461,311,49,35
461,311,49,35
460,311,49,35
459,311,49,35
458,311,49,35
458,311,49,35
457,311,49,35
456,311,49,35
455,310,49,35
453,310,49,35
452,310,49,35
450,310,49,35
448,309,49,35
446,309,49,35
444,309,49,35
442,309,49,35
441,308,49,35
439,308,49,35
437,308,49,35
436,307,49,35
435,307,49,35
434,307,49,35
432,307,49,35
431,306,49,35
430,306,49,35
429,306,49,35
427,305,49,35
426,305,49,35
424,305,49,35
423,305,49,35
421,305,49,35
420,305,49,35
418,305,49,35
416,304,49,35
415,304,49,35
413,304,49,35
412,304,49,35
412,304,49,35
411,304,49,35
410,304,49,35
409,303,49,35
408,303,49,35
407,303,49,35
406,303,49,35
405,303,49,35
404,303,49,35
403,303,49,35
401,303,49,35
400,303,49,35
398,303,49,35
397,303,49,35
395,303,49,35
393,303,49,35
392,303,49,35
390,303,49,35
389,303,49,35
388,303,49,35
387,303,49,35
385,303,49,35
384,303,49,35
383,303,49,35
382,303,49,35
380,303,49,35
379,302,49,35
378,302,49,35
376,302,49,35
375,301,49,35
373,301,49,35
372,301,49,35
371,300,49,35
369,300,49,35
368,299,49,35
366,299,49,35
365,299,49,35
364,299,49,35
363,299,49,35
362,299,49,35
361,299,49,35
360,299,49,35
359,299,49,35
358,299,49,35
357,299,49,35
356,299,49,35
355,299,49,35
353,299,49,35
352,299,49,35
350,299,49,35
349,299,49,35
347,298,49,35
346,298,49,35
344,298,49,35
343,298,49,35
341,298,49,35
340,298,49,35
339,298,49,35
338,298,49,35
337,298,49,35
335,298,49,35
334,298,49,35
333,298,49,35
332,298,49,35
331,298,49,35
330,298,49,35
329,298,49,35
328,298,49,35
327,298,49,35
325,298,49,35
324,297,49,35
322,297,49,35
321,297,49,35
319,297,49,35
317,296,49,35
316,296,49,35
314,296,49,35
312,296,49,35
311,295,49,35
309,295,49,35
309,295,49,35
308,295,49,35
307,295,49,35
306,295,49,35
306,295,49,35
305,295,49,35
304,295,49,35
304,295,49,35
303,295,49,35
302,295,49,35
302,295,49,35
300,295,49,35
299,295,49,35
298,294,49,35
297,294,49,35
295,294,49,35
294,294,49,35
293,293,49,35
291,293,49,35
290,293,49,35
290,293,49,35
289,292,49,35
288,292,49,35
288,292,49,35
287,292,49,35
286,292,49,35
286,292,49,35
285,291,49,35
283,291,49,35
282,291,49,35
280,290,49,35
279,290,49,35
277,290,49,35
276,290,49,35
274,289,49,35
272,289,49,35
271,289,49,35
270,289,49,35
269,289,49,35
268,289,49,35
267,289,49,35
266,289,49,35
265,289,49,35
263,289,49,35
262,289,49,35
260,289,49,35
258,289,49,35
257,289,49,35
255,289,49,35
253,289,49,35
252,289,49,35
250,289,49,35
248,289,49,35
248,289,49,35
248,288,49,35
247,288,49,35
247,288,49,35
247,288,49,35
247,287,49,35
246,287,49,35
246,287,49,35
246,287,49,35
246,286,49,35
245,287,49,35
243,287,49,35
242,287,49,35
241,287,49,35
240,288,49,35
239,288,49,35
238,288,49,35
237,289,49,35
236,289,49,35
234,290,49,35
232,291,49,35
230,293,49,35
229,291,49,35
228,290,49,35
227,289,49,35
226,288,49,35
225,286,49,35
224,285,49,35
223,284,49,35
221,284,49,35
219,283,49,35
216,283,49,35
214,283,49,35
212,283,49,35
210,282,49,35
208,282,49,35
206,282,49,35
203,282,49,35
201,281,49,35
200,281,49,35
199,281,49,35
198,281,49,35
197,280,49,35
196,280,49,35
195,280,49,35
194,279,49,35
193,279,49,35
192,279,49,35
191,279,49,35
190,279,49,35
189,279,49,35
188,279,49,35
187,279,49,35
186,279,49,35
185,279,49,35
184,279,49,35
183,279,49,35
182,279,49,35
181,279,49,35
180,278,49,35
178,278,49,35
177,278,49,35
175,277,49,35
174,277,49,35
172,277,49,35
171,277,49,35
170,276,49,35
169,276,49,35
168,276,49,35
167,276,49,35
166,276,49,35
165,275,49,35
164,275,49,35
163,275,49,35
162,275,49,35
161,275,49,35
160,275,49,35
159,275,49,35
158,275,49,35
157,275,49,35
156,275,49,35
156,275,49,35
155,275,49,35
154,275,49,35
153,275,49,35
152,275,49,35
150,275,49,35
149,275,49,35
147,276,49,35
146,276,49,35
144,276,49,35
143,276,49,35
142,276,49,35
140,276,49,35
139,276,49,35
138,276,49,35
137,275,49,35
135,275,49,35
134,275,49,35
133,275,49,35
131,275,49,35
130,275,49,35
128,275,49,35
127,275,49,35
125,275,49,35
123,275,49,35
122,275,49,35
120,275,49,35
119,275,49,35
119,276,49,35
118,276,49,35
117,276,49,35
117,277,49,35
116,277,49,35
116,277,49,35
115,277,49,35
114,277,49,35
112,276,49,35
111,276,49,35
110,275,49,35
109,274,49,35
107,274,49,35
106,273,49,35
105,272,49,35
103,272,49,35
102,272,49,35
101,272,49,35
100,272,49,35
98,272,49,35
97,272,49,35
96,272,49,35
95,272,49,35
93,272,49,35
92,273,49,35
91,273,49,35
90,273,49,35
90,274,49,35
89,274,49,35
88,274,49,35
87,275,49,35
86,275,49,35
84,275,49,35
83,274,49,35
82,274,49,35
81,273,49,35
79,273,49,35
78,273,49,35
77,272,49,35
75,272,49,35
74,272,49,35
72,272,49,35
70,272,49,35
69,272,49,35
67,272,49,35
66,272,49,35
64,272,49,35
64,272,49,35
63,272,49,35
62,272,49,35
62,272,49,35
61,271,49,35
61,271,49,35
60,271,49,35
59,271,49,35
59,271,49,35
58,270,49,35
58,270,49,35
57,270,49,35
56,270,49,35
56,270,49,35
55,269,49,35
55,269,49,35
54,269,49,35
53,269,49,35
53,269,49,35
52,269,49,35
50,269,49,35
49,269,49,35
48,269,49,35
47,269,49,35
46,269,49,35
45,269,49,35
44,269,49,35
43,269,49,35
41,268,49,35
40,268,49,35
38,268,49,35
37,268,49,35
35,268,49,35
34,268,49,35
33,267,49,35
31,267,49,35
30,267,49,35
30,267,49,35
29,267,49,35
28,267,49,35
27,267,49,35
27,267,49,35
26,267,49,35
25,267,49,35
24,267,49,35
23,267,49,35
23,267,49,35
22,267,49,35
22,266,49,35
21,266,49,35
20,266,49,35
20,265,49,35
19,265,49,35
18,265,49,35
17,265,49,35
16,265,49,35
14,265,49,35
13,265,49,35
11,265,49,35
10,265,49,35
8,265,49,35
8,265,46,35
8,265,43,35
8,265,40,35
8,265,36,35
8,265,33,35
8,265,30,35
