376,53,23,9
377,53,23,9
379,53,23,9
380,53,23,9
381,53,23,9
383,53,23,9
384,53,23,9
385,53,23,9
387,53,23,9
388,53,23,9
389,53,23,9
391,53,23,9
392,53,23,9
394,53,23,9
395,53,23,9
396,53,23,9
398,53,23,9
399,53,23,9
400,53,23,9
402,53,23,9
403,53,23,9
404,53,23,9
406,53,23,9
407,53,23,9
408,53,23,9
410,53,23,9
411,53,23,9
413,53,23,9
414,53,23,9
416,53,23,9
417,53,23,9
418,53,23,9
420,53,23,9
421,53,23,9
423,53,23,9
424,53,23,9
425,53,23,9
427,53,23,9
428,52,23,9
430,52,23,9
431,52,23,9
432,52,23,9
434,52,23,9
435,52,23,9
437,52,23,9
438,52,23,9
440,52,23,9
441,52,23,9
442,52,23,9
444,52,23,9
445,52,23,9
447,52,23,9
448,52,23,9
449,52,23,9
451,52,23,9
452,52,23,9
454,52,23,9
455,52,23,9
457,52,23,9
458,52,23,9
460,52,23,9
461,52,23,9
463,52,23,9
464,52,23,9
466,52,23,9
467,52,22,9
469,52,22,9
470,52,22,9
471,52,22,9
473,52,22,9
474,52,22,9
476,52,21,9
477,52,21,9
478,52,21,9
480,52,21,9
481,52,21,9
483,52,21,9
484,52,20,9
485,52,20,9
487,52,20,9
488,52,20,9
489,52,20,9
491,52,20,9
492,52,19,9
494,52,19,9
495,52,19,9
496,52,19,9
498,52,19,9
499,52,19,9
500,51,19,9
502,51,19,9
503,51,19,9
504,51,19,9
506,51,19,9
507,51,19,9
508,51,19,9
510,51,19,9
511,51,19,9
513,50,19,9
514,50,19,9
516,50,19,9
517,50,19,9
518,50,19,9
520,50,19,9
521,50,19,9
523,50,19,9
524,50,19,9
526,50,19,9
527,50,19,9
528,50,19,9
530,50,19,9
531,50,19,9
533,50,19,9
535,50,19,9
536,50,19,9
538,50,19,9
539,50,19,9
541,50,19,9
542,50,19,9
543,50,19,9
545,50,19,9
546,50,19,9
548,50,19,9
549,50,19,9
550,50,19,9
552,50,19,9
553,50,19,9
555,50,19,9
556,50,19,9
557,50,19,9
558,49,19,9
560,49,19,9
561,49,19,9
562,49,19,9
563,49,19,9
565,49,19,9
566,49,19,9
568,49,19,9
569,49,19,9
571,49,19,9
572,49,19,9
574,49,19,9
575,49,19,9
577,49,19,9
578,49,19,9
579,49,19,9
581,49,19,9
582,49,19,9
584,49,19,9
585,49,19,9
586,49,19,9
588,49,19,9
589,49,19,9
590,49,19,9
592,49,19,9
593,49,19,9
595,48,19,9
596,48,19,9
597,48,19,9
599,48,19,9
600,48,19,9
601,48,19,9
603,48,19,9
604,48,19,9
606,48,19,9
607,48,19,9
608,48,19,9
610,48,19,9
611,48,19,9
612,48,19,9
614,48,19,9
615,48,19,9
617,48,19,9
618,48,19,9
619,48,19,9
621,48,19,9
622,48,19,9
623,48,19,9
625,48,19,9
626,48,19,9
628,48,19,9
629,48,19,9
630,48,19,9
632,48,19,9
633,47,19,9
634,47,19,9
-1,-1,-1,-1
-1,-1,-1,-1
-1,-1,-1,-1
-1,-1,-1,-1
-1,-1,-1,-1
-1,-1,-1,-1
-1,-1,-1,-1
-1,-1,-1,-1
-1,-1,-1,-1
-1,-1,-1,-1
-1,-1,-1,-1
-1,-1,-1,-1
-1,-1,-1,-1
-1,-1,-1,-1
-1,-1,-1,-1
-1,-1,-1,-1
-1,-1,-1,-1
-1,-1,-1,-1
-1,-1,-1,-1
-1,-1,-1,-1
0,205,12,16
0,206,15,16
0,206,19,16
0,206,22,16
0,206,26,16
0,206,29,15
2,207,32,15
3,207,32,15
3,207,32,15
4,207,32,15
7,205,29,17
9,205,29,17
11,205,29,17
13,205,29,17
15,205,29,17
16,205,29,17
18,204,29,17
20,204,29,17
22,204,29,17
24,204,29,17
26,204,29,17
28,204,29,17
30,204,29,17
32,204,29,17
33,204,29,17
35,204,29,17
37,204,29,17
39,204,29,17
41,204,29,17
43,204,29,17
45,203,29,17
47,203,29,16
49,203,29,16
50,203,29,16
52,203,29,16
54,203,29,16
56,203,29,16
58,203,29,16
60,203,29,16
62,203,29,16
64,203,29,16
65,203,29,16
67,203,29,16
69,203,29,16
71,202,29,16
73,202,29,16
75,202,29,16
77,202,29,16
79,202,29,16
81,202,29,16
82,202,29,16
84,202,29,16
86,202,29,16
88,202,29,16
90,202,29,16
92,202,29,16
94,202,29,15
96,202,29,15
97,203,29,15
99,203,29,15
101,203,29,14
103,203,29,14
105,203,29,14
107,203,29,14
108,204,29,13
110,204,29,13
112,204,29,13
114,204,29,12
116,204,29,12
118,204,29,12
120,204,29,12
121,204,29,12
123,204,29,12
125,204,29,12
127,204,29,12
129,203,29,12
131,203,29,12
133,203,29,12
135,203,29,12
136,203,29,12
138,203,29,12
140,203,29,12
142,203,29,12
144,203,29,12
146,203,29,12
148,203,29,12
150,203,29,12
151,202,29,12
153,202,29,12
155,202,29,12
157,202,29,12
159,202,29,12
161,202,29,12
163,202,29,12
164,202,29,12
167,202,29,12
169,202,29,12
171,202,29,12
173,202,29,12
175,202,29,12
177,202,29,12
179,202,29,12
181,202,29,12
183,202,29,12
185,202,29,12
187,202,29,12
189,201,29,12
191,201,29,12
193,201,29,12
195,201,29,12
197,201,29,12
199,201,29,12
200,201,29,12
202,201,29,12
204,201,29,12
206,201,29,12
207,201,29,12
209,201,29,12
211,201,29,12
213,201,29,12
214,200,29,12
216,200,29,12
218,200,29,12
220,200,29,12
221,200,29,12
223,200,29,12
225,200,29,12
227,200,29,12
228,200,29,12
230,200,29,12
232,200,29,12
233,200,29,12
235,200,29,12
237,200,29,12
239,200,29,12
240,200,29,12
242,200,29,12
244,200,29,12
246,200,29,12
247,199,29,12
249,199,29,12
251,199,29,12
253,199,29,12
254,199,29,12
256,199,29,12
258,199,29,12
260,199,29,12
261,199,29,12
263,199,29,12
265,199,29,12
267,199,29,12
268,199,29,12
270,199,29,12
272,199,29,12
274,199,29,12
275,199,29,12
277,199,29,12
279,199,29,12
280,198,29,12
282,198,29,12
284,198,29,12
286,198,29,12
287,198,29,12
289,198,29,12
291,198,29,12
293,198,29,12
294,198,29,12
296,198,29,12
298,198,29,12
300,198,29,12
301,198,29,12
303,198,29,12
305,198,29,12
307,198,29,12
308,198,29,12
310,198,29,12
312,197,29,12
314,197,29,12
315,197,29,12
317,197,29,12
319,197,29,12
321,197,29,12
322,197,29,12
324,197,29,12
326,197,29,12
327,197,29,12
329,197,29,12
331,197,29,12
333,197,29,12
334,197,29,12
336,197,29,12
338,197,29,12
340,197,29,12
341,197,29,12
343,197,29,12
345,196,29,12
347,196,29,12
