175,328,29,57
173,328,29,57
172,328,29,57
170,328,29,57
169,328,29,57
168,328,29,57
166,328,29,57
165,328,29,57
163,329,29,57
162,329,29,57
160,329,29,57
159,329,29,57
158,329,29,57
156,329,29,57
155,329,29,57
153,329,29,57
152,329,29,57
150,329,29,57
149,329,29,57
148,329,29,57
146,329,29,57
145,330,29,57
143,330,29,57
142,330,29,57
140,330,29,57
139,330,29,57
138,330,29,57
136,330,29,57
135,330,29,57
133,330,29,57
132,330,29,57
130,330,29,57
129,330,29,57
128,330,29,57
126,330,29,57
125,331,29,57
123,331,29,57
122,331,29,57
120,331,29,57
119,331,29,57
117,331,29,57
116,331,29,57
115,331,29,57
113,331,29,57
111,331,29,57
109,331,29,57
107,330,29,57
106,330,29,57
104,330,29,57
102,330,29,57
100,330,29,57
98,329,29,57
96,329,29,57
95,329,29,57
93,329,29,57
91,329,29,57
89,329,29,57
87,328,29,57
86,328,29,57
84,328,29,57
82,328,29,57
81,328,29,57
79,329,29,57
78,329,29,57
77,329,29,57
75,329,29,57
74,330,29,57
72,330,29,57
71,330,29,57
69,330,29,57
68,331,29,57
67,331,29,57
65,331,29,57
64,331,29,57
62,332,29,57
61,332,29,57
60,332,29,57
58,332,29,57
57,332,29,57
55,333,29,57
54,333,29,57
52,333,29,57
51,333,29,57
50,334,29,57
48,334,29,57
47,334,29,57
45,334,29,57
44,334,29,57
42,334,29,57
41,334,29,57
39,335,29,57
37,335,29,57
36,335,29,57
34,335,29,57
33,335,29,57
31,335,29,57
30,335,29,57
28,335,29,57
27,335,29,57
25,335,29,57
24,335,29,57
22,335,29,57
20,336,29,57
19,336,29,57
17,336,29,57
16,336,28,57
15,336,27,57
13,336,26,57
12,337,25,57
11,337,25,57
9,337,24,57
8,337,23,57
7,338,22,57
5,338,21,57
4,338,20,57
3,339,19,57
3,339,19,57
3,339,18,57
3,339,17,57
3,340,16,57
-1,-1,-1,-1
-1,-1,-1,-1
-1,-1,-1,-1
-1,-1,-1,-1
-1,-1,-1,-1
-1,-1,-1,-1
-1,-1,-1,-1
-1,-1,-1,-1
-1,-1,-1,-1
-1,-1,-1,-1
-1,-1,-1,-1
-1,-1,-1,-1
-1,-1,-1,-1
-1,-1,-1,-1
-1,-1,-1,-1
-1,-1,-1,-1
-1,-1,-1,-1
-1,-1,-1,-1
-1,-1,-1,-1
-1,-1,-1,-1
-1,-1,-1,-1
699,166,15,57
699,166,15,57
698,167,16,57
697,167,16,57
697,167,16,57
696,167,17,57
696,167,17,57
695,167,17,57
694,167,18,57
694,167,18,57
693,167,18,57
693,167,18,57
692,167,19,57
691,167,19,57
691,167,19,57
690,167,20,57
689,168,20,57
688,168,20,57
687,168,20,57
686,168,20,57
685,168,20,57
683,168,20,57
682,168,20,57
681,168,20,57
680,169,20,57
679,169,20,57
678,169,20,57
676,169,20,57
675,169,20,57
674,169,20,57
673,169,20,57
672,170,20,57
671,170,20,57
669,170,20,57
668,170,20,57
667,170,20,57
666,170,20,57
665,170,20,57
664,170,20,57
663,171,20,57
661,171,20,57
660,171,20,57
659,171,20,57
658,171,20,57
657,171,20,57
656,171,20,57
654,171,20,57
653,172,20,57
652,172,20,57
651,172,20,57
650,172,20,57
649,172,20,57
647,172,20,57
646,172,20,57
645,172,20,57
644,173,20,57
643,173,20,57
642,173,20,57
641,173,20,57
639,173,20,57
638,173,20,57
637,173,20,57
636,174,20,57
635,174,20,57
633,174,20,57
632,174,20,57
631,174,20,57
630,174,20,57
628,174,20,57
627,174,20,57
626,174,20,57
624,174,20,57
623,174,20,57
622,174,20,57
621,175,20,57
619,175,20,57
618,175,20,57
617,175,20,57
615,175,20,57
614,175,20,57
613,175,20,57
612,175,20,57
610,175,20,57
609,175,20,57
608,175,20,57
606,176,20,57
605,176,20,57
604,176,20,57
603,176,20,57
601,176,20,57
600,176,20,57
599,176,20,57
597,176,20,57
596,176,20,57
595,176,20,57
594,176,20,57
592,176,20,57
591,177,20,57
590,177,20,57
588,177,20,57
587,177,20,57
586,177,20,57
585,177,20,57
583,177,20,57
582,177,20,57
581,177,20,57
579,177,20,57
578,177,20,57
577,177,20,57
576,178,20,57
574,178,20,57
573,178,20,57
572,178,20,57
570,178,20,57
569,178,20,57
568,178,20,57
567,178,20,57
565,178,20,57
564,178,20,57
563,178,20,57
562,178,20,57
560,178,20,57
559,178,20,57
558,178,20,57
557,178,20,57
556,178,20,57
554,178,20,57
553,178,20,57
552,178,20,57
551,178,20,57
549,178,20,57
548,178,20,57
547,178,20,57
546,178,20,57
545,178,20,57
543,178,20,57
542,178,20,57
541,178,20,57
540,178,20,57
538,178,20,57
537,178,20,57
536,178,20,57
535,178,20,57
534,178,20,57
532,178,20,57
531,178,20,57
530,178,20,57
529,178,20,57
527,178,20,57
526,178,20,57
525,178,20,57
524,178,20,57
523,178,20,57
521,178,20,57
520,178,20,57
519,178,20,57
518,178,20,57
516,178,20,57
515,178,20,57
514,178,20,57
513,178,20,57
512,178,20,57
510,178,20,57
509,178,20,57
508,178,20,57
507,178,20,57
505,178,20,57
504,178,20,57
503,178,20,57
502,178,20,57
501,178,20,57
499,178,20,57
498,178,20,57
497,178,20,57
496,178,20,57
494,178,20,57
493,178,20,57
492,178,20,57
491,178,20,57
490,178,20,57
488,178,20,57
487,178,20,57
486,178,20,57
485,178,20,57
484,178,20,57
482,178,20,57
481,178,20,57
480,178,20,57
479,178,20,57
477,178,20,57
476,178,20,57
475,178,20,57
474,178,20,57
473,178,20,57
471,178,20,57
470,178,20,57
469,178,20,57
468,178,20,57
466,178,20,57
465,178,20,57
464,178,20,57
463,178,20,57
462,178,20,57
460,178,20,57
459,178,20,57
458,178,20,57
457,179,20,57
456,179,20,57
454,179,20,57
453,179,20,57
452,179,20,57
451,179,20,57
450,179,20,57
448,179,20,57
447,179,20,57
446,179,20,57
445,180,20,57
444,180,20,57
442,180,20,57
441,180,20,57
440,180,20,57
439,180,20,57
438,180,20,57
436,180,20,57
435,180,20,57
434,180,20,57
433,181,20,57
432,181,20,57
430,181,20,57
429,181,20,57
428,181,20,57
427,181,20,57
426,181,20,57
424,181,20,57
423,181,20,57
422,181,20,57
421,182,20,57
420,182,20,57
419,182,20,57
417,182,20,57
416,182,20,57
415,182,20,57
414,182,20,57
413,182,20,57
411,182,20,57
410,182,20,57
409,183,20,57
408,183,20,57
407,183,20,57
405,183,20,57
404,183,20,57
403,183,20,57
402,183,20,57
401,183,20,57
399,183,20,57
398,183,20,57
397,184,20,57
396,184,20,57
395,184,20,57
393,184,20,57
392,184,20,57
391,184,20,57
390,184,20,57
389,184,20,57
387,184,20,57
386,184,20,57
385,184,20,57
384,185,20,57
382,185,20,57
381,185,20,57
379,185,20,57
378,185,20,57
377,185,20,57
375,185,20,57
374,185,20,57
373,185,20,57
371,185,20,57
370,185,20,57
369,185,20,57
367,185,20,57
366,185,20,57
365,185,20,57
363,185,20,57
362,185,20,57
360,185,20,57
359,185,20,57
358,185,20,57
356,185,20,57
355,185,20,57
354,185,20,57
352,185,20,57
351,185,20,57
350,185,20,57
348,185,20,57
347,186,20,57
346,186,20,57
344,186,20,57
343,186,20,57
342,186,20,57
340,186,20,57
339,186,20,57
337,186,20,57
336,186,20,57
335,186,20,57
333,186,20,57
332,186,20,57
331,186,20,57
329,186,20,57
328,186,20,57
327,186,20,57
326,186,20,57
325,186,20,57
323,186,20,57
322,186,20,57
321,186,20,57
320,186,20,57
318,186,20,57
317,186,20,57
316,186,20,57
315,186,20,57
314,186,20,57
312,186,20,57
311,185,20,57
310,185,20,57
309,185,20,57
307,185,20,57
306,185,20,57
305,185,20,57
304,185,20,57
303,185,20,57
301,185,20,57
300,185,20,57
299,185,20,57
298,185,20,57
296,185,20,57
295,185,20,57
294,185,20,57
293,185,20,57
292,185,20,57
290,185,20,57
289,185,20,57
288,185,20,57
287,185,20,57
285,185,20,57
284,185,20,57
283,185,20,57
282,185,20,57
281,185,20,57
279,185,20,57
278,185,20,57
277,185,20,57
276,185,20,57
274,185,20,57
273,184,20,57
272,184,20,57
271,185,20,57
269,185,20,57
268,185,20,57
266,185,20,57
265,185,20,57
264,186,20,57
262,186,20,57
261,186,20,57
259,186,20,57
258,186,20,57
257,186,20,57
255,187,20,57
254,187,20,57
252,187,20,57
251,187,20,57
250,187,20,57
248,188,20,57
247,188,20,57
245,188,20,57
244,188,20,57
243,188,20,57
241,188,20,57
240,189,20,57
239,189,20,57
237,189,20,57
236,189,20,57
234,189,20,57
233,190,20,57
232,190,20,57
230,190,20,57
229,190,20,57
227,190,20,57
226,191,20,57
225,191,20,57
223,191,20,57
222,191,20,57
220,191,20,57
219,191,20,57
218,192,20,57
216,192,20,57
215,192,20,57
213,192,20,57
212,192,20,57
211,193,20,57
209,193,20,57
208,193,20,57
206,193,20,57
205,194,20,57
203,194,20,57
202,194,20,57
201,194,20,57
199,195,20,57
198,195,20,57
196,195,20,57
195,195,20,57
193,195,20,57
192,196,20,57
191,196,20,57
189,196,20,57
188,196,20,57
186,197,20,57
185,197,20,57
183,197,20,57
182,197,20,57
181,198,20,57
179,198,20,57
178,198,20,57
176,198,20,57
175,199,20,57
173,199,20,57
172,199,20,57
171,199,20,57
169,200,20,57
168,200,20,57
166,200,20,57
165,200,20,57
164,200,20,57
162,201,20,57
161,201,20,57
159,201,20,57
158,201,20,57
156,201,20,57
155,201,20,57
153,201,20,57
152,201,20,57
150,201,20,57
148,201,20,57
147,201,20,57
145,201,20,57
144,201,20,57
142,201,20,57
140,201,20,57
139,201,20,57
137,201,20,57
136,201,20,57
134,201,20,57
133,201,20,57
131,201,20,57
129,201,20,57
128,201,20,57
126,201,20,57
125,201,20,57
123,201,20,57
122,201,20,57
120,201,20,57
118,201,20,57
117,201,20,57
115,201,20,57
114,201,20,57
112,201,20,57
111,201,20,57
109,201,20,57
107,201,20,57
106,201,20,57
104,201,20,57
103,201,20,57
101,201,20,57
100,201,20,57
98,201,20,57
96,201,20,57
95,201,20,57
93,201,20,57
92,201,20,57
90,201,20,57
89,201,20,57
87,201,20,57
85,201,20,57
84,201,20,57
82,201,20,57
81,201,20,57
79,201,20,57
78,201,20,57
76,201,20,57
75,201,20,57
73,201,20,57
72,201,20,57
70,201,20,57
69,201,20,57
67,200,20,57
66,200,20,57
64,200,20,57
63,200,20,57
61,200,20,57
60,200,20,57
58,200,20,57
57,200,20,57
55,200,20,57
54,200,20,57
52,199,20,57
51,199,20,57
49,199,20,57
48,199,20,57
46,199,20,57
45,199,20,57
43,199,20,57
42,199,20,57
40,199,20,57
39,199,20,57
37,198,20,57
36,198,20,57
34,198,20,57
32,198,20,57
30,198,20,57
28,198,20,57
26,198,20,57
24,198,20,57
21,198,20,57
19,198,20,57
17,197,20,57
15,197,20,57
13,197,20,57
11,197,20,57
9,197,20,57
7,197,20,57
5,197,20,57
