768,691,49,90
767,691,49,90
766,692,49,90
765,692,49,90
765,693,49,90
764,693,49,90
763,694,49,90
763,694,49,90
762,695,49,90
761,695,49,90
761,696,39,90
759,697,39,90
757,698,39,90
755,699,39,90
753,701,39,90
752,702,39,90
750,703,39,90
748,705,39,90
746,706,39,90
744,707,39,90
743,709,42,89
741,709,42,89
740,709,42,89
738,710,42,89
737,710,42,89
735,711,42,89
734,711,42,89
732,711,42,89
731,712,42,89
729,712,42,89
728,713,48,95
727,713,48,95
727,713,48,95
727,714,48,95
727,714,48,95
727,715,48,95
726,715,48,95
726,715,48,95
726,716,48,95
726,716,48,95
726,717,48,95
735,717,48,95
745,718,48,95
755,719,48,95
765,720,48,95
775,721,48,95
784,722,48,95
794,723,48,95
804,724,48,95
814,725,48,95
824,726,42,87
832,726,42,87
841,727,42,87
849,727,42,87
858,728,42,87
867,728,42,87
875,729,42,87
884,729,42,87
892,730,42,87
901,730,42,87
910,731,41,87
909,732,41,87
909,733,41,87
909,734,41,87
908,735,41,87
908,736,41,87
908,737,41,87
907,738,41,87
907,739,41,87
907,740,41,87
907,741,43,90
906,741,43,90
905,742,43,90
904,743,43,90
903,744,43,90
903,745,43,90
902,746,43,90
901,747,43,90
900,748,43,90
899,749,43,90
899,750,35,89
897,750,35,89
896,751,35,89
895,751,35,89
893,752,35,89
892,753,35,89
891,753,35,89
889,754,35,89
888,754,35,89
887,755,35,89
886,756,39,85
884,756,39,85
883,757,39,85
882,758,39,85
880,759,39,85
879,760,39,85
878,761,39,85
876,762,39,85
875,763,39,85
874,764,39,85
873,765,41,91
872,765,41,91
871,766,41,91
870,766,41,91
869,767,41,91
869,768,41,91
868,768,41,91
867,769,41,91
866,769,41,91
865,770,41,91
865,771,35,88
864,771,35,88
863,772,35,88
863,772,35,88
862,773,35,88
862,774,35,88
861,774,35,88
860,775,35,88
860,775,35,88
859,776,35,88
859,777,34,92
858,775,34,92
857,773,34,92
856,771,34,92
855,769,34,92
854,767,34,92
853,765,34,92
852,763,34,92
851,761,34,92
850,759,34,92
849,757,34,92
847,754,34,92
846,752,34,92
845,750,34,92
844,748,34,92
843,746,34,92
842,744,34,92
841,742,34,92
840,740,34,92
839,738,34,92
838,736,36,85
831,749,36,85
825,763,36,85
819,777,36,85
813,791,36,85
807,805,36,85
800,819,36,85
794,833,36,85
788,847,36,85
782,861,36,85
776,875,42,94
698,787,42,94
620,699,42,94
542,612,42,94
465,524,42,94
387,437,42,94
309,349,42,94
232,261,42,94
154,174,42,94
76,86,42,94
-1,-1,-1,-1
-1,-1,-1,-1
-1,-1,-1,-1
-1,-1,-1,-1
-1,-1,-1,-1
-1,-1,-1,-1
-1,-1,-1,-1
-1,-1,-1,-1
-1,-1,-1,-1
-1,-1,-1,-1
-1,-1,-1,-1
-1,-1,-1,-1
-1,-1,-1,-1
-1,-1,-1,-1
-1,-1,-1,-1
-1,-1,-1,-1
-1,-1,-1,-1
-1,-1,-1,-1
-1,-1,-1,-1
-1,-1,-1,-1
-1,-1,-1,-1
-1,-1,-1,-1
-1,-1,-1,-1
-1,-1,-1,-1
-1,-1,-1,-1
-1,-1,-1,-1
-1,-1,-1,-1
-1,-1,-1,-1
-1,-1,-1,-1
-1,-1,-1,-1
-1,-1,-1,-1
-1,-1,-1,-1
-1,-1,-1,-1
-1,-1,-1,-1
-1,-1,-1,-1
-1,-1,-1,-1
-1,-1,-1,-1
-1,-1,-1,-1
-1,-1,-1,-1
-1,-1,-1,-1
-1,-1,-1,-1
-1,-1,-1,-1
-1,-1,-1,-1
-1,-1,-1,-1
-1,-1,-1,-1
-1,-1,-1,-1
-1,-1,-1,-1
-1,-1,-1,-1
-1,-1,-1,-1
-1,-1,-1,-1
-1,-1,-1,-1
-1,-1,-1,-1
-1,-1,-1,-1
-1,-1,-1,-1
-1,-1,-1,-1
-1,-1,-1,-1
-1,-1,-1,-1
-1,-1,-1,-1
-1,-1,-1,-1
-1,-1,-1,-1
-1,-1,-1,-1
-1,-1,-1,-1
-1,-1,-1,-1
-1,-1,-1,-1
-1,-1,-1,-1
-1,-1,-1,-1
-1,-1,-1,-1
-1,-1,-1,-1
-1,-1,-1,-1
-1,-1,-1,-1
-1,-1,-1,-1
-1,-1,-1,-1
-1,-1,-1,-1
-1,-1,-1,-1
-1,-1,-1,-1
-1,-1,-1,-1
-1,-1,-1,-1
-1,-1,-1,-1
-1,-1,-1,-1
-1,-1,-1,-1
-1,-1,-1,-1
-1,-1,-1,-1
-1,-1,-1,-1
-1,-1,-1,-1
-1,-1,-1,-1
-1,-1,-1,-1
-1,-1,-1,-1
-1,-1,-1,-1
-1,-1,-1,-1
-1,-1,-1,-1
-1,-1,-1,-1
101,80,-1,-1
204,162,-1,-1
307,244,-1,-1
409,325,-1,-1
512,407,-1,-1
615,489,-1,-1
717,570,-1,-1
820,652,-1,-1
923,734,-1,-1
1026,816,42,94
1028,815,42,94
1031,815,42,94
1033,815,42,94
1036,815,42,94
1039,815,42,94
1041,815,42,94
1044,815,42,94
1046,815,42,94
1049,815,42,94
1052,815,42,94
1054,814,42,94
1057,814,42,94
1059,813,42,94
1062,813,42,94
1064,812,42,94
1067,812,42,94
1069,811,42,94
1072,811,42,94
1074,810,42,94
1077,810,38,92
1077,809,38,92
1078,809,38,92
1078,809,38,92
1079,809,38,92
1079,809,38,92
1080,809,38,92
1080,809,38,92
1081,809,38,92
1081,809,38,92
1082,809,55,88
1084,808,55,88
1086,808,55,88
1089,807,55,88
1091,807,55,88
1094,807,55,88
1096,806,55,88
1098,806,55,88
1101,805,55,88
1103,805,55,88
1106,805,42,91
1106,805,42,91
1107,805,42,91
1108,805,42,91
1109,805,42,91
1110,805,42,91
1111,805,42,91
1112,805,42,91
1113,805,42,91
1114,805,42,91
1115,805,42,91
1114,805,42,91
1113,805,42,91
1112,805,42,91
1111,805,42,91
1110,806,42,91
1109,806,42,91
1108,806,42,91
1107,806,42,91
1106,806,42,91
1106,807,58,87
1107,806,58,87
1108,806,58,87
1109,806,58,87
1111,806,58,87
1112,806,58,87
1113,805,58,87
1115,805,58,87
1116,805,58,87
1117,805,58,87
1119,805,39,87
1118,805,39,87
1117,805,39,87
1116,806,39,87
1116,806,39,87
1115,807,39,87
1114,807,39,87
1114,807,39,87
1113,808,39,87
1112,808,39,87
1112,809,33,86
1110,808,33,86
1109,808,33,86
1107,808,33,86
1106,808,33,86
1104,808,33,86
1103,807,33,86
1101,807,33,86
1100,807,33,86
1098,807,33,86
1097,807,33,86
1095,806,33,86
1094,806,33,86
1093,806,33,86
1092,806,33,86
1091,806,33,86
1090,805,33,86
1089,805,33,86
1088,805,33,86
1087,805,33,86
1086,805,33,86
1083,805,33,86
1080,805,33,86
1077,806,33,86
1075,806,33,86
1072,807,33,86
1069,807,33,86
1067,807,33,86
1064,808,33,86
1061,808,33,86
1059,809,56,91
1059,808,56,91
1059,808,56,91
1059,808,56,91
1059,808,56,91
1060,808,56,91
1060,807,56,91
1060,807,56,91
1060,807,56,91
1060,807,56,91
1061,807,34,90
1058,806,34,90
1055,806,34,90
1052,806,34,90
1049,806,34,90
1046,806,34,90
1043,806,34,90
1040,806,34,90
1037,806,34,90
1034,806,34,90
1031,806,56,90
1031,806,56,90
1032,806,56,90
1032,806,56,90
1033,806,56,90
1034,806,56,90
1034,806,56,90
1035,806,56,90
1035,806,56,90
1036,806,56,90
1037,806,46,88
1035,806,46,88
1034,806,46,88
1032,806,46,88
1031,806,46,88
1029,806,46,88
1028,806,46,88
1026,806,46,88
1025,806,46,88
1023,806,46,88
1022,807,46,88
1021,806,46,88
1021,806,46,88
1020,806,46,88
1020,805,46,88
1020,805,46,88
1019,805,46,88
1019,804,46,88
1018,804,46,88
1018,804,46,88
1018,804,59,89
1019,803,59,89
1020,802,59,89
1022,802,59,89
1023,801,59,89
1025,801,59,89
1026,800,59,89
1027,799,59,89
1029,799,59,89
1030,798,59,89
1032,798,37,92
1030,798,37,92
1029,799,37,92
1027,799,37,92
1026,800,37,92
1024,800,37,92
1023,801,37,92
1021,801,37,92
1020,802,37,92
1018,802,37,92
1017,803,61,85
1018,802,61,85
1019,802,61,85
1020,801,61,85
1021,801,61,85
1023,800,61,85
1024,800,61,85
1025,799,61,85
1026,799,61,85
1027,798,61,85
1029,798,42,85
1029,797,42,85
1030,796,42,85
1031,795,42,85
1031,794,42,85
1032,794,42,85
1033,793,42,85
1033,792,42,85
1034,791,42,85
1035,790,42,85
1036,790,42,85
1036,789,42,85
1036,788,42,85
1036,788,42,85
1036,787,42,85
1037,787,42,85
1037,786,42,85
1037,785,42,85
1037,785,42,85
1037,784,42,85
1038,784,61,89
1039,783,61,89
1041,782,61,89
1042,782,61,89
1044,781,61,89
1045,781,61,89
1047,780,61,89
1048,779,61,89
1050,779,61,89
1051,778,61,89
1053,778,44,86
1052,777,44,86
1051,777,44,86
1051,777,44,86
1050,776,44,86
1050,776,44,86
1049,776,44,86
1048,775,44,86
1048,775,44,86
1047,775,44,86
1047,775,51,94
1048,774,51,94
1049,773,51,94
1050,772,51,94
1051,771,51,94
1052,771,51,94
1053,770,51,94
1054,769,51,94
1055,768,51,94
1056,767,51,94
1057,767,39,87
1055,766,39,87
1053,766,39,87
1051,766,39,87
1050,766,39,87
1048,766,39,87
1046,765,39,87
1045,765,39,87
1043,765,39,87
1041,765,39,87
1040,765,54,84
1039,764,54,84
1039,763,54,84
1039,762,54,84
1038,761,54,84
1038,761,54,84
1038,760,54,84
1037,759,54,84
1037,758,54,84
1037,757,54,84
1037,757,46,91
1036,756,46,91
1035,755,46,91
1034,754,46,91
1033,753,46,91
1033,752,46,91
1032,751,46,91
1031,750,46,91
1030,749,46,91
1029,748,46,91
1029,748,36,89
1025,748,36,89
1022,748,36,89
1019,748,36,89
1016,749,36,89
1013,749,36,89
1009,749,36,89
1006,750,36,89
1003,750,36,89
1000,750,36,89
997,751,59,81
996,750,59,81
996,750,59,81
996,749,59,81
996,749,59,81
996,748,59,81
995,748,59,81
995,747,59,81
995,747,59,81
995,746,59,81
995,746,45,84
992,745,45,84
990,745,45,84
988,745,45,84
986,745,45,84
984,745,45,84
982,744,45,84
980,744,45,84
978,744,45,84
976,744,45,84
974,744,52,88
972,743,52,88
971,742,52,88
970,742,52,88
969,741,52,88
968,741,52,88
966,740,52,88
965,739,52,88
964,739,52,88
963,738,52,88
962,738,57,90
961,737,57,90
960,736,57,90
959,736,57,90
958,735,57,90
957,735,57,90
956,734,57,90
955,733,57,90
954,733,57,90
953,732,57,90
952,732,50,92
951,731,50,92
951,731,50,92
950,730,50,92
950,730,50,92
949,730,50,92
949,729,50,92
948,729,50,92
948,728,50,92
947,728,50,92
947,728,50,92
948,726,50,92
949,725,50,92
950,723,50,92
951,722,50,92
952,721,50,92
953,719,50,92
954,718,50,92
955,716,50,92
956,715,50,92
958,714,43,95
958,713,43,95
959,713,43,95
960,713,43,95
960,712,43,95
961,712,43,95
962,712,43,95
962,711,43,95
963,711,43,95
964,711,43,95
965,711,54,95
967,710,54,95
969,709,54,95
971,708,54,95
973,707,54,95
975,706,54,95
977,705,54,95
979,704,54,95
981,703,54,95
983,702,54,95
985,702,46,95
986,701,46,95
988,700,46,95
989,699,46,95
991,699,46,95
992,698,46,95
994,697,46,95
995,697,46,95
997,696,46,95
998,695,46,95
1000,695,46,96
1000,694,46,96
1001,694,46,96
1001,694,46,96
1002,694,46,96
1002,694,46,96
1003,694,46,96
1003,694,46,96
1004,694,46,96
1004,694,46,96
1005,694,45,92
904,624,45,92
803,555,45,92
703,485,45,92
602,416,45,92
502,346,45,92
401,277,45,92
300,207,45,92
200,138,45,92
99,68,45,92
-1,-1,-1,-1
-1,-1,-1,-1
-1,-1,-1,-1
-1,-1,-1,-1
-1,-1,-1,-1
-1,-1,-1,-1
-1,-1,-1,-1
-1,-1,-1,-1
-1,-1,-1,-1
-1,-1,-1,-1
-1,-1,-1,-1
-1,-1,-1,-1
-1,-1,-1,-1
-1,-1,-1,-1
-1,-1,-1,-1
-1,-1,-1,-1
-1,-1,-1,-1
-1,-1,-1,-1
-1,-1,-1,-1
-1,-1,-1,-1
-1,-1,-1,-1
-1,-1,-1,-1
-1,-1,-1,-1
-1,-1,-1,-1
-1,-1,-1,-1
-1,-1,-1,-1
-1,-1,-1,-1
-1,-1,-1,-1
-1,-1,-1,-1
-1,-1,-1,-1
-1,-1,-1,-1
-1,-1,-1,-1
-1,-1,-1,-1
-1,-1,-1,-1
-1,-1,-1,-1
-1,-1,-1,-1
-1,-1,-1,-1
-1,-1,-1,-1
-1,-1,-1,-1
-1,-1,-1,-1
-1,-1,-1,-1
-1,-1,-1,-1
-1,-1,-1,-1
-1,-1,-1,-1
-1,-1,-1,-1
-1,-1,-1,-1
-1,-1,-1,-1
-1,-1,-1,-1
-1,-1,-1,-1
-1,-1,-1,-1
-1,-1,-1,-1
-1,-1,-1,-1
-1,-1,-1,-1
-1,-1,-1,-1
-1,-1,-1,-1
-1,-1,-1,-1
-1,-1,-1,-1
-1,-1,-1,-1
-1,-1,-1,-1
-1,-1,-1,-1
-1,-1,-1,-1
-1,-1,-1,-1
-1,-1,-1,-1
-1,-1,-1,-1
-1,-1,-1,-1
-1,-1,-1,-1
-1,-1,-1,-1
-1,-1,-1,-1
-1,-1,-1,-1
-1,-1,-1,-1
-1,-1,-1,-1
-1,-1,-1,-1
-1,-1,-1,-1
-1,-1,-1,-1
-1,-1,-1,-1
-1,-1,-1,-1
-1,-1,-1,-1
-1,-1,-1,-1
-1,-1,-1,-1
-1,-1,-1,-1
-1,-1,-1,-1
109,62,-1,-1
219,125,-1,-1
329,188,-1,-1
439,251,-1,-1
549,315,-1,-1
659,378,-1,-1
769,441,-1,-1
879,504,-1,-1
989,567,-1,-1
1099,631,45,92
1102,628,45,92
1106,625,45,92
1109,623,45,92
1113,620,45,92
1116,618,45,92
1120,615,45,92
1123,612,45,92
1127,610,45,92
1130,607,45,92
1134,605,36,92
1131,606,36,92
1128,607,36,92
1125,608,36,92
1123,609,36,92
1120,610,36,92
1117,611,36,92
1115,612,36,92
1112,613,36,92
1109,614,36,92
1107,615,43,89
1104,615,43,89
1102,616,43,89
1100,617,43,89
1098,618,43,89
1096,619,43,89
1093,619,43,89
1091,620,43,89
1089,621,43,89
1087,622,43,89
1085,623,43,89
1083,622,43,89
1082,622,43,89
1080,622,43,89
1079,622,43,89
1077,622,43,89
1076,621,43,89
1074,621,43,89
1073,621,43,89
1071,621,43,89
1070,621,38,90
1067,622,38,90
1065,623,38,90
1063,624,38,90
1060,625,38,90
1058,627,38,90
1056,628,38,90
1053,629,38,90
1051,630,38,90
1049,631,38,90
1047,633,47,88
1045,633,47,88
1044,634,47,88
1043,634,47,88
1041,635,47,88
1040,636,47,88
1039,636,47,88
1037,637,47,88
1036,637,47,88
1035,638,47,88
1034,639,45,86
1032,639,45,86
1030,639,45,86
1028,639,45,86
1026,640,45,86
1024,640,45,86
1022,640,45,86
1020,641,45,86
1018,641,45,86
1016,641,45,86
1014,642,43,81
1011,642,43,81
1009,642,43,81
1006,642,43,81
1004,642,43,81
1001,642,43,81
999,642,43,81
996,642,43,81
994,642,43,81
991,642,43,81
989,643,50,91
988,643,50,91
987,643,50,91
986,643,50,91
985,643,50,91
984,643,50,91
983,643,50,91
982,643,50,91
981,643,50,91
980,643,50,91
980,643,41,92
978,643,41,92
977,644,41,92
975,644,41,92
974,645,41,92
973,646,41,92
971,646,41,92
970,647,41,92
968,647,41,92
967,648,41,92
966,649,41,92
964,648,41,92
963,648,41,92
962,647,41,92
961,647,41,92
960,647,41,92
959,646,41,92
958,646,41,92
957,645,41,92
956,645,41,92
955,645,41,92
953,644,41,92
952,644,41,92
950,644,41,92
949,644,41,92
947,644,41,92
946,643,41,92
944,643,41,92
943,643,41,92
941,643,41,92
940,643,41,92
938,643,41,92
937,643,41,92
936,644,41,92
934,644,41,92
933,645,41,92
932,645,41,92
930,645,41,92
929,646,41,92
928,646,41,92
927,647,41,92
925,646,41,92
924,646,41,92
923,646,41,92
921,646,41,92
920,646,41,92
919,645,41,92
917,645,41,92
916,645,41,92
915,645,41,92
914,645,41,92
913,645,41,92
912,645,41,92
911,645,41,92
910,645,41,92
909,645,41,92
908,645,41,92
907,645,41,92
906,645,41,92
905,645,41,92
904,645,41,92
903,644,41,92
902,644,41,92
901,643,41,92
900,643,41,92
899,643,41,92
898,642,41,92
897,642,41,92
896,641,41,92
895,641,41,92
895,641,41,92
894,640,41,92
893,640,41,92
892,639,41,92
892,639,41,92
891,639,41,92
890,638,41,92
890,638,41,92
889,637,41,92
888,637,41,92
888,637,41,92
886,637,41,92
885,637,41,92
883,637,41,92
882,637,41,92
881,637,41,92
879,637,41,92
878,637,41,92
876,637,41,92
875,637,41,92
874,638,41,92
872,637,41,92
871,637,41,92
870,636,41,92
869,636,41,92
868,636,41,92
866,635,41,92
865,635,41,92
864,634,41,92
863,634,41,92
862,634,41,92
860,634,41,92
859,634,41,92
857,634,41,92
856,634,41,92
854,634,41,92
853,634,41,92
851,634,41,92
850,634,41,92
848,634,41,92
847,635,41,92
844,634,41,92
842,634,41,92
839,634,41,92
837,634,41,92
835,634,41,92
832,633,41,92
830,633,41,92
827,633,41,92
825,633,41,92
823,633,46,93
821,632,46,93
820,632,46,93
819,632,46,93
818,632,46,93
817,632,46,93
815,631,46,93
814,631,46,93
813,631,46,93
812,631,46,93
811,631,40,89
808,631,40,89
806,632,40,89
804,633,40,89
801,634,40,89
799,635,40,89
797,636,40,89
794,637,40,89
792,638,40,89
790,639,40,89
788,640,40,89
786,640,40,89
784,640,40,89
782,640,40,89
780,640,40,89
778,640,40,89
776,640,40,89
774,640,40,89
772,640,40,89
770,640,40,89
769,640,40,89
766,640,40,89
764,640,40,89
762,641,40,89
760,641,40,89
758,642,40,89
756,642,40,89
754,642,40,89
752,643,40,89
750,643,40,89
748,644,40,89
744,644,40,89
741,645,40,89
738,646,40,89
735,647,40,89
732,648,40,89
729,649,40,89
726,650,40,89
723,651,40,89
720,652,40,89
717,653,40,89
713,653,40,89
710,653,40,89
706,653,40,89
703,653,40,89
700,653,40,89
696,653,40,89
693,653,40,89
689,653,40,89
686,653,40,89
683,654,40,89
680,655,40,89
678,656,40,89
676,657,40,89
674,658,40,89
672,659,40,89
669,660,40,89
667,661,40,89
665,662,40,89
663,663,40,89
661,665,40,89
658,665,40,89
655,665,40,89
652,665,40,89
649,666,40,89
647,666,40,89
644,666,40,89
641,667,40,89
638,667,40,89
635,667,40,89
633,668,40,89
630,668,40,89
627,668,40,89
624,668,40,89
622,668,40,89
619,669,40,89
616,669,40,89
614,669,40,89
611,669,40,89
608,669,40,89
606,670,40,89
603,670,40,89
601,670,40,89
599,670,40,89
597,670,40,89
595,670,40,89
592,670,40,89
590,670,40,89
588,670,40,89
586,670,40,89
584,670,40,89
581,670,40,89
579,671,40,89
576,672,40,89
574,672,40,89
571,673,40,89
569,674,40,89
566,674,40,89
564,675,40,89
561,676,40,89
559,677,40,89
556,677,40,89
554,678,40,89
551,678,40,89
549,679,40,89
547,679,40,89
544,680,40,89
542,680,40,89
539,681,40,89
537,681,40,89
535,682,40,89
533,682,40,89
531,683,40,89
529,683,40,89
527,684,40,89
525,684,40,89
523,685,40,89
521,685,40,89
519,686,40,89
517,686,40,89
515,687,40,89
463,618,40,89
411,549,40,89
360,480,40,89
308,411,40,89
257,343,40,89
205,274,40,89
153,205,40,89
102,136,40,89
50,67,40,89
-1,-1,-1,-1
-1,-1,-1,-1
-1,-1,-1,-1
-1,-1,-1,-1
-1,-1,-1,-1
-1,-1,-1,-1
-1,-1,-1,-1
-1,-1,-1,-1
-1,-1,-1,-1
-1,-1,-1,-1
-1,-1,-1,-1
-1,-1,-1,-1
-1,-1,-1,-1
-1,-1,-1,-1
-1,-1,-1,-1
-1,-1,-1,-1
-1,-1,-1,-1
-1,-1,-1,-1
-1,-1,-1,-1
-1,-1,-1,-1
-1,-1,-1,-1
46,71,-1,-1
93,144,-1,-1
140,217,-1,-1
187,290,-1,-1
234,363,-1,-1
281,435,-1,-1
328,508,-1,-1
375,581,-1,-1
422,654,-1,-1
470,727,41,89
469,727,41,89
469,728,41,89
469,728,41,89
468,729,41,89
468,729,41,89
468,730,41,89
467,730,41,89
467,731,41,89
467,731,41,89
467,732,41,89
470,733,41,89
473,734,41,89
477,735,41,89
480,737,41,89
484,738,41,89
487,739,41,89
490,741,41,89
494,742,41,89
497,743,41,89
501,745,40,89
507,745,40,89
513,745,40,89
519,745,40,89
525,745,40,89
531,746,40,89
537,746,40,89
543,746,40,89
549,746,40,89
555,746,40,89
562,747,40,89
563,748,40,89
564,749,40,89
565,750,40,89
566,752,40,89
567,753,40,89
568,754,40,89
569,756,40,89
570,757,40,89
571,758,40,89
573,760,40,89
572,761,40,89
571,763,40,89
571,764,40,89
570,766,40,89
570,767,40,89
569,769,40,89
568,770,40,89
568,772,40,89
567,773,40,89
567,775,45,89
566,775,45,89
566,776,45,89
566,777,45,89
566,778,45,89
566,779,45,89
566,780,45,89
566,781,45,89
566,782,45,89
566,783,45,89
566,784,45,89
566,785,45,89
566,786,45,89
566,787,45,89
566,789,45,89
567,790,45,89
567,791,45,89
567,793,45,89
567,794,45,89
567,795,45,89
568,797,45,89
568,798,45,89
568,799,45,89
568,800,45,89
568,801,45,89
568,802,45,89
568,803,45,89
568,804,45,89
568,805,45,89
568,806,45,89
568,807,45,89
568,808,45,89
568,809,45,89
568,810,45,89
568,811,45,89
569,812,45,89
569,813,45,89
569,814,45,89
569,815,45,89
569,816,45,89
570,818,45,89
570,819,45,89
571,820,45,89
571,821,45,89
572,822,45,89
572,823,45,89
573,824,45,89
573,825,45,89
574,826,45,89
574,827,45,89
575,828,45,89
575,828,45,89
576,829,45,89
576,830,45,89
577,831,45,89
577,832,45,89
578,832,45,89
578,833,45,89
579,834,45,89
579,835,45,89
580,836,45,89
580,837,45,89
580,838,45,89
580,839,45,89
580,840,45,89
581,842,45,89
581,843,45,89
581,844,45,89
581,845,45,89
581,846,45,89
582,848,45,89
582,848,45,89
582,848,45,89
582,848,45,89
583,849,45,89
583,849,45,89
583,849,45,89
584,850,45,89
584,850,45,89
584,850,45,89
585,851,45,89
585,852,45,89
586,853,45,89
587,854,45,89
588,855,45,89
589,856,45,89
590,857,45,89
591,858,45,89
592,859,45,89
593,860,45,89
594,862,45,89
594,862,45,89
594,863,45,89
594,864,45,89
594,864,45,89
594,865,45,89
594,866,45,89
594,866,45,89
594,867,45,89
594,868,45,89
594,869,48,92
594,868,48,92
594,868,48,92
594,868,48,92
595,868,48,92
595,868,48,92
595,868,48,92
596,868,48,92
596,868,48,92
596,868,48,92
597,868,48,92
597,869,48,92
598,871,48,92
598,872,48,92
599,874,48,92
599,875,48,92
600,877,48,92
600,878,48,92
601,880,48,92
601,881,48,92
602,883,48,92
602,883,48,92
602,883,48,92
602,884,48,92
603,884,48,92
603,885,48,92
603,885,48,92
604,885,48,92
604,886,48,92
604,886,48,92
605,887,48,92
605,887,48,92
605,887,48,92
605,887,48,92
605,887,48,92
605,888,48,92
605,888,48,92
605,888,48,92
605,888,48,92
605,888,48,92
606,889,48,92
605,889,48,92
605,889,48,92
605,889,48,92
605,889,48,92
605,889,48,92
604,889,48,92
604,889,48,92
604,889,48,92
604,889,48,92
604,890,48,92
604,890,48,92
604,891,48,92
604,892,48,92
605,893,48,92
605,894,48,92
605,894,48,92
606,895,48,92
606,896,48,92
606,897,48,92
607,898,48,92
607,898,48,92
607,898,48,92
607,899,48,92
607,899,48,92
607,900,48,92
607,900,48,92
607,900,48,92
607,901,48,92
607,901,48,92
607,902,48,92
546,811,48,92
485,721,48,92
424,631,48,92
363,540,48,92
303,450,48,92
242,360,48,92
181,269,48,92
120,179,48,92
59,89,48,92
-1,-1,-1,-1
-1,-1,-1,-1
-1,-1,-1,-1
-1,-1,-1,-1
-1,-1,-1,-1
-1,-1,-1,-1
-1,-1,-1,-1
-1,-1,-1,-1
-1,-1,-1,-1
-1,-1,-1,-1
-1,-1,-1,-1
75,79,-1,-1
151,159,-1,-1
227,239,-1,-1
303,319,-1,-1
380,399,-1,-1
456,479,-1,-1
532,559,-1,-1
608,639,-1,-1
684,719,-1,-1
761,800,48,92
762,798,48,92
764,797,48,92
766,796,48,92
768,794,48,92
770,793,48,92
771,792,48,92
773,790,48,92
775,789,48,92
777,788,48,92
779,787,48,92
781,786,48,92
783,786,48,92
786,785,48,92
788,785,48,92
791,785,48,92
793,784,48,92
795,784,48,92
798,783,48,92
800,783,48,92
803,783,48,92
805,781,48,92
807,780,48,92
809,779,48,92
811,778,48,92
813,777,48,92
815,776,48,92
817,775,48,92
819,774,48,92
821,773,48,92
823,772,48,92
824,772,48,92
826,772,48,92
827,772,48,92
829,772,48,92
831,772,48,92
832,772,48,92
834,772,48,92
835,772,48,92
837,772,48,92
839,772,48,92
840,771,48,92
842,770,48,92
844,769,48,92
846,769,48,92
848,768,48,92
850,767,48,92
852,767,48,92
854,766,48,92
856,765,48,92
858,765,48,92
859,764,48,92
861,763,48,92
863,763,48,92
865,762,48,92
867,762,48,92
868,761,48,92
870,760,48,92
872,760,48,92
874,759,48,92
876,759,48,92
876,758,48,92
877,758,48,92
878,758,48,92
878,758,48,92
879,758,48,92
880,757,48,92
880,757,48,92
881,757,48,92
882,757,48,92
883,757,48,92
883,756,48,92
883,756,48,92
883,756,48,92
884,756,48,92
884,756,48,92
884,755,48,92
885,755,48,92
885,755,48,92
885,755,48,92
886,755,48,92
885,754,48,92
885,754,48,92
884,754,48,92
884,754,48,92
883,754,48,92
883,753,48,92
882,753,48,92
882,753,48,92
881,753,48,92
881,753,48,92
880,752,48,92
880,752,48,92
879,752,48,92
879,752,48,92
878,752,48,92
878,751,48,92
877,751,48,92
877,751,48,92
876,751,48,92
876,751,48,92
874,750,48,92
873,750,48,92
871,750,48,92
870,750,48,92
869,750,48,92
867,749,48,92
866,749,48,92
864,749,48,92
863,749,48,92
862,749,48,92
860,748,48,92
859,748,48,92
858,748,48,92
857,747,48,92
856,747,48,92
854,747,48,92
853,746,48,92
852,746,48,92
851,746,48,92
850,746,56,93
850,745,56,93
850,745,56,93
850,745,56,93
850,745,56,93
850,745,56,93
850,744,56,93
850,744,56,93
850,744,56,93
850,744,56,93
851,744,37,93
848,743,37,93
845,743,37,93
843,743,37,93
840,743,37,93
838,743,37,93
835,743,37,93
832,743,37,93
830,743,37,93
827,743,37,93
825,743,56,94
825,742,56,94
825,742,56,94
825,742,56,94
825,742,56,94
825,742,56,94
825,741,56,94
825,741,56,94
825,741,56,94
825,741,56,94
826,741,51,94
824,740,51,94
823,740,51,94
822,740,51,94
821,739,51,94
820,739,51,94
819,739,51,94
818,738,51,94
817,738,51,94
816,738,51,94
815,738,46,90
814,738,46,90
813,738,46,90
812,739,46,90
811,739,46,90
810,740,46,90
809,740,46,90
808,740,46,90
807,741,46,90
806,741,46,90
805,742,67,84
806,741,67,84
808,741,67,84
809,740,67,84
811,740,67,84
812,739,67,84
814,739,67,84
815,738,67,84
817,738,67,84
818,737,67,84
820,737,37,94
818,736,37,94
816,736,37,94
814,735,37,94
812,735,37,94
810,735,37,94
808,734,37,94
806,734,37,94
804,733,37,94
802,733,37,94
801,733,58,88
802,732,58,88
803,732,58,88
804,732,58,88
805,732,58,88
807,732,58,88
808,732,58,88
809,732,58,88
810,732,58,88
811,732,58,88
813,732,49,85
812,732,49,85
812,732,49,85
812,732,49,85
811,732,49,85
811,732,49,85
811,732,49,85
810,732,49,85
810,732,49,85
810,732,49,85
810,732,48,88
810,731,48,88
810,731,48,88
810,731,48,88
810,730,48,88
810,730,48,88
810,730,48,88
810,729,48,88
810,729,48,88
810,729,48,88
810,729,62,87
812,728,62,87
814,727,62,87
816,727,62,87
818,726,62,87
820,726,62,87
822,725,62,87
824,724,62,87
826,724,62,87
828,723,62,87
830,723,37,85
828,722,37,85
827,722,37,85
825,722,37,85
824,721,37,85
822,721,37,85
821,721,37,85
819,720,37,85
818,720,37,85
816,720,37,85
815,720,59,86
816,719,59,86
817,719,59,86
818,718,59,86
820,718,59,86
821,717,59,86
822,717,59,86
824,716,59,86
825,716,59,86
826,715,59,86
828,715,46,86
828,714,46,86
828,714,46,86
829,714,46,86
829,713,46,86
830,713,46,86
830,713,46,86
830,712,46,86
831,712,46,86
831,712,46,86
832,712,43,85
833,711,43,85
834,711,43,85
835,710,43,85
836,710,43,85
837,710,43,85
838,709,43,85
839,709,43,85
840,708,43,85
841,708,43,85
843,708,51,89
843,707,51,89
844,707,51,89
845,706,51,89
845,706,51,89
846,705,51,89
847,705,51,89
847,704,51,89
848,704,51,89
849,703,51,89
850,703,48,90
850,702,48,90
851,702,48,90
852,702,48,90
853,702,48,90
854,702,48,90
854,701,48,90
855,701,48,90
856,701,48,90
857,701,48,90
858,701,37,87
857,701,37,87
857,701,37,87
857,701,37,87
857,701,37,87
857,701,37,87
857,701,37,87
857,701,37,87
857,701,37,87
857,701,37,87
857,702,37,87
856,701,37,87
856,701,37,87
856,701,37,87
856,701,37,87
856,701,37,87
855,700,37,87
855,700,37,87
855,700,37,87
855,700,37,87
855,700,37,87
855,700,37,87
855,700,37,87
855,701,37,87
855,701,37,87
855,702,37,87
855,702,37,87
855,702,37,87
855,703,37,87
855,703,37,87
855,704,37,87
854,704,37,87
854,705,37,87
854,705,37,87
854,706,37,87
854,707,37,87
853,707,37,87
853,708,37,87
853,708,37,87
853,709,37,87
853,710,37,87
853,710,37,87
853,711,37,87
853,712,37,87
853,712,37,87
854,713,37,87
854,714,37,87
854,714,37,87
854,715,37,87
854,716,37,87
855,717,37,87
855,717,37,87
855,718,37,87
855,718,37,87
855,719,37,87
855,719,37,87
855,720,37,87
855,720,37,87
855,721,37,87
855,721,37,87
855,722,37,87
855,722,37,87
855,723,37,87
855,724,37,87
855,724,37,87
855,725,37,87
855,726,37,87
855,726,37,87
855,727,37,87
855,728,37,87
855,729,37,87
855,729,37,87
855,729,37,87
855,730,37,87
855,730,37,87
856,731,37,87
856,731,37,87
856,731,37,87
856,732,37,87
856,732,37,87
857,733,37,87
856,733,37,87
856,733,37,87
856,734,37,87
856,734,37,87
856,735,37,87
856,735,37,87
856,735,37,87
856,736,37,87
856,736,37,87
856,737,37,87
855,737,37,87
855,738,37,87
855,739,37,87
855,739,37,87
855,740,37,87
854,741,37,87
854,741,37,87
854,742,37,87
854,743,37,87
854,744,37,87
854,742,37,87
854,741,37,87
854,740,37,87
854,738,37,87
855,737,37,87
855,736,37,87
855,734,37,87
855,733,37,87
855,732,37,87
856,731,37,87
856,726,37,87
856,721,37,87
856,717,37,87
857,712,37,87
857,708,37,87
857,703,37,87
858,698,37,87
858,694,37,87
858,689,37,87
859,685,37,87
859,678,37,87
859,672,37,87
859,666,37,87
860,660,37,87
860,654,37,87
860,647,37,87
861,641,37,87
861,635,37,87
861,629,37,87
862,623,37,87
862,616,37,87
862,610,37,87
863,604,37,87
863,598,37,87
864,592,37,87
864,586,37,87
864,580,37,87
865,574,37,87
865,568,37,87
866,562,37,87
866,556,37,87
866,551,37,87
867,546,37,87
867,541,37,87
868,536,37,87
868,530,37,87
868,525,37,87
869,520,37,87
869,515,37,87
870,510,37,87
869,508,37,87
869,506,37,87
869,504,37,87
869,503,37,87
869,501,37,87
869,499,37,87
869,498,37,87
869,496,37,87
869,494,37,87
869,493,37,87
869,491,37,87
869,490,37,87
869,489,37,87
869,487,37,87
869,486,37,87
869,485,37,87
869,483,37,87
869,482,37,87
869,481,37,87
869,480,37,87
869,478,37,87
869,477,37,87
869,475,37,87
869,474,37,87
869,472,37,87
869,471,37,87
869,469,37,87
869,468,37,87
869,466,37,87
870,465,37,87
870,465,37,87
870,465,37,87
870,465,37,87
870,465,37,87
870,465,37,87
870,465,37,87
870,465,37,87
870,465,37,87
870,465,37,87
871,465,37,87
871,465,37,87
871,465,37,87
871,465,37,87
871,466,37,87
871,466,37,87
871,466,37,87
871,467,37,87
871,467,37,87
871,467,37,87
872,468,37,87
873,468,37,87
874,469,37,87
875,469,37,87
876,470,37,87
877,471,37,87
878,471,37,87
879,472,37,87
880,472,37,87
881,473,37,87
883,474,37,87
882,473,37,87
882,473,37,87
882,473,37,87
882,473,37,87
882,473,37,87
881,473,37,87
881,473,37,87
881,473,37,87
881,473,37,87
881,473,44,92
882,472,44,92
884,472,44,92
886,472,44,92
887,471,44,92
889,471,44,92
891,471,44,92
892,470,44,92
894,470,44,92
896,470,44,92
898,470,44,92
898,470,44,92
898,470,44,92
899,470,44,92
899,470,44,92
900,470,44,92
900,470,44,92
900,470,44,92
901,470,44,92
901,470,44,92
902,470,58,88
905,469,58,88
908,469,58,88
911,468,58,88
914,468,58,88
918,467,58,88
921,467,58,88
924,466,58,88
927,466,58,88
930,465,58,88
934,465,40,93
934,465,40,93
935,465,40,93
936,465,40,93
937,465,40,93
938,466,40,93
939,466,40,93
940,466,40,93
941,466,40,93
942,466,40,93
943,467,48,91
945,466,48,91
947,466,48,91
949,465,48,91
951,465,48,91
953,464,48,91
955,464,48,91
957,463,48,91
959,463,48,91
961,462,48,91
964,462,38,90
964,462,38,90
965,462,38,90
966,462,38,90
967,462,38,90
968,463,38,90
969,463,38,90
970,463,38,90
971,463,38,90
972,463,38,90
973,464,52,86
988,466,52,86
1003,469,52,86
1018,472,52,86
1034,475,52,86
1049,478,52,86
1064,480,52,86
1080,483,52,86
1095,486,52,86
1110,489,52,86
1126,492,57,101
1125,489,57,101
1125,486,57,101
1125,483,57,101
1125,480,57,101
1125,478,57,101
1124,475,57,101
1124,472,57,101
1124,469,57,101
1124,466,57,101
1124,464,48,99
1123,461,48,99
1122,458,48,99
1121,455,48,99
1120,452,48,99
1120,449,48,99
1119,446,48,99
1118,443,48,99
1117,440,48,99
1116,437,48,99
1116,434,46,109
1114,431,46,109
1113,429,46,109
1112,427,46,109
1111,425,46,109
1110,423,46,109
1109,420,46,109
1108,418,46,109
1107,416,46,109
1106,414,46,109
1105,412,42,98
1102,411,42,98
1100,411,42,98
1097,411,42,98
1095,410,42,98
1093,410,42,98
1090,410,42,98
1088,409,42,98
1085,409,42,98
1083,409,42,98
1081,409,60,108
1080,411,60,108
1079,413,60,108
1078,415,60,108
1077,417,60,108
1076,419,60,108
1075,421,60,108
1074,423,60,108
1073,425,60,108
1072,427,60,108
1072,429,43,107
1069,433,43,107
1067,438,43,107
1065,442,43,107
1062,447,43,107
1060,452,43,107
1058,456,43,107
1055,461,43,107
1053,465,43,107
1051,470,43,107
1049,475,45,103
1045,480,45,103
1041,485,45,103
1037,490,45,103
1033,495,45,103
1030,500,45,103
1026,505,45,103
1022,510,45,103
1018,515,45,103
1014,520,45,103
1011,525,68,110
1010,526,68,110
1010,528,68,110
1010,529,68,110
1009,531,68,110
1009,533,68,110
1009,534,68,110
1008,536,68,110
1008,537,68,110
1008,539,68,110
1008,541,43,109
1005,536,43,109
1003,532,43,109
1001,528,43,109
999,524,43,109
997,520,43,109
994,516,43,109
992,512,43,109
990,508,43,109
988,504,43,109
986,500,46,118
982,494,46,118
978,488,46,118
974,483,46,118
970,477,46,118
966,472,46,118
962,466,46,118
958,460,46,118
954,455,46,118
950,449,46,118
947,444,68,108
946,439,68,108
945,434,68,108
944,429,68,108
944,424,68,108
943,419,68,108
942,414,68,108
942,409,68,108
941,404,68,108
940,399,68,108
940,395,50,100
936,390,50,100
933,386,50,100
930,381,50,100
927,377,50,100
924,373,50,100
921,368,50,100
918,364,50,100
915,359,50,100
912,355,50,100
909,351,62,121
906,350,62,121
903,349,62,121
901,348,62,121
898,347,62,121
896,347,62,121
893,346,62,121
890,345,62,121
888,344,62,121
885,343,62,121
883,343,56,103
880,343,56,103
877,343,56,103
874,343,56,103
871,343,56,103
869,343,56,103
866,343,56,103
863,343,56,103
860,343,56,103
857,343,56,103
855,343,58,99
851,348,58,99
848,353,58,99
844,358,58,99
841,363,58,99
838,368,58,99
834,373,58,99
831,378,58,99
827,383,58,99
824,388,58,99
821,394,57,117
818,400,57,117
816,406,57,117
813,412,57,117
811,419,57,117
808,425,57,117
806,431,57,117
803,438,57,117
801,444,57,117
798,450,57,117
796,457,52,109
791,464,52,109
787,472,52,109
783,480,52,109
779,487,52,109
775,495,52,109
770,503,52,109
766,510,52,109
762,518,52,109
758,526,52,109
754,534,70,112
751,542,70,112
749,550,70,112
746,558,70,112
744,567,70,112
742,575,70,112
739,583,70,112
737,592,70,112
734,600,70,112
732,608,70,112
730,617,48,111
727,623,48,111
724,629,48,111
721,636,48,111
718,642,48,111
715,649,48,111
712,655,48,111
709,661,48,111
706,668,48,111
703,674,48,111
700,681,48,111
695,684,48,111
690,688,48,111
685,692,48,111
680,696,48,111
675,700,48,111
670,703,48,111
665,707,48,111
660,711,48,111
655,715,48,111
650,719,78,110
646,717,78,110
643,715,78,110
639,714,78,110
636,712,78,110
633,711,78,110
629,709,78,110
626,707,78,110
622,706,78,110
619,704,78,110
616,703,66,107
614,699,66,107
612,696,66,107
610,693,66,107
609,690,66,107
607,687,66,107
605,683,66,107
604,680,66,107
602,677,66,107
600,674,66,107
599,671,66,107
595,666,66,107
591,662,66,107
587,658,66,107
583,654,66,107
579,650,66,107
575,645,66,107
571,641,66,107
567,637,66,107
563,633,66,107
560,629,76,98
558,625,76,98
556,622,76,98
555,619,76,98
553,615,76,98
552,612,76,98
550,609,76,98
548,605,76,98
547,602,76,98
545,599,76,98
544,596,58,96
541,592,58,96
539,589,58,96
536,586,58,96
534,583,58,96
532,580,58,96
529,577,58,96
527,574,58,96
524,571,58,96
522,568,58,96
520,565,63,111
522,560,63,111
525,555,63,111
527,550,63,111
530,545,63,111
533,540,63,111
535,535,63,111
538,530,63,111
540,525,63,111
543,520,63,111
546,515,63,111
557,509,63,111
569,503,63,111
580,497,63,111
592,491,63,111
603,485,63,111
615,479,63,111
626,473,63,111
638,467,63,111
649,461,63,111
661,455,63,111
662,451,63,111
663,447,63,111
664,443,63,111
665,439,63,111
667,435,63,111
668,431,63,111
669,427,63,111
670,423,63,111
671,419,63,111
673,415,59,117
670,414,59,117
668,414,59,117
666,413,59,117
664,413,59,117
662,412,59,117
659,412,59,117
657,411,59,117
655,411,59,117
653,410,59,117
651,410,59,117
648,414,59,117
645,419,59,117
642,424,59,117
639,429,59,117
637,434,59,117
634,439,59,117
631,444,59,117
628,449,59,117
625,454,59,117
623,459,59,117
621,462,59,117
619,466,59,117
617,470,59,117
615,474,59,117
613,478,59,117
611,482,59,117
609,486,59,117
607,490,59,117
605,494,59,117
603,498,59,117
600,498,59,117
597,498,59,117
594,498,59,117
591,498,59,117
589,498,59,117
586,498,59,117
583,498,59,117
580,498,59,117
577,498,59,117
575,498,68,104
573,496,68,104
572,494,68,104
570,492,68,104
569,490,68,104
567,489,68,104
566,487,68,104
564,485,68,104
563,483,68,104
561,481,68,104
560,480,65,114
558,476,65,114
556,472,65,114
554,468,65,114
552,464,65,114
550,460,65,114
548,456,65,114
546,452,65,114
544,448,65,114
542,444,65,114
540,440,62,109
538,433,62,109
537,427,62,109
535,421,62,109
534,414,62,109
533,408,62,109
531,402,62,109
530,395,62,109
528,389,62,109
527,383,62,109
526,377,59,106
523,371,59,106
521,366,59,106
519,361,59,106
516,356,59,106
514,351,59,106
512,345,59,106
509,340,59,106
507,335,59,106
505,330,59,106
503,325,63,112
501,319,63,112
499,314,63,112
497,309,63,112
495,303,63,112
493,298,63,112
491,293,63,112
489,287,63,112
487,282,63,112
485,277,63,112
484,272,59,101
480,274,59,101
477,277,59,101
473,279,59,101
470,282,59,101
467,284,59,101
463,287,59,101
460,289,59,101
456,292,59,101
453,294,59,101
450,297,59,101
445,303,59,101
441,309,59,101
436,315,59,101
432,321,59,101
428,327,59,101
423,333,59,101
419,339,59,101
414,345,59,101
410,351,59,101
406,357,84,102
403,362,84,102
400,367,84,102
397,373,84,102
395,378,84,102
392,384,84,102
389,389,84,102
387,394,84,102
384,400,84,102
381,405,84,102
379,411,56,100
375,419,56,100
372,427,56,100
369,435,56,100
366,444,56,100
363,452,56,100
360,460,56,100
357,469,56,100
354,477,56,100
351,485,56,100
348,494,71,103
349,500,71,103
351,506,71,103
352,512,71,103
354,519,71,103
356,525,71,103
357,531,71,103
359,538,71,103
360,544,71,103
362,550,71,103
364,557,100,86
379,562,100,86
394,568,100,86
409,574,100,86
425,580,100,86
440,586,100,86
455,591,100,86
471,597,100,86
486,603,100,86
501,609,100,86
517,615,74,82
517,623,74,82
518,631,74,82
519,639,74,82
520,647,74,82
521,656,74,82
521,664,74,82
522,672,74,82
523,680,74,82
524,688,74,82
525,697,90,92
520,705,90,92
515,713,90,92
510,721,90,92
505,729,90,92
500,738,90,92
495,746,90,92
490,754,90,92
485,762,90,92
480,770,90,92
475,779,70,86
469,787,70,86
464,796,70,86
458,805,70,86
453,813,70,86
447,822,70,86
442,831,70,86
436,839,70,86
431,848,70,86
425,857,70,86
420,866,82,81
412,869,82,81
404,873,82,81
396,877,82,81
389,881,82,81
381,885,82,81
373,888,82,81
366,892,82,81
358,896,82,81
350,900,82,81
343,904,109,85
341,906,109,85
339,908,109,85
337,911,109,85
335,913,109,85
333,916,109,85
331,918,109,85
329,920,109,85
327,923,109,85
325,925,109,85
324,928,50,84
319,932,50,84
315,936,50,84
311,940,50,84
307,945,50,84
303,949,50,84
298,953,50,84
294,958,50,84
290,962,50,84
286,966,50,84
282,971,84,84
276,974,84,84
270,977,84,84
264,980,84,84
258,984,84,84
253,987,84,84
247,990,84,84
241,994,84,84
235,997,84,84
229,1000,84,84
224,1004,89,76
223,1006,89,76
222,1008,89,76
221,1010,89,76
220,1013,89,76
219,1015,89,76
218,1017,89,76
217,1020,89,76
216,1022,89,76
215,1024,89,76
215,1027,79,53
215,1029,79,53
215,1032,79,53
215,1034,79,53
215,1037,79,53
215,1040,79,53
215,1042,79,53
215,1045,79,53
215,1047,79,53
215,1050,79,53
215,1053,51,27
193,947,51,27
171,842,51,27
150,736,51,27
128,631,51,27
107,526,51,27
85,420,51,27
63,315,51,27
42,209,51,27
20,104,51,27
-1,-1,-1,-1
-1,-1,-1,-1
-1,-1,-1,-1
-1,-1,-1,-1
-1,-1,-1,-1
-1,-1,-1,-1
-1,-1,-1,-1
-1,-1,-1,-1
-1,-1,-1,-1
-1,-1,-1,-1
-1,-1,-1,-1
-1,-1,-1,-1
-1,-1,-1,-1
-1,-1,-1,-1
-1,-1,-1,-1
-1,-1,-1,-1
-1,-1,-1,-1
-1,-1,-1,-1
-1,-1,-1,-1
-1,-1,-1,-1
-1,-1,-1,-1
-1,-1,-1,-1
-1,-1,-1,-1
-1,-1,-1,-1
-1,-1,-1,-1
-1,-1,-1,-1
-1,-1,-1,-1
-1,-1,-1,-1
-1,-1,-1,-1
-1,-1,-1,-1
-1,-1,-1,-1
32,103,-1,-1
65,208,-1,-1
98,312,-1,-1
131,417,-1,-1
164,521,-1,-1
197,626,-1,-1
229,730,-1,-1
263,835,-1,-1
296,939,-1,-1
329,1044,86,35
331,1042,86,35
334,1041,86,35
337,1039,86,35
339,1038,86,35
342,1036,86,35
345,1035,86,35
347,1033,86,35
350,1032,86,35
353,1030,86,35
356,1029,64,51
345,984,64,51
335,940,64,51
325,896,64,51
315,852,64,51
305,808,64,51
294,764,64,51
284,720,64,51
274,676,64,51
264,632,64,51
254,588,68,100
254,591,68,100
255,594,68,100
255,597,68,100
256,601,68,100
256,604,68,100
257,607,68,100
257,611,68,100
258,614,68,100
258,617,68,100
259,621,71,94
260,624,71,94
262,628,71,94
264,632,71,94
266,636,71,94
268,640,71,94
270,644,71,94
272,648,71,94
274,652,71,94
276,656,71,94
278,660,65,110
279,662,65,110
281,665,65,110
283,668,65,110
284,671,65,110
286,674,65,110
288,677,65,110
289,680,65,110
291,683,65,110
293,686,65,110
295,689,59,90
295,692,59,90
296,695,59,90
297,699,59,90
297,702,59,90
298,706,59,90
299,709,59,90
299,712,59,90
300,716,59,90
301,719,59,90
302,723,74,101
303,726,74,101
305,729,74,101
307,732,74,101
308,735,74,101
310,739,74,101
312,742,74,101
313,745,74,101
315,748,74,101
317,751,74,101
319,755,74,109
320,757,74,109
322,760,74,109
324,762,74,109
326,765,74,109
328,768,74,109
330,770,74,109
332,773,74,109
334,775,74,109
336,778,74,109
338,781,75,92
340,783,75,92
342,786,75,92
344,788,75,92
347,791,75,92
349,793,75,92
351,796,75,92
354,798,75,92
356,801,75,92
358,803,75,92
361,806,75,111
363,808,75,111
366,810,75,111
369,812,75,111
372,815,75,111
375,817,75,111
378,819,75,111
381,822,75,111
384,824,75,111
387,826,75,111
390,829,76,93
393,831,76,93
397,833,76,93
401,835,76,93
404,837,76,93
408,839,76,93
412,841,76,93
415,843,76,93
419,845,76,93
423,847,76,93
427,850,66,96
430,851,66,96
433,852,66,96
436,853,66,96
440,854,66,96
443,855,66,96
446,856,66,96
450,857,66,96
453,858,66,96
456,859,66,96
460,861,69,108
463,862,69,108
467,863,69,108
471,864,69,108
474,865,69,108
478,867,69,108
482,868,69,108
485,869,69,108
489,870,69,108
493,871,69,108
497,873,70,92
501,872,70,92
505,872,70,92
509,871,70,92
513,871,70,92
517,870,70,92
521,870,70,92
525,869,70,92
529,869,70,92
533,868,70,92
537,868,79,101
541,866,79,101
545,864,79,101
550,863,79,101
554,861,79,101
559,860,79,101
563,858,79,101
567,856,79,101
572,855,79,101
576,853,79,101
581,852,75,98
585,850,75,98
590,848,75,98
595,846,75,98
599,844,75,98
604,842,75,98
609,840,75,98
613,838,75,98
618,836,75,98
623,834,75,98
628,832,72,105
632,828,72,105
637,824,72,105
642,820,72,105
646,817,72,105
651,813,72,105
656,809,72,105
660,806,72,105
665,802,72,105
670,798,72,105
675,795,88,103
679,791,88,103
684,787,88,103
689,783,88,103
693,779,88,103
698,775,88,103
703,771,88,103
707,767,88,103
712,763,88,103
717,759,88,103
722,755,70,91
726,750,70,91
731,746,70,91
735,742,70,91
740,738,70,91
745,734,70,91
749,730,70,91
754,726,70,91
758,722,70,91
763,718,70,91
768,714,62,119
771,710,62,119
775,706,62,119
778,702,62,119
782,698,62,119
785,694,62,119
789,690,62,119
792,686,62,119
796,682,62,119
799,678,62,119
803,674,71,98
807,670,71,98
811,667,71,98
815,663,71,98
819,660,71,98
824,656,71,98
828,653,71,98
832,649,71,98
836,646,71,98
840,642,71,98
845,639,78,101
848,634,78,101
851,630,78,101
854,626,78,101
857,622,78,101
861,618,78,101
864,614,78,101
867,610,78,101
870,606,78,101
873,602,78,101
877,598,78,112
880,594,78,112
884,590,78,112
887,586,78,112
891,583,78,112
894,579,78,112
898,575,78,112
901,572,78,112
905,568,78,112
908,564,78,112
912,561,84,109
917,557,84,109
922,554,84,109
927,550,84,109
932,547,84,109
938,543,84,109
943,540,84,109
948,536,84,109
953,533,84,109
958,529,84,109
964,526,84,109
968,523,84,109
972,520,84,109
976,517,84,109
981,514,84,109
985,511,84,109
989,508,84,109
994,505,84,109
998,502,84,109
1002,499,84,109
1007,497,67,111
1010,494,67,111
1013,492,67,111
1016,490,67,111
1019,488,67,111
1022,486,67,111
1025,484,67,111
1028,482,67,111
1031,480,67,111
1034,478,67,111
1038,476,67,111
1039,473,67,111
1041,471,67,111
1043,468,67,111
1044,466,67,111
1046,463,67,111
1048,461,67,111
1049,458,67,111
1051,456,67,111
1053,453,67,111
1055,451,91,104
1057,449,91,104
1060,447,91,104
1062,445,91,104
1065,443,91,104
1067,441,91,104
1070,439,91,104
1072,437,91,104
1075,435,91,104
1077,433,91,104
1080,431,60,96
1077,429,60,96
1075,428,60,96
1072,427,60,96
1070,426,60,96
1068,425,60,96
1065,424,60,96
1063,423,60,96
1060,422,60,96
1058,421,60,96
1056,420,81,107
1056,418,81,107
1057,416,81,107
1058,415,81,107
1058,413,81,107
1059,412,81,107
1060,410,81,107
1060,408,81,107
1061,407,81,107
1062,405,81,107
1063,404,76,96
1061,402,76,96
1059,401,76,96
1057,399,76,96
1055,398,76,96
1053,397,76,96
1051,395,76,96
1049,394,76,96
1047,392,76,96
1045,391,76,96
1044,390,76,96
1043,389,76,96
1042,389,76,96
1041,388,76,96
1040,388,76,96
1040,388,76,96
1039,387,76,96
1038,387,76,96
1037,386,76,96
1036,386,76,96
1036,386,85,112
1036,385,85,112
1036,385,85,112
1036,385,85,112
1036,384,85,112
1037,384,85,112
1037,384,85,112
1037,383,85,112
1037,383,85,112
1037,383,85,112
1038,383,59,99
1034,382,59,99
1031,381,59,99
1027,381,59,99
1024,380,59,99
1021,380,59,99
1017,379,59,99
1014,378,59,99
1010,378,59,99
1007,377,59,99
1004,377,94,91
1007,376,94,91
1010,376,94,91
1013,376,94,91
1016,376,94,91
1020,376,94,91
1023,375,94,91
1026,375,94,91
1029,375,94,91
1032,375,94,91
1036,375,62,104
1038,375,62,104
1040,376,62,104
1042,377,62,104
1045,378,62,104
1047,379,62,104
1049,380,62,104
1052,381,62,104
1054,382,62,104
1056,383,62,104
1059,384,72,97
1061,384,72,97
1063,385,72,97
1065,385,72,97
1068,386,72,97
1070,386,72,97
1072,387,72,97
1075,387,72,97
1077,388,72,97
1079,388,72,97
1082,389,106,89
1088,389,106,89
1094,389,106,89
1101,389,106,89
1107,389,106,89
1114,390,106,89
1120,390,106,89
1126,390,106,89
1133,390,106,89
1139,390,106,89
1146,391,51,91
1146,392,51,91
1147,393,51,91
1147,395,51,91
1148,396,51,91
1149,398,51,91
1149,399,51,91
1150,400,51,91
1150,402,51,91
1151,403,51,91
1152,405,98,90
1157,405,98,90
1163,405,98,90
1168,405,98,90
1174,405,98,90
1179,406,98,90
1185,406,98,90
1190,406,98,90
1196,406,98,90
1201,406,98,90
1207,407,87,94
1209,406,87,94
1211,406,87,94
1213,406,87,94
1215,406,87,94
1218,406,87,94
1220,405,87,94
1222,405,87,94
1224,405,87,94
1226,405,87,94
1229,405,81,91
1232,405,81,91
1235,406,81,91
1238,406,81,91
1242,407,81,91
1245,408,81,91
1248,408,81,91
1252,409,81,91
1255,409,81,91
1258,410,81,91
1262,411,106,88
1267,410,106,88
1273,410,106,88
1279,409,106,88
1284,409,106,88
1290,409,106,88
1296,408,106,88
1301,408,106,88
1307,407,106,88
1313,407,106,88
1319,407,55,90
1318,406,55,90
1318,406,55,90
1317,405,55,90
1317,405,55,90
1316,405,55,90
1316,404,55,90
1315,404,55,90
1315,403,55,90
1314,403,55,90
1314,403,97,97
1317,402,97,97
1321,401,97,97
1325,400,97,97
1328,400,97,97
1332,399,97,97
1336,398,97,97
1339,398,97,97
1343,397,97,97
1347,396,97,97
1351,396,94,88
1352,395,94,88
1353,395,94,88
1354,395,94,88
1355,395,94,88
1356,395,94,88
1357,395,94,88
1358,395,94,88
1359,395,94,88
1360,395,94,88
1362,395,80,80
1365,394,80,80
1368,393,80,80
1371,392,80,80
1374,391,80,80
1378,391,80,80
1381,390,80,80
1384,389,80,80
1387,388,80,80
1390,387,80,80
1394,387,74,81
1394,385,74,81
1395,383,74,81
1395,382,74,81
1396,380,74,81
1397,379,74,81
1397,377,74,81
1398,375,74,81
1398,374,74,81
1399,372,74,81
1400,371,61,92
1397,370,61,92
1394,370,61,92
1392,370,61,92
1389,369,61,92
1387,369,61,92
1384,369,61,92
1381,368,61,92
1379,368,61,92
1376,368,61,92
1374,368,108,84
1377,366,108,84
1381,365,108,84
1385,364,108,84
1389,363,108,84
1393,362,108,84
1396,361,108,84
1400,360,108,84
1404,359,108,84
1408,358,108,84
1412,357,72,93
1412,355,72,93
1412,354,72,93
1412,352,72,93
1413,351,72,93
1413,349,72,93
1413,348,72,93
1414,346,72,93
1414,345,72,93
1414,343,72,93
1415,342,74,93
1392,352,74,93
1370,362,74,93
1348,373,74,93
1325,383,74,93
1303,394,74,93
1281,404,74,93
1258,414,74,93
1236,425,74,93
1214,435,74,93
1192,446,58,120
1190,442,58,120
1188,439,58,120
1186,436,58,120
1184,432,58,120
1182,429,58,120
1180,426,58,120
1178,422,58,120
1176,419,58,120
1174,416,58,120
1172,413,59,106
1169,410,59,106
1166,408,59,106
1163,405,59,106
1160,403,59,106
1157,401,59,106
1154,398,59,106
1151,396,59,106
1148,393,59,106
1145,391,59,106
1142,389,69,114
1140,386,69,114
1139,384,69,114
1138,382,69,114
1137,380,69,114
1136,378,69,114
1135,375,69,114
1134,373,69,114
1133,371,69,114
1132,369,69,114
1131,367,50,108
1127,364,50,108
1124,361,50,108
1121,358,50,108
1118,355,50,108
1115,352,50,108
1111,349,50,108
1108,346,50,108
1105,343,50,108
1102,340,50,108
1099,338,50,108
1095,335,50,108
1092,333,50,108
1089,331,50,108
1085,328,50,108
1082,326,50,108
1079,324,50,108
1075,321,50,108
1072,319,50,108
1069,317,50,108
1066,315,81,113
1066,312,81,113
1067,309,81,113
1068,307,81,113
1069,304,81,113
1070,302,81,113
1070,299,81,113
1071,296,81,113
1072,294,81,113
1073,291,81,113
1074,289,60,109
1071,286,60,109
1068,283,60,109
1065,280,60,109
1062,277,60,109
1059,274,60,109
1056,271,60,109
1053,268,60,109
1050,265,60,109
1047,262,60,109
1044,259,55,120
1038,257,55,120
1033,255,55,120
1027,253,55,120
1022,251,55,120
1016,249,55,120
1011,247,55,120
1005,245,55,120
1000,243,55,120
994,241,55,120
989,239,82,110
988,236,82,110
987,234,82,110
986,232,82,110
986,230,82,110
985,228,82,110
984,225,82,110
984,223,82,110
983,221,82,110
982,219,82,110
982,217,56,98
978,214,56,98
974,212,56,98
970,210,56,98
966,207,56,98
962,205,56,98
958,203,56,98
954,200,56,98
950,198,56,98
946,196,56,98
942,194,71,115
938,191,71,115
934,189,71,115
930,186,71,115
926,184,71,115
922,182,71,115
918,179,71,115
914,177,71,115
910,174,71,115
906,172,71,115
903,170,69,106
900,168,69,106
897,166,69,106
894,164,69,106
892,162,69,106
889,160,69,106
886,158,69,106
884,156,69,106
881,154,69,106
878,152,69,106
876,150,68,104
872,148,68,104
868,146,68,104
864,144,68,104
861,142,68,104
857,141,68,104
853,139,68,104
850,137,68,104
846,135,68,104
842,133,68,104
839,132,68,120
836,130,68,120
833,128,68,120
830,126,68,120
828,124,68,120
825,122,68,120
822,120,68,120
820,118,68,120
817,116,68,120
814,114,68,120
812,113,53,114
812,113,53,114
812,113,53,114
812,113,53,114
812,113,53,114
812,113,53,114
812,113,53,114
