426,42,14,37
424,42,14,37
423,42,14,37
422,42,14,37
421,42,14,37
420,43,14,37
419,43,14,37
418,43,14,37
417,43,14,37
416,43,14,37
415,44,19,37
414,44,19,37
413,45,19,37
413,45,19,37
412,46,19,37
412,46,19,37
411,47,19,37
410,47,19,37
410,48,19,37
409,48,19,37
409,49,17,38
408,49,17,38
407,50,17,38
406,51,17,38
405,52,17,38
404,53,17,38
403,54,17,38
402,55,17,38
401,56,17,38
400,57,17,38
400,58,18,37
398,58,18,37
396,59,18,37
395,59,18,37
393,60,18,37
392,60,18,37
390,61,18,37
388,61,18,37
387,62,18,37
385,62,18,37
384,63,18,37
383,63,18,37
382,64,18,37
382,64,18,37
381,65,18,37
381,65,18,37
380,66,18,37
379,66,18,37
379,67,18,37
378,67,18,37
378,68,18,37
377,68,18,37
376,68,18,37
375,68,18,37
375,68,18,37
374,68,18,37
373,68,18,37
373,68,18,37
372,68,18,37
371,68,18,37
371,68,13,39
370,69,13,39
369,70,13,39
368,71,13,39
368,72,13,39
367,73,13,39
366,74,13,39
366,75,13,39
365,76,13,39
364,77,13,39
364,79,12,37
363,79,12,37
363,79,12,37
362,79,12,37
362,79,12,37
361,79,12,37
361,79,12,37
360,79,12,37
360,79,12,37
359,79,12,37
359,79,12,37
358,80,12,37
358,81,12,37
357,82,12,37
357,83,12,37
357,85,12,37
356,86,12,37
356,87,12,37
355,88,12,37
355,89,12,37
355,91,12,37
354,91,12,37
354,91,12,37
353,91,12,37
353,92,12,37
352,92,12,37
352,92,12,37
351,93,12,37
351,93,12,37
350,93,12,37
350,94,12,37
349,94,12,37
349,95,12,37
349,95,12,37
349,96,12,37
349,97,12,37
348,97,12,37
348,98,12,37
348,98,12,37
348,99,12,37
348,100,12,37
347,101,12,37
347,102,12,37
346,103,12,37
346,104,12,37
346,105,12,37
345,106,12,37
345,107,12,37
344,108,12,37
344,109,12,37
344,110,12,37
343,110,12,37
343,110,12,37
342,111,12,37
342,111,12,37
342,112,12,37
341,112,12,37
341,112,12,37
340,113,12,37
340,113,12,37
340,114,14,40
339,115,14,40
339,116,14,40
339,117,14,40
339,118,14,40
339,120,14,40
338,121,14,40
338,122,14,40
338,123,14,40
338,124,14,40
338,126,14,40
343,134,14,40
349,142,14,40
355,151,14,40
361,159,14,40
367,168,14,40
373,176,14,40
379,184,14,40
385,193,14,40
391,201,14,40
397,210,14,40
397,210,14,40
398,211,14,40
398,212,14,40
399,213,14,40
400,214,14,40
400,214,14,40
401,215,14,40
401,216,14,40
402,217,14,40
403,218,14,40
403,218,14,40
403,219,14,40
404,219,14,40
404,220,14,40
405,220,14,40
405,221,14,40
405,221,14,40
406,222,14,40
406,222,14,40
407,223,14,40
407,223,14,40
408,224,14,40
408,225,14,40
409,225,14,40
410,226,14,40
410,227,14,40
411,227,14,40
411,228,14,40
412,229,14,40
413,230,14,40
413,231,14,40
414,232,14,40
414,233,14,40
415,234,14,40
415,235,14,40
416,236,14,40
416,237,14,40
417,238,14,40
417,239,14,40
418,240,15,44
418,240,15,44
418,241,15,44
419,241,15,44
419,242,15,44
420,242,15,44
420,243,15,44
420,243,15,44
421,244,15,44
421,244,15,44
422,245,15,44
422,245,15,44
422,246,15,44
422,246,15,44
422,247,15,44
422,247,15,44
422,248,15,44
422,248,15,44
422,249,15,44
422,249,15,44
422,250,15,44
422,251,15,44
423,252,15,44
424,253,15,44
424,254,15,44
425,256,15,44
426,257,15,44
426,258,15,44
427,259,15,44
428,260,15,44
429,262,15,44
429,263,15,44
430,265,15,44
430,267,15,44
431,268,15,44
431,270,15,44
432,272,15,44
432,273,15,44
433,275,15,44
433,277,15,44
434,279,15,44
434,279,15,44
434,280,15,44
435,281,15,44
435,282,15,44
436,283,15,44
436,283,15,44
436,284,15,44
437,285,15,44
437,286,15,44
438,287,15,44
438,288,15,44
439,289,15,44
439,290,15,44
440,292,15,44
440,293,15,44
441,294,15,44
441,296,15,44
442,297,15,44
442,298,15,44
443,300,15,44
443,301,15,44
444,302,15,44
445,303,15,44
446,304,15,44
447,305,15,44
448,306,15,44
449,307,15,44
450,308,15,44
451,309,15,44
452,311,15,44
453,312,15,44
454,313,15,44
455,314,15,44
457,315,15,44
458,317,15,44
459,318,15,44
461,319,15,44
462,320,15,44
463,321,15,44
465,323,15,44
465,324,15,44
466,325,15,44
467,326,15,44
468,327,15,44
469,329,15,44
470,330,15,44
471,331,15,44
472,332,15,44
473,333,15,44
474,335,15,44
475,336,15,44
477,337,15,44
479,338,15,44
481,340,15,44
483,341,15,44
484,342,15,44
486,344,15,44
488,345,15,44
490,346,15,44
492,348,15,44
493,349,15,44
494,350,15,44
496,351,15,44
497,352,15,44
499,353,15,44
500,354,15,44
501,355,15,44
503,356,15,44
504,357,15,44
506,359,15,44
508,360,15,44
510,362,15,44
512,364,15,44
514,366,15,44
516,368,15,44
518,370,15,44
520,372,15,44
522,374,15,44
524,376,15,44
526,378,15,44
527,378,15,44
529,378,15,44
531,379,15,44
532,379,15,44
534,380,15,44
536,380,15,44
537,380,15,44
539,381,15,44
541,381,15,44
543,382,15,49
545,383,15,49
547,384,15,49
549,385,15,49
551,387,15,49
554,388,15,49
556,389,15,49
558,391,15,49
560,392,15,49
562,393,15,49
565,395,15,49
567,395,15,49
569,396,15,49
571,397,15,49
573,397,15,49
576,398,15,49
578,399,15,49
580,399,15,49
582,400,15,49
584,401,15,49
587,402,15,49
589,403,15,49
591,404,15,49
593,405,15,49
595,406,15,49
597,407,15,49
599,408,15,49
601,409,15,49
603,410,15,49
605,411,15,49
608,412,15,49
610,413,15,49
613,414,15,49
615,415,15,49
618,416,15,49
620,418,15,49
623,419,15,49
625,420,15,49
628,421,15,49
630,422,15,49
633,424,15,49
635,424,15,49
638,425,15,49
641,426,15,49
644,427,15,49
647,428,15,49
649,429,15,49
652,430,15,49
655,431,15,49
658,432,15,49
661,433,15,49
663,433,15,49
666,434,15,49
668,435,15,49
671,435,15,49
674,436,15,49
676,437,15,49
679,437,15,49
681,438,15,49
684,439,15,49
687,440,15,49
689,440,15,49
692,441,15,49
695,441,15,49
698,442,15,49
701,443,15,49
704,443,15,49
707,444,15,49
710,444,15,49
713,445,15,49
716,446,15,49
718,446,15,49
721,447,15,49
724,448,15,49
726,449,15,49
729,450,15,49
732,450,15,49
734,451,15,49
737,452,15,49
740,453,15,49
743,454,15,49
746,454,15,49
749,454,15,49
752,454,15,49
755,455,15,49
758,455,15,49
761,455,15,49
764,456,15,49
767,456,15,49
770,456,15,49
774,457,15,49
776,457,15,49
779,457,15,49
782,458,15,49
784,458,15,49
787,459,15,49
790,459,15,49
792,459,15,49
795,460,15,49
798,460,15,49
801,461,15,49
803,461,15,49
806,462,15,49
809,462,15,49
812,463,15,49
815,463,15,49
818,464,15,49
821,464,15,49
824,465,15,49
827,465,15,49
830,466,15,49
832,466,15,49
835,466,15,49
838,466,15,49
840,466,15,49
843,466,15,49
846,466,15,49
848,466,15,49
851,466,15,49
854,466,15,49
857,467,15,49
859,467,15,49
862,467,15,49
864,468,15,49
867,468,15,49
869,469,15,49
872,469,15,49
874,469,15,49
877,470,15,49
879,470,15,49
882,471,15,49
884,471,15,49
887,471,15,49
889,471,15,49
892,471,15,49
895,471,15,49
897,471,15,49
900,471,15,49
902,471,15,49
905,471,15,49
908,472,15,49
910,472,15,49
912,472,15,49
915,472,15,49
917,472,15,49
920,472,15,49
922,472,15,49
924,472,15,49
927,472,15,49
929,472,15,49
932,473,15,49
934,472,15,49
936,472,15,49
938,472,15,49
940,472,15,49
943,472,15,49
945,472,15,49
947,472,15,49
949,472,15,49
951,472,15,49
954,472,15,49
956,472,15,49
958,472,15,49
960,472,15,49
962,472,15,49
964,472,15,49
966,472,15,49
968,472,15,49
970,472,15,49
972,472,15,49
974,473,15,49
976,473,15,49
978,474,15,49
980,475,15,49
983,476,15,49
985,477,15,49
987,477,15,49
990,478,15,49
992,479,15,49
994,480,15,49
997,481,15,49
998,481,15,49
1000,481,15,49
1002,481,15,49
1003,481,15,49
1005,481,15,49
1007,481,15,49
1008,481,15,49
1010,481,15,49
1012,481,15,49
1014,481,15,49
1015,481,15,49
1017,481,15,49
1018,481,15,49
1020,481,15,49
1022,482,15,49
1023,482,15,49
1025,482,15,49
1026,482,15,49
1028,482,15,49
1030,483,21,51
1032,483,21,51
1034,484,21,51
1036,484,21,51
1039,485,21,51
1041,485,21,51
1043,486,21,51
1046,486,21,51
1048,487,21,51
1050,487,21,51
1053,488,18,52
1054,488,18,52
1055,489,18,52
1056,490,18,52
1058,490,18,52
1059,491,18,52
1060,492,18,52
1062,492,18,52
1063,493,18,52
1064,494,18,52
1066,495,18,52
1067,495,18,52
1069,496,18,52
1070,497,18,52
1072,497,18,52
1073,498,18,52
1075,499,18,52
1076,499,18,52
1078,500,18,52
1079,501,18,52
1081,502,18,52
1082,503,18,52
1084,505,18,52
1085,507,18,52
1087,508,18,52
1088,510,18,52
1090,512,18,52
1091,513,18,52
1093,515,18,52
1094,517,18,52
1096,519,18,52
1097,520,18,52
1098,521,18,52
1099,522,18,52
1100,524,18,52
1102,525,18,52
1103,526,18,52
1104,528,18,52
1105,529,18,52
1106,530,18,52
1108,532,18,52
1109,533,18,52
1110,535,18,52
1111,537,18,52
1112,538,18,52
1113,540,18,52
1114,542,18,52
1115,543,18,52
1116,545,18,52
1117,547,18,52
1118,549,18,52
1119,550,18,52
1120,552,18,52
1122,554,18,52
1123,556,18,52
1125,558,18,52
1126,559,18,52
1127,561,18,52
1129,563,18,52
1130,565,18,52
1132,567,18,52
1132,567,18,52
1133,568,18,52
1134,569,18,52
1135,570,18,52
1136,571,18,52
1137,571,18,52
1138,572,18,52
1139,573,18,52
1140,574,18,52
1141,575,20,59
1140,577,20,59
1140,579,20,59
1140,582,20,59
1140,584,20,59
1140,587,20,59
1140,589,20,59
1140,591,20,59
1140,594,20,59
1140,596,20,59
1140,599,20,59
1141,601,20,59
1142,603,20,59
1144,605,20,59
1145,608,20,59
1147,610,20,59
1148,612,20,59
1149,615,20,59
1151,617,20,59
1152,619,20,59
1154,622,20,59
1155,624,20,59
1156,627,20,59
1157,629,20,59
1158,632,20,59
1159,634,20,59
1160,637,20,59
1161,639,20,59
1162,642,20,59
1163,644,20,59
1165,647,20,59
1166,648,20,59
1167,650,20,59
1168,652,20,59
1170,653,20,59
1171,655,20,59
1172,657,20,59
1174,658,20,59
1175,660,20,59
1176,662,20,59
1178,664,20,59
1179,666,20,59
1181,669,20,59
1182,672,20,59
1184,675,20,59
1185,678,20,59
1187,681,20,59
1188,684,20,59
1190,687,20,59
1191,690,20,59
1193,693,20,59
1194,695,20,59
1196,698,20,59
1197,700,20,59
1199,703,20,59
1201,705,20,59
1202,708,20,59
1204,710,20,59
1205,713,20,59
1207,715,20,59
1209,718,20,59
1210,720,20,59
1212,723,20,59
1214,725,20,59
1216,728,20,59
1218,730,20,59
1219,733,20,59
1221,735,20,59
1223,738,20,59
1225,740,20,59
1227,743,20,59
1229,745,20,59
1231,747,20,59
1233,749,20,59
1235,751,20,59
1237,753,20,59
1239,755,20,59
1241,757,20,59
1243,759,20,59
1245,761,20,59
1248,764,22,65
1249,766,22,65
1251,769,22,65
1252,772,22,65
1254,775,22,65
1256,778,22,65
1257,780,22,65
1259,783,22,65
1260,786,22,65
1262,789,22,65
1264,792,23,64
1265,795,23,64
1267,798,23,64
1269,801,23,64
1271,804,23,64
1273,807,23,64
1274,810,23,64
1276,813,23,64
1278,816,23,64
1280,819,23,64
1282,822,23,64
1283,824,23,64
1284,826,23,64
1285,828,23,64
1286,831,23,64
1288,833,23,64
1289,835,23,64
1290,838,23,64
1291,840,23,64
1292,842,23,64
1294,845,23,64
1296,847,23,64
1298,849,23,64
1300,851,23,64
1302,853,23,64
1304,856,23,64
1306,858,23,64
1308,860,23,64
1310,862,23,64
1312,864,23,64
1314,867,24,70
1315,869,24,70
1317,871,24,70
1318,873,24,70
1320,876,24,70
1322,878,24,70
1323,880,24,70
1325,883,24,70
1326,885,24,70
1328,887,24,70
1330,890,24,70
1330,891,24,70
1331,892,24,70
1331,893,24,70
1332,894,24,70
1333,895,24,70
1333,896,24,70
1334,897,24,70
1334,898,24,70
1335,899,24,70
1336,900,24,70
1335,900,24,70
1335,900,24,70
1335,900,24,70
1335,900,24,70
1335,901,24,70
1334,901,24,70
1334,901,24,70
1334,901,24,70
1334,901,24,70
1334,902,28,72
1337,904,28,72
1341,906,28,72
1344,908,28,72
1348,910,28,72
1352,913,28,72
1355,915,28,72
1359,917,28,72
1362,919,28,72
1366,921,28,72
1370,924,24,79
1371,923,24,79
1373,922,24,79
1374,922,24,79
1376,921,24,79
1377,921,24,79
1379,920,24,79
1380,919,24,79
1382,919,24,79
1383,918,24,79
1385,918,23,77
1386,916,23,77
1387,915,23,77
1388,914,23,77
1389,913,23,77
1390,912,23,77
1391,911,23,77
1392,910,23,77
1393,909,23,77
1394,908,23,77
1395,907,23,77
1395,906,23,77
1396,905,23,77
1397,904,23,77
1398,904,23,77
1399,903,23,77
1399,902,23,77
1400,902,23,77
1401,901,23,77
1402,900,23,77
1403,900,30,75
1404,898,30,75
1406,897,30,75
1408,895,30,75
1409,894,30,75
1411,893,30,75
1413,891,30,75
1414,890,30,75
1416,888,30,75
1418,887,30,75
1420,886,27,72
1421,884,27,72
1422,883,27,72
1423,882,27,72
1424,880,27,72
1425,879,27,72
1426,878,27,72
1427,876,27,72
1428,875,27,72
1429,874,27,72
1430,873,25,82
1431,871,25,82
1432,870,25,82
1434,869,25,82
1435,867,25,82
1437,866,25,82
1438,865,25,82
1439,863,25,82
1441,862,25,82
1442,861,25,82
1444,860,36,83
1445,858,36,83
1447,856,36,83
1449,855,36,83
1451,853,36,83
1453,852,36,83
1454,850,36,83
1456,848,36,83
1458,847,36,83
1460,845,36,83
1462,844,26,77
1463,842,26,77
1464,841,26,77
1465,839,26,77
1466,838,26,77
1468,836,26,77
1469,835,26,77
1470,833,26,77
1471,832,26,77
1472,830,26,77
1474,829,32,78
1476,827,32,78
1478,825,32,78
1481,824,32,78
1483,822,32,78
1486,821,32,78
1488,819,32,78
1490,817,32,78
1493,816,32,78
1495,814,32,78
1498,813,29,79
1498,811,29,79
1499,809,29,79
1500,807,29,79
1500,805,29,79
1501,803,29,79
1502,801,29,79
1502,799,29,79
1503,797,29,79
1504,795,29,79
1505,793,33,83
1506,791,33,83
1508,789,33,83
1510,787,33,83
1512,786,33,83
1514,784,33,83
1515,782,33,83
1517,781,33,83
1519,779,33,83
1521,777,33,83
1523,776,28,75
1525,774,28,75
1527,772,28,75
1530,770,28,75
1532,769,28,75
1535,767,28,75
1537,765,28,75
1539,764,28,75
1542,762,28,75
1544,760,28,75
1547,759,28,75
1548,758,28,75
1550,758,28,75
1551,757,28,75
1553,757,28,75
1554,757,28,75
1556,756,28,75
1557,756,28,75
1559,755,28,75
1560,755,28,75
1562,755,28,75
1563,754,28,75
1565,753,28,75
1567,752,28,75
1569,751,28,75
1571,750,28,75
1573,749,28,75
1575,748,28,75
1577,747,28,75
1579,746,28,75
1581,745,28,75
1582,744,28,75
1584,744,28,75
1586,744,28,75
1588,744,28,75
1590,744,28,75
1592,743,28,75
1594,743,28,75
1596,743,28,75
1598,743,28,75
1600,743,28,75
1600,743,28,75
1601,744,28,75
1602,745,28,75
1603,746,28,75
1604,747,28,75
1605,748,28,75
1606,749,28,75
1607,750,28,75
1608,751,28,75
1609,752,28,75
1611,752,28,75
1613,752,28,75
1615,752,28,75
1617,752,28,75
1619,752,28,75
1621,752,28,75
1623,752,28,75
1625,752,28,75
1627,752,28,75
1629,752,22,71
1630,752,22,71
1631,753,22,71
1632,754,22,71
1633,755,22,71
1634,756,22,71
1635,756,22,71
1636,757,22,71
1637,758,22,71
1638,759,22,71
1639,760,28,75
1640,760,28,75
1642,760,28,75
1643,760,28,75
1645,760,28,75
1647,760,28,75
1648,760,28,75
1650,760,28,75
1651,760,28,75
1653,760,28,75
1655,760,28,75
1656,760,28,75
1657,761,28,75
1658,762,28,75
1659,763,28,75
1661,764,28,75
1662,765,28,75
1663,766,28,75
1664,767,28,75
1665,768,28,75
1667,769,27,85
1668,769,27,85
1669,769,27,85
1670,769,27,85
1672,769,27,85
1673,769,27,85
1674,769,27,85
1676,769,27,85
1677,769,27,85
1678,769,27,85
1680,770,27,85
1680,769,27,85
1680,769,27,85
1681,768,27,85
1681,768,27,85
1682,768,27,85
1682,767,27,85
1682,767,27,85
1683,766,27,85
1683,766,27,85
1684,766,27,85
1683,767,27,85
1683,769,27,85
1683,770,27,85
1683,772,27,85
1683,774,27,85
1683,775,27,85
1683,777,27,85
1683,778,27,85
1683,780,27,85
1683,782,27,85
1683,782,27,85
1683,782,27,85
1684,782,27,85
1684,782,27,85
1685,782,27,85
1685,782,27,85
1685,782,27,85
1686,782,27,85
1686,782,27,85
1687,783,27,85
1687,783,27,85
1688,784,27,85
1688,785,27,85
1689,785,27,85
1689,786,27,85
1690,787,27,85
1690,787,27,85
1691,788,27,85
1691,789,27,85
1692,790,27,85
1691,790,27,85
1691,791,27,85
1691,792,27,85
1690,793,27,85
1690,794,27,85
1690,794,27,85
1689,795,27,85
1689,796,27,85
1689,797,27,85
1689,798,22,72
1688,798,22,72
1688,798,22,72
1687,798,22,72
1687,798,22,72
1687,799,22,72
1686,799,22,72
1686,799,22,72
1685,799,22,72
1685,799,22,72
1685,800,26,72
1685,800,26,72
1685,801,26,72
1685,801,26,72
1686,802,26,72
1686,802,26,72
1686,803,26,72
1687,803,26,72
1687,804,26,72
1687,804,26,72
1688,805,23,67
1687,804,23,67
1687,804,23,67
1687,804,23,67
1687,804,23,67
1687,804,23,67
1687,803,23,67
1687,803,23,67
1687,803,23,67
1687,803,23,67
1687,803,27,76
1686,803,27,76
1685,803,27,76
1685,804,27,76
1684,804,27,76
1684,805,27,76
1683,805,27,76
1682,805,27,76
1682,806,27,76
1681,806,27,76
1681,807,25,76
1633,801,25,76
1585,796,25,76
1537,790,25,76
1489,785,25,76
1442,779,25,76
1394,774,25,76
1346,768,25,76
1298,763,25,76
1250,757,25,76
1203,752,29,82
1200,752,29,82
1197,753,29,82
1194,753,29,82
1191,754,29,82
1189,754,29,82
1186,755,29,82
1183,755,29,82
1180,756,29,82
1177,756,29,82
1175,757,29,82
1173,756,29,82
1171,755,29,82
1169,754,29,82
1167,753,29,82
1165,752,29,82
1163,751,29,82
1161,750,29,82
1159,749,29,82
1157,748,29,82
1155,748,29,82
1153,748,29,82
1151,749,29,82
1149,749,29,82
1147,750,29,82
1145,750,29,82
1143,751,29,82
1141,751,29,82
1139,752,29,82
1137,752,29,82
1136,753,29,82
1133,752,29,82
1131,751,29,82
1129,750,29,82
1126,750,29,82
1124,749,29,82
1122,748,29,82
1119,748,29,82
1117,747,29,82
1115,746,29,82
1113,746,29,82
1111,746,29,82
1110,746,29,82
1108,746,29,82
1107,746,29,82
1105,747,29,82
1104,747,29,82
1102,747,29,82
1101,747,29,82
1099,747,29,82
1098,748,29,82
1096,747,29,82
1094,747,29,82
1092,747,29,82
1090,746,29,82
1088,746,29,82
1086,746,29,82
1084,745,29,82
1082,745,29,82
1080,745,29,82
1079,745,37,78
1076,745,37,78
1074,745,37,78
1072,745,37,78
1070,745,37,78
1068,745,37,78
1066,745,37,78
1064,745,37,78
1062,745,37,78
1060,745,37,78
1058,746,23,81
1056,745,23,81
1054,744,23,81
1052,743,23,81
1050,742,23,81
1049,741,23,81
1047,740,23,81
1045,739,23,81
1043,738,23,81
1041,737,23,81
1040,736,24,83
1037,735,24,83
1035,735,24,83
1033,735,24,83
1030,735,24,83
1028,735,24,83
1026,734,24,83
1023,734,24,83
1021,734,24,83
1019,734,24,83
1017,734,33,81
1015,733,33,81
1013,733,33,81
1011,733,33,81
1010,733,33,81
1008,733,33,81
1006,732,33,81
1005,732,33,81
1003,732,33,81
1001,732,33,81
1000,732,25,81
998,730,25,81
997,729,25,81
996,728,25,81
995,727,25,81
994,726,25,81
993,725,25,81
992,724,25,81
991,723,25,81
990,722,25,81
989,721,30,78
987,720,30,78
986,720,30,78
985,719,30,78
984,719,30,78
983,719,30,78
981,718,30,78
980,718,30,78
979,717,30,78
978,717,30,78
977,717,30,78
975,716,30,78
974,715,30,78
973,714,30,78
971,713,30,78
970,713,30,78
969,712,30,78
967,711,30,78
966,710,30,78
965,709,30,78
964,709,30,78
963,708,30,78
963,708,30,78
963,708,30,78
962,708,30,78
962,708,30,78
962,708,30,78
961,708,30,78
961,708,30,78
961,708,30,78
961,708,23,75
961,707,23,75
961,707,23,75
961,706,23,75
961,706,23,75
961,706,23,75
961,705,23,75
961,705,23,75
961,704,23,75
961,704,23,75
961,704,19,72
960,703,19,72
960,702,19,72
959,702,19,72
959,701,19,72
959,701,19,72
958,700,19,72
958,699,19,72
957,699,19,72
957,698,19,72
957,698,30,76
957,698,30,76
957,698,30,76
957,698,30,76
958,698,30,76
958,699,30,76
958,699,30,76
959,699,30,76
959,699,30,76
959,699,30,76
960,700,22,75
960,699,22,75
960,699,22,75
960,699,22,75
961,698,22,75
961,698,22,75
961,698,22,75
962,697,22,75
962,697,22,75
962,697,22,75
963,697,22,75
963,697,22,75
963,697,22,75
964,697,22,75
964,697,22,75
965,697,22,75
965,697,22,75
965,697,22,75
966,697,22,75
966,697,22,75
967,697,32,72
967,696,32,72
968,695,32,72
968,694,32,72
969,693,32,72
970,692,32,72
970,691,32,72
971,690,32,72
971,689,32,72
972,688,32,72
973,688,30,71
973,688,30,71
973,688,30,71
973,688,30,71
974,688,30,71
974,688,30,71
974,688,30,71
975,688,30,71
975,688,30,71
975,688,30,71
976,689,28,73
976,688,28,73
976,688,28,73
977,688,28,73
977,688,28,73
978,688,28,73
978,688,28,73
978,688,28,73
979,688,28,73
979,688,28,73
980,688,28,73
980,688,28,73
981,688,28,73
981,688,28,73
982,688,28,73
982,689,28,73
983,689,28,73
983,689,28,73
984,689,28,73
984,689,28,73
985,690,28,73
985,688,28,73
985,687,28,73
985,686,28,73
986,685,28,73
986,684,28,73
986,682,28,73
987,681,28,73
987,680,28,73
987,679,28,73
988,678,28,73
987,677,28,73
987,677,28,73
987,677,28,73
986,676,28,73
986,676,28,73
986,676,28,73
985,675,28,73
985,675,28,73
985,675,28,73
985,675,28,73
985,674,28,73
985,674,28,73
986,674,28,73
986,674,28,73
987,674,28,73
987,673,28,73
987,673,28,73
988,673,28,73
988,673,28,73
989,673,28,73
989,673,28,73
989,673,28,73
989,673,28,73
990,673,28,73
990,673,28,73
990,673,28,73
991,673,28,73
991,673,28,73
991,673,28,73
992,674,28,73
991,673,28,73
991,673,28,73
990,673,28,73
990,673,28,73
989,673,28,73
989,672,28,73
988,672,28,73
988,672,28,73
987,672,28,73
987,672,28,73
986,672,28,73
985,672,28,73
984,672,28,73
984,673,28,73
983,673,28,73
982,673,28,73
982,674,28,73
981,674,28,73
980,674,28,73
980,675,28,73
979,674,28,73
978,674,28,73
977,674,28,73
977,673,28,73
976,673,28,73
975,673,28,73
975,672,28,73
974,672,28,73
973,672,28,73
973,672,28,73
971,672,28,73
970,673,28,73
968,673,28,73
967,674,28,73
966,675,28,73
964,675,28,73
963,676,28,73
961,676,28,73
960,677,28,73
959,678,36,73
959,677,36,73
959,676,36,73
959,675,36,73
959,675,36,73
959,674,36,73
959,673,36,73
959,673,36,73
959,672,36,73
959,671,36,73
959,671,25,73
957,672,25,73
956,673,25,73
955,674,25,73
953,675,25,73
952,677,25,73
951,678,25,73
949,679,25,73
948,680,25,73
947,681,25,73
946,683,25,73
944,682,25,73
943,682,25,73
942,682,25,73
941,682,25,73
940,682,25,73
938,682,25,73
937,682,25,73
936,682,25,73
935,682,25,73
934,682,32,70
934,681,32,70
934,680,32,70
934,679,32,70
934,678,32,70
934,677,32,70
934,676,32,70
934,675,32,70
934,674,32,70
934,673,32,70
934,673,23,81
933,674,23,81
933,675,23,81
933,676,23,81
933,677,23,81
933,679,23,81
933,680,23,81
933,681,23,81
933,682,23,81
933,683,23,81
933,685,23,74
933,685,23,74
933,686,23,74
933,687,23,74
933,687,23,74
933,688,23,74
933,689,23,74
933,689,23,74
933,690,23,74
933,691,23,74
933,692,20,69
932,692,20,69
932,692,20,69
931,692,20,69
931,692,20,69
930,692,20,69
930,692,20,69
929,692,20,69
929,692,20,69
928,692,20,69
928,693,20,80
927,693,20,80
927,693,20,80
926,693,20,80
926,694,20,80
926,694,20,80
925,694,20,80
925,695,20,80
924,695,20,80
924,695,20,80
924,696,24,81
923,696,24,81
923,696,24,81
922,696,24,81
922,696,24,81
922,696,24,81
921,696,24,81
921,696,24,81
920,696,24,81
920,696,24,81
920,696,28,81
919,697,28,81
919,698,28,81
919,699,28,81
919,701,28,81
919,702,28,81
919,703,28,81
919,705,28,81
919,706,28,81
919,707,28,81
919,709,26,74
919,708,26,74
919,707,26,74
919,706,26,74
919,705,26,74
919,704,26,74
919,703,26,74
919,702,26,74
919,701,26,74
919,700,26,74
920,699,25,85
920,698,25,85
920,698,25,85
920,698,25,85
920,698,25,85
921,698,25,85
921,698,25,85
921,698,25,85
921,698,25,85
921,698,25,85
922,698,28,86
922,698,28,86
922,698,28,86
922,698,28,86
922,698,28,86
923,698,28,86
923,698,28,86
923,698,28,86
923,698,28,86
923,698,28,86
924,698,30,86
924,698,30,86
924,698,30,86
925,699,30,86
925,699,30,86
926,700,30,86
926,700,30,86
926,700,30,86
927,701,30,86
927,701,30,86
928,702,27,79
927,702,27,79
927,702,27,79
926,702,27,79
926,702,27,79
926,703,27,79
925,703,27,79
925,703,27,79
924,703,27,79
924,703,27,79
924,704,37,78
923,703,37,78
923,703,37,78
923,703,37,78
923,702,37,78
923,702,37,78
922,702,37,78
922,701,37,78
922,701,37,78
922,701,37,78
922,701,25,81
922,701,25,81
922,702,25,81
922,702,25,81
922,703,25,81
922,704,25,81
922,704,25,81
922,705,25,81
922,705,25,81
922,706,25,81
923,707,23,83
921,707,23,83
920,707,23,83
918,707,23,83
917,707,23,83
916,707,23,83
914,707,23,83
913,707,23,83
911,707,23,83
910,707,23,83
909,707,29,73
908,707,29,73
908,707,29,73
908,707,29,73
908,708,29,73
908,708,29,73
908,708,29,73
908,709,29,73
908,709,29,73
908,709,29,73
908,710,30,78
907,709,30,78
907,709,30,78
906,709,30,78
906,708,30,78
905,708,30,78
905,708,30,78
904,707,30,78
904,707,30,78
903,707,30,78
903,707,33,82
902,707,33,82
902,708,33,82
902,708,33,82
902,709,33,82
902,710,33,82
902,710,33,82
902,711,33,82
902,711,33,82
902,712,33,82
902,713,27,74
901,712,27,74
901,712,27,74
901,711,27,74
901,711,27,74
901,710,27,74
900,710,27,74
900,709,27,74
900,709,27,74
900,708,27,74
900,708,33,77
900,707,33,77
900,707,33,77
900,707,33,77
900,707,33,77
900,707,33,77
900,706,33,77
900,706,33,77
900,706,33,77
900,706,33,77
900,706,27,81
900,706,27,81
900,706,27,81
900,706,27,81
900,706,27,81
901,707,27,81
901,707,27,81
901,707,27,81
901,707,27,81
901,707,27,81
902,708,26,81
901,708,26,81
901,708,26,81
901,708,26,81
901,708,26,81
901,709,26,81
901,709,26,81
901,709,26,81
901,709,26,81
901,709,26,81
901,710,34,76
901,709,34,76
902,709,34,76
902,709,34,76
903,709,34,76
904,709,34,76
904,709,34,76
905,709,34,76
905,709,34,76
906,709,34,76
907,709,25,81
907,709,25,81
908,710,25,81
908,711,25,81
909,712,25,81
909,713,25,81
910,713,25,81
910,714,25,81
911,715,25,81
911,716,25,81
912,717,25,77
912,716,25,77
912,716,25,77
913,716,25,77
913,716,25,77
914,716,25,77
914,716,25,77
914,716,25,77
915,716,25,77
915,716,25,77
916,716,25,77
916,716,25,77
917,717,25,77
918,717,25,77
918,718,25,77
919,719,25,77
920,719,25,77
920,720,25,77
921,720,25,77
922,721,25,77
923,722,25,77
923,721,25,77
924,721,25,77
925,721,25,77
925,721,25,77
926,721,25,77
927,720,25,77
927,720,25,77
928,720,25,77
929,720,25,77
930,720,25,77
930,720,25,77
931,721,25,77
932,721,25,77
932,722,25,77
933,722,25,77
934,723,25,77
934,723,25,77
935,724,25,77
936,724,25,77
937,725,25,77
937,725,25,77
938,725,25,77
938,726,25,77
939,726,25,77
939,727,25,77
940,727,25,77
940,727,25,77
941,728,25,77
941,728,25,77
942,729,28,77
942,728,28,77
943,727,28,77
943,727,28,77
944,726,28,77
945,726,28,77
945,725,28,77
946,724,28,77
946,724,28,77
947,723,28,77
948,723,26,85
948,723,26,85
949,723,26,85
950,723,26,85
951,724,26,85
952,724,26,85
953,724,26,85
954,725,26,85
955,725,26,85
956,725,26,85
957,726,26,77
957,726,26,77
957,726,26,77
957,726,26,77
958,726,26,77
958,726,26,77
958,726,26,77
959,726,26,77
959,726,26,77
959,726,26,77
960,726,26,77
961,726,26,77
962,726,26,77
963,726,26,77
964,726,26,77
965,726,26,77
966,726,26,77
967,726,26,77
968,726,26,77
969,726,26,77
970,726,26,77
971,726,26,77
972,726,26,77
973,726,26,77
974,726,26,77
975,726,26,77
976,726,26,77
977,726,26,77
978,726,26,77
979,726,26,77
980,727,26,77
980,727,26,77
980,727,26,77
980,728,26,77
980,728,26,77
980,729,26,77
980,729,26,77
980,729,26,77
980,730,26,77
980,730,26,77
980,731,26,77
979,731,26,77
978,732,26,77
977,733,26,77
976,733,26,77
976,734,26,77
975,735,26,77
974,735,26,77
973,736,26,77
972,737,26,77
972,738,26,77
972,737,26,77
972,737,26,77
972,737,26,77
973,737,26,77
973,737,26,77
973,737,26,77
974,737,26,77
974,737,26,77
974,737,26,77
975,737,26,77
975,737,26,77
976,737,26,77
976,737,26,77
977,737,26,77
977,737,26,77
978,737,26,77
978,737,26,77
979,737,26,77
979,737,26,77
980,738,26,77
979,737,26,77
979,737,26,77
978,737,26,77
978,737,26,77
978,737,26,77
977,737,26,77
977,737,26,77
976,737,26,77
976,737,26,77
976,737,26,77
975,736,26,77
975,736,26,77
975,735,26,77
974,735,26,77
974,735,26,77
974,734,26,77
973,734,26,77
973,733,26,77
973,733,26,77
973,733,26,77
972,733,26,77
972,733,26,77
972,733,26,77
972,733,26,77
972,733,26,77
972,733,26,77
972,733,26,77
972,733,26,77
972,733,26,77
972,734,26,77
971,733,26,77
971,733,26,77
970,733,26,77
970,732,26,77
970,732,26,77
969,732,26,77
969,731,26,77
968,731,26,77
968,731,26,77
968,731,26,77
967,731,26,77
967,732,26,77
966,733,26,77
966,733,26,77
966,734,26,77
965,735,26,77
965,735,26,77
964,736,26,77
964,737,26,77
964,738,26,76
964,737,26,76
964,737,26,76
964,737,26,76
964,737,26,76
964,737,26,76
964,737,26,76
964,737,26,76
964,737,26,76
964,737,26,76
965,737,26,76
964,737,26,76
963,737,26,76
962,737,26,76
961,737,26,76
960,738,26,76
959,738,26,76
958,738,26,76
957,738,26,76
956,738,26,76
955,739,35,76
954,739,35,76
953,739,35,76
952,739,35,76
952,740,35,76
951,740,35,76
950,740,35,76
950,741,35,76
949,741,35,76
948,741,35,76
948,742,27,67
948,743,27,67
948,744,27,67
948,746,27,67
948,747,27,67
949,749,27,67
949,750,27,67
949,751,27,67
949,753,27,67
949,754,27,67
950,756,27,67
949,756,27,67
948,756,27,67
948,756,27,67
947,757,27,67
947,757,27,67
946,757,27,67
945,758,27,67
945,758,27,67
944,758,27,67
944,759,30,67
943,758,30,67
943,757,30,67
943,756,30,67
943,755,30,67
943,754,30,67
942,753,30,67
942,752,30,67
942,751,30,67
942,750,30,67
942,749,28,79
941,749,28,79
941,750,28,79
940,750,28,79
940,751,28,79
939,752,28,79
939,752,28,79
938,753,28,79
938,753,28,79
937,754,28,79
937,755,28,79
937,755,28,79
938,756,28,79
938,757,28,79
939,758,28,79
940,759,28,79
940,759,28,79
941,760,28,79
941,761,28,79
942,762,28,79
943,763,28,79
943,761,28,79
943,760,28,79
943,759,28,79
943,758,28,79
943,757,28,79
943,755,28,79
943,754,28,79
943,753,28,79
943,752,28,79
944,751,28,79
944,751,28,79
944,751,28,79
945,752,28,79
945,752,28,79
946,753,28,79
946,753,28,79
946,753,28,79
947,754,28,79
947,754,28,79
948,755,28,79
947,754,28,79
947,754,28,79
947,754,28,79
947,754,28,79
947,754,28,79
947,753,28,79
947,753,28,79
947,753,28,79
947,753,28,79
947,753,28,79
948,752,28,79
950,751,28,79
952,750,28,79
954,749,28,79
956,748,28,79
957,747,28,79
959,746,28,79
961,745,28,79
963,744,28,79
965,743,28,79
964,743,28,79
963,744,28,79
962,744,28,79
961,745,28,79
960,746,28,79
959,746,28,79
958,747,28,79
957,747,28,79
956,748,28,79
955,749,33,76
955,749,33,76
956,749,33,76
957,749,33,76
957,749,33,76
958,749,33,76
959,749,33,76
959,749,33,76
960,749,33,76
961,749,33,76
962,749,29,81
946,733,29,81
930,718,29,81
914,703,29,81
898,687,29,81
882,672,29,81
866,657,29,81
850,641,29,81
834,626,29,81
818,611,29,81
803,596,26,86
802,595,26,86
801,595,26,86
800,594,26,86
799,594,26,86
798,594,26,86
797,593,26,86
796,593,26,86
795,592,26,86
794,592,26,86
794,592,26,86
792,591,26,86
791,591,26,86
790,591,26,86
789,591,26,86
788,591,26,86
786,590,26,86
785,590,26,86
784,590,26,86
783,590,26,86
782,590,26,86
781,589,26,86
780,589,26,86
779,589,26,86
778,589,26,86
777,589,26,86
776,589,26,86
775,589,26,86
774,589,26,86
773,589,26,86
772,589,26,86
771,588,26,86
770,588,26,86
770,587,26,86
769,587,26,86
769,586,26,86
768,586,26,86
767,585,26,86
767,585,26,86
766,584,26,86
766,584,26,86
764,583,26,86
763,583,26,86
762,583,26,86
761,583,26,86
760,583,26,86
759,583,26,86
758,583,26,86
757,583,26,86
756,583,26,86
755,583,26,86
753,582,26,86
752,582,26,86
751,581,26,86
750,581,26,86
749,581,26,86
747,580,26,86
746,580,26,86
745,579,26,86
744,579,26,86
743,579,26,86
742,579,26,86
741,579,26,86
740,579,26,86
739,579,26,86
739,580,26,86
738,580,26,86
737,580,26,86
736,580,26,86
735,580,26,86
735,581,26,86
733,580,26,86
732,580,26,86
731,580,26,86
729,580,26,86
728,580,26,86
727,580,26,86
725,580,26,86
724,580,26,86
723,580,26,86
722,580,26,86
721,580,26,86
720,580,26,86
719,580,26,86
719,580,26,86
718,580,26,86
717,580,26,86
717,580,26,86
716,580,26,86
715,580,26,86
715,581,26,86
714,580,26,86
713,580,26,86
712,580,26,86
711,579,26,86
711,579,26,86
710,579,26,86
709,578,26,86
708,578,26,86
707,578,26,86
707,578,26,86
705,578,26,86
704,578,26,86
703,578,26,86
701,578,26,86
700,578,26,86
699,578,26,86
697,578,26,86
696,578,26,86
695,578,26,86
694,578,26,86
693,578,26,86
692,578,26,86
691,579,26,86
690,579,26,86
689,580,26,86
688,580,26,86
687,580,26,86
686,581,26,86
685,581,26,86
685,582,31,85
687,582,31,85
689,582,31,85
691,582,31,85
693,582,31,85
696,582,31,85
698,582,31,85
700,582,31,85
702,582,31,85
704,582,31,85
707,583,26,86
711,583,26,86
716,584,26,86
721,584,26,86
726,585,26,86
731,585,26,86
736,586,26,86
741,586,26,86
746,587,26,86
751,587,26,86
756,588,26,86
756,588,26,86
757,588,26,86
757,589,26,86
758,589,26,86
759,590,26,86
759,590,26,86
760,590,26,86
760,591,26,86
761,591,26,86
762,592,26,86
761,591,26,86
760,591,26,86
759,591,26,86
759,590,26,86
758,590,26,86
757,590,26,86
757,589,26,86
756,589,26,86
755,589,26,86
755,589,26,86
753,590,26,86
752,592,26,86
751,593,26,86
750,595,26,86
749,596,26,86
747,598,26,86
746,599,26,86
745,601,26,86
744,602,26,86
743,604,26,86
742,604,26,86
741,605,26,86
741,605,26,86
740,606,26,86
740,606,26,86
739,607,26,86
738,607,26,86
738,608,26,86
737,608,26,86
737,609,26,86
735,609,26,86
734,610,26,86
733,610,26,86
731,611,26,86
730,611,26,86
729,612,26,86
727,612,26,86
726,613,26,86
725,613,26,86
724,614,31,86
723,614,31,86
723,614,31,86
723,615,31,86
722,615,31,86
722,616,31,86
722,616,31,86
721,616,31,86
721,617,31,86
721,617,31,86
721,618,27,94
723,619,27,94
725,621,27,94
727,622,27,94
729,624,27,94
731,625,27,94
733,627,27,94
735,628,27,94
737,630,27,94
739,631,27,94
741,633,24,90
741,633,24,90
742,633,24,90
743,634,24,90
744,634,24,90
745,635,24,90
746,635,24,90
747,635,24,90
748,636,24,90
749,636,24,90
750,637,30,88
750,636,30,88
751,636,30,88
751,636,30,88
752,636,30,88
753,636,30,88
753,635,30,88
754,635,30,88
754,635,30,88
755,635,30,88
756,635,30,88
757,635,30,88
758,636,30,88
759,636,30,88
760,637,30,88
761,637,30,88
762,638,30,88
763,638,30,88
764,639,30,88
765,639,30,88
767,640,30,88
767,640,30,88
768,640,30,88
769,640,30,88
769,640,30,88
770,640,30,88
771,640,30,88
771,640,30,88
772,640,30,88
773,640,30,88
774,641,30,88
774,642,30,88
774,644,30,88
774,645,30,88
775,647,30,88
775,648,30,88
775,650,30,88
776,651,30,88
776,653,30,88
776,654,30,88
777,656,30,88
776,656,30,88
776,657,30,88
776,658,30,88
775,659,30,88
775,660,30,88
775,660,30,88
774,661,30,88
774,662,30,88
774,663,30,88
774,664,30,88
772,664,30,88
771,665,30,88
770,666,30,88
769,667,30,88
768,668,30,88
766,669,30,88
765,670,30,88
764,671,30,88
763,672,30,88
762,673,30,88
760,673,30,88
759,674,30,88
758,675,30,88
757,676,30,88
756,677,30,88
754,678,30,88
753,679,30,88
752,680,30,88
751,681,30,88
750,682,38,88
751,682,38,88
752,682,38,88
753,682,38,88
755,682,38,88
756,682,38,88
757,682,38,88
759,682,38,88
760,682,38,88
761,682,38,88
763,683,27,101
764,684,27,101
765,686,27,101
766,687,27,101
767,689,27,101
768,691,27,101
769,692,27,101
770,694,27,101
771,695,27,101
772,697,27,101
774,699,36,94
773,699,36,94
772,700,36,94
771,701,36,94
770,702,36,94
770,703,36,94
769,704,36,94
768,705,36,94
767,706,36,94
766,707,36,94
766,708,28,91
764,709,28,91
762,710,28,91
761,711,28,91
759,712,28,91
758,713,28,91
756,714,28,91
754,715,28,91
753,716,28,91
751,717,28,91
750,718,32,90
749,719,32,90
748,720,32,90
747,721,32,90
746,722,32,90
746,723,32,90
745,724,32,90
744,725,32,90
743,726,32,90
742,727,32,90
742,729,27,94
742,729,27,94
742,730,27,94
742,731,27,94
742,731,27,94
742,732,27,94
742,733,27,94
742,733,27,94
742,734,27,94
742,735,27,94
743,736,38,92
744,736,38,92
745,737,38,92
746,738,38,92
747,739,38,92
749,740,38,92
750,741,38,92
751,742,38,92
752,743,38,92
753,744,38,92
755,745,33,93
756,745,33,93
757,746,33,93
758,747,33,93
759,748,33,93
761,749,33,93
762,750,33,93
763,751,33,93
764,752,33,93
765,753,33,93
767,754,33,93
767,754,33,93
768,755,33,93
768,755,33,93
769,756,33,93
770,757,33,93
770,757,33,93
771,758,33,93
771,758,33,93
772,759,33,93
773,760,42,93
772,760,42,93
772,761,42,93
772,762,42,93
772,763,42,93
772,764,42,93
771,765,42,93
771,766,42,93
771,767,42,93
771,768,42,93
771,769,49,82
771,769,49,82
772,769,49,82
772,769,49,82
773,769,49,82
773,769,49,82
774,769,49,82
774,769,49,82
775,769,49,82
775,769,49,82
776,770,30,91
775,770,30,91
775,771,30,91
775,772,30,91
775,773,30,91
775,774,30,91
774,774,30,91
774,775,30,91
774,776,30,91
774,777,30,91
774,778,44,88
777,778,44,88
780,778,44,88
783,778,44,88
786,779,44,88
789,779,44,88
792,779,44,88
795,780,44,88
798,780,44,88
801,780,44,88
805,781,26,95
803,783,26,95
801,785,26,95
799,787,26,95
797,789,26,95
795,791,26,95
793,793,26,95
791,795,26,95
789,797,26,95
787,799,26,95
786,801,39,90
785,801,39,90
784,801,39,90
783,801,39,90
783,801,39,90
782,801,39,90
781,801,39,90
781,801,39,90
780,801,39,90
779,801,39,90
779,802,30,96
777,803,30,96
775,804,30,96
773,806,30,96
771,807,30,96
769,809,30,96
767,810,30,96
765,811,30,96
763,813,30,96
761,814,30,96
760,816,43,96
761,816,43,96
762,816,43,96
763,817,43,96
765,817,43,96
766,818,43,96
767,818,43,96
769,818,43,96
770,819,43,96
771,819,43,96
773,820,29,99
773,821,29,99
773,822,29,99
773,823,29,99
774,824,29,99
774,825,29,99
774,826,29,99
775,827,29,99
775,828,29,99
775,829,29,99
776,831,36,94
776,831,36,94
777,832,36,94
777,833,36,94
778,833,36,94
778,834,36,94
779,835,36,94
779,835,36,94
780,836,36,94
780,837,36,94
781,838,28,97
780,839,28,97
779,840,28,97
778,841,28,97
778,842,28,97
777,843,28,97
776,844,28,97
776,845,28,97
775,846,28,97
774,847,28,97
774,849,29,91
772,849,29,91
771,849,29,91
769,849,29,91
768,849,29,91
767,850,29,91
765,850,29,91
764,850,29,91
762,850,29,91
761,850,29,91
760,851,33,93
759,850,33,93
758,850,33,93
757,850,33,93
756,850,33,93
755,850,33,93
754,849,33,93
753,849,33,93
752,849,33,93
751,849,33,93
750,849,33,93
749,850,33,93
748,851,33,93
748,852,33,93
747,853,33,93
747,854,33,93
746,855,33,93
745,856,33,93
745,857,33,93
744,858,33,93
744,859,33,93
743,859,33,93
742,859,33,93
741,859,33,93
740,859,33,93
739,859,33,93
738,859,33,93
737,859,33,93
736,859,33,93
735,859,33,93
734,859,33,93
733,859,33,93
732,859,33,93
731,860,33,93
730,860,33,93
729,861,33,93
728,861,33,93
727,861,33,93
726,862,33,93
725,862,33,93
724,863,33,93
722,863,33,93
720,863,33,93
718,863,33,93
716,863,33,93
715,863,33,93
713,863,33,93
711,863,33,93
709,863,33,93
707,863,33,93
706,864,33,93
705,864,33,93
704,865,33,93
703,865,33,93
702,866,33,93
701,867,33,93
700,867,33,93
699,868,33,93
698,868,33,93
697,869,33,93
697,870,33,93
695,870,33,93
693,870,33,93
691,870,33,93
690,870,33,93
688,871,33,93
686,871,33,93
685,871,33,93
683,871,33,93
681,871,33,93
680,872,40,94
677,872,40,94
675,873,40,94
673,874,40,94
671,874,40,94
669,875,40,94
667,876,40,94
665,876,40,94
663,877,40,94
661,878,40,94
659,879,36,80
657,879,36,80
655,880,36,80
653,881,36,80
651,881,36,80
650,882,36,80
648,883,36,80
646,883,36,80
644,884,36,80
642,885,36,80
641,886,33,84
638,886,33,84
635,886,33,84
633,886,33,84
630,886,33,84
628,887,33,84
625,887,33,84
622,887,33,84
620,887,33,84
617,887,33,84
615,888,47,83
613,888,47,83
612,888,47,83
610,888,47,83
609,888,47,83
607,888,47,83
606,888,47,83
604,888,47,83
603,888,47,83
601,888,47,83
600,888,30,86
597,887,30,86
595,887,30,86
592,887,30,86
590,887,30,86
587,887,30,86
585,886,30,86
582,886,30,86
580,886,30,86
577,886,30,86
575,886,45,85
573,886,45,85
571,886,45,85
569,886,45,85
567,886,45,85
565,886,45,85
563,886,45,85
561,886,45,85
559,886,45,85
557,886,45,85
556,886,30,86
554,885,30,86
552,885,30,86
550,885,30,86
548,884,30,86
546,884,30,86
544,884,30,86
542,883,30,86
540,883,30,86
538,883,30,86
536,883,30,87
534,883,30,87
532,883,30,87
530,883,30,87
529,883,30,87
527,883,30,87
525,883,30,87
524,883,30,87
522,883,30,87
520,883,30,87
519,884,31,80
517,883,31,80
516,883,31,80
515,883,31,80
513,883,31,80
512,883,31,80
511,883,31,80
509,883,31,80
508,883,31,80
507,883,31,80
506,883,29,88
505,883,29,88
504,883,29,88
503,883,29,88
503,883,29,88
502,884,29,88
501,884,29,88
501,884,29,88
500,884,29,88
499,884,29,88
499,885,31,90
498,884,31,90
498,884,31,90
497,884,31,90
497,884,31,90
496,884,31,90
496,884,31,90
495,884,31,90
495,884,31,90
494,884,31,90
494,884,29,91
493,883,29,91
493,883,29,91
493,882,29,91
492,882,29,91
492,881,29,91
492,881,29,91
491,880,29,91
491,880,29,91
491,879,29,91
491,879,35,89
490,879,35,89
490,879,35,89
490,879,35,89
490,879,35,89
490,879,35,89
489,879,35,89
489,879,35,89
489,879,35,89
489,879,35,89
489,879,30,93
489,879,30,93
489,880,30,93
489,880,30,93
489,881,30,93
489,881,30,93
489,882,30,93
489,882,30,93
489,883,30,93
489,883,30,93
490,884,33,88
490,884,33,88
490,884,33,88
490,884,33,88
491,884,33,88
491,884,33,88
491,884,33,88
492,884,33,88
492,884,33,88
492,884,33,88
493,884,29,90
493,884,29,90
493,884,29,90
493,884,29,90
494,884,29,90
494,884,29,90
494,884,29,90
495,884,29,90
495,884,29,90
495,884,29,90
496,885,31,83
496,885,31,83
496,885,31,83
496,885,31,83
497,885,31,83
497,885,31,83
497,885,31,83
498,885,31,83
498,885,31,83
498,885,31,83
499,886,32,85
499,885,32,85
499,885,32,85
500,885,32,85
500,885,32,85
501,885,32,85
501,885,32,85
501,885,32,85
502,885,32,85
502,885,32,85
503,885,33,87
503,884,33,87
503,884,33,87
503,884,33,87
504,884,33,87
504,884,33,87
504,883,33,87
505,883,33,87
505,883,33,87
505,883,33,87
506,883,30,88
506,882,30,88
507,881,30,88
508,880,30,88
508,880,30,88
509,879,30,88
510,878,30,88
510,878,30,88
511,877,30,88
512,876,30,88
513,876,29,88
513,876,29,88
514,876,29,88
514,876,29,88
515,876,29,88
515,876,29,88
516,876,29,88
516,876,29,88
517,876,29,88
517,876,29,88
518,876,29,90
518,876,29,90
519,876,29,90
519,876,29,90
520,876,29,90
521,877,29,90
521,877,29,90
522,877,29,90
522,877,29,90
523,877,29,90
524,878,30,86
524,877,30,86
524,877,30,86
524,877,30,86
524,876,30,86
525,876,30,86
525,876,30,86
525,875,30,86
525,875,30,86
525,875,30,86
526,875,42,91
527,874,42,91
528,874,42,91
530,874,42,91
531,874,42,91
533,874,42,91
534,873,42,91
535,873,42,91
537,873,42,91
538,873,42,91
540,873,28,83
540,873,28,83
541,873,28,83
541,873,28,83
542,873,28,83
543,873,28,83
543,873,28,83
544,873,28,83
544,873,28,83
545,873,28,83
546,873,45,87
547,872,45,87
548,872,45,87
550,872,45,87
551,872,45,87
553,872,45,87
554,872,45,87
555,872,45,87
557,872,45,87
558,872,45,87
560,872,39,90
561,871,39,90
562,871,39,90
563,870,39,90
564,870,39,90
565,870,39,90
566,869,39,90
567,869,39,90
568,868,39,90
569,868,39,90
570,868,40,90
571,867,40,90
572,867,40,90
573,867,40,90
574,867,40,90
575,867,40,90
576,867,40,90
577,867,40,90
578,867,40,90
579,867,40,90
581,867,29,91
582,867,29,91
583,867,29,91
584,867,29,91
585,867,29,91
586,867,29,91
587,867,29,91
588,867,29,91
589,867,29,91
590,867,29,91
592,868,27,86
592,867,27,86
592,867,27,86
592,867,27,86
592,867,27,86
593,867,27,86
593,867,27,86
593,867,27,86
593,867,27,86
593,867,27,86
594,867,44,85
594,866,44,85
594,866,44,85
595,866,44,85
595,866,44,85
596,866,44,85
596,865,44,85
596,865,44,85
597,865,44,85
597,865,44,85
598,865,33,94
598,865,33,94
599,865,33,94
600,865,33,94
601,865,33,94
602,865,33,94
603,865,33,94
604,865,33,94
605,865,33,94
606,865,33,94
607,866,28,92
607,865,28,92
607,865,28,92
607,865,28,92
607,865,28,92
608,865,28,92
608,865,28,92
608,865,28,92
608,865,28,92
608,865,28,92
609,865,39,94
609,864,39,94
609,864,39,94
609,863,39,94
610,863,39,94
610,862,39,94
610,862,39,94
611,861,39,94
611,861,39,94
611,860,39,94
612,860,34,102
613,860,34,102
614,861,34,102
615,861,34,102
616,862,34,102
617,862,34,102
618,863,34,102
619,863,34,102
620,864,34,102
621,864,34,102
623,865,36,87
624,865,36,87
625,866,36,87
627,867,36,87
628,867,36,87
630,868,36,87
631,869,36,87
632,869,36,87
634,870,36,87
635,871,36,87
637,872,31,72
639,872,31,72
641,873,31,72
643,873,31,72
645,874,31,72
647,874,31,72
649,875,31,72
651,875,31,72
653,876,31,72
655,876,31,72
658,877,33,69
654,877,33,69
651,877,33,69
647,877,33,69
644,877,33,69
640,878,33,69
637,878,33,69
633,878,33,69
630,878,33,69
626,878,33,69
623,879,36,84
619,879,36,84
616,880,36,84
613,880,36,84
609,881,36,84
606,882,36,84
603,882,36,84
599,883,36,84
596,883,36,84
593,884,36,84
590,885,34,86
588,885,34,86
587,885,34,86
586,886,34,86
584,886,34,86
583,887,34,86
582,887,34,86
580,887,34,86
579,888,34,86
578,888,34,86
577,889,33,82
576,889,33,82
576,889,33,82
576,889,33,82
575,889,33,82
575,890,33,82
575,890,33,82
574,890,33,82
574,890,33,82
574,890,33,82
574,891,41,79
573,891,41,79
572,892,41,79
572,893,41,79
571,894,41,79
571,895,41,79
570,896,41,79
569,897,41,79
569,898,41,79
568,899,41,79
568,900,35,63
566,900,35,63
565,901,35,63
564,902,35,63
562,902,35,63
561,903,35,63
560,904,35,63
558,904,35,63
557,905,35,63
556,906,35,63
555,907,31,71
551,907,31,71
547,908,31,71
544,909,31,71
540,909,31,71
537,910,31,71
533,911,31,71
529,911,31,71
526,912,31,71
522,913,31,71
519,914,36,81
516,914,36,81
513,914,36,81
510,914,36,81
507,914,36,81
504,914,36,81
501,914,36,81
498,914,36,81
495,914,36,81
492,914,36,81
489,915,31,93
486,916,31,93
484,917,31,93
481,918,31,93
479,919,31,93
477,921,31,93
474,922,31,93
472,923,31,93
469,924,31,93
467,925,31,93
465,927,31,91
462,927,31,91
460,928,31,91
457,928,31,91
455,929,31,91
452,930,31,91
450,930,31,91
447,931,31,91
445,931,31,91
442,932,31,91
440,933,32,91
437,933,32,91
434,933,32,91
431,933,32,91
429,933,32,91
426,933,32,91
423,933,32,91
421,933,32,91
418,933,32,91
415,933,32,91
413,933,41,101
411,934,41,101
410,935,41,101
408,936,41,101
407,937,41,101
406,938,41,101
404,939,41,101
403,940,41,101
401,941,41,101
400,942,41,101
399,944,33,95
398,945,33,95
398,946,33,95
398,947,33,95
398,949,33,95
398,950,33,95
397,951,33,95
397,953,33,95
397,954,33,95
397,955,33,95
397,957,33,83
397,957,33,83
397,957,33,83
397,958,33,83
397,958,33,83
398,959,33,83
398,959,33,83
398,959,33,83
398,960,33,83
398,960,33,83
399,961,44,89
399,961,44,89
400,961,44,89
401,961,44,89
401,962,44,89
402,962,44,89
403,962,44,89
403,963,44,89
404,963,44,89
405,963,44,89
406,964,34,92
400,964,34,92
395,965,34,92
390,966,34,92
385,967,34,92
380,968,34,92
375,969,34,92
370,970,34,92
365,971,34,92
360,972,34,92
355,973,29,87
349,973,29,87
343,974,29,87
337,975,29,87
332,976,29,87
326,977,29,87
320,978,29,87
315,979,29,87
309,980,29,87
303,981,29,87
298,982,38,92
295,982,38,92
292,983,38,92
290,984,38,92
287,985,38,92
285,986,38,92
282,986,38,92
279,987,38,92
277,988,38,92
274,989,38,92
272,990,35,85
272,990,35,85
273,991,35,85
274,991,35,85
275,992,35,85
276,993,35,85
277,993,35,85
278,994,35,85
279,994,35,85
280,995,35,85
281,996,31,84
288,996,31,84
295,996,31,84
302,996,31,84
309,996,31,84
316,997,31,84
323,997,31,84
330,997,31,84
337,997,31,84
344,997,31,84
351,998,31,82
358,998,31,82
366,998,31,82
374,998,31,82
381,998,31,82
389,998,31,82
397,998,31,82
404,998,31,82
412,998,31,82
420,998,31,82
428,999,39,81
435,998,39,81
442,998,39,81
449,998,39,81
457,998,39,81
464,998,39,81
471,998,39,81
479,998,39,81
486,998,39,81
493,998,39,81
501,998,34,82
507,997,34,82
514,997,34,82
521,997,34,82
528,997,34,82
535,997,34,82
541,996,34,82
548,996,34,82
555,996,34,82
562,996,34,82
569,996,33,84
576,995,33,84
583,995,33,84
590,994,33,84
598,994,33,84
605,993,33,84
612,993,33,84
620,992,33,84
627,992,33,84
634,991,33,84
642,991,30,89
647,990,30,89
652,990,30,89
657,989,30,89
663,989,30,89
668,988,30,89
673,988,30,89
679,987,30,89
684,987,30,89
689,986,30,89
695,986,35,94
700,985,35,94
705,985,35,94
710,985,35,94
716,985,35,94
721,985,35,94
726,984,35,94
732,984,35,94
737,984,35,94
742,984,35,94
748,984,34,96
750,986,34,96
753,988,34,96
756,990,34,96
758,993,34,96
761,995,34,96
764,997,34,96
766,1000,34,96
769,1002,34,96
772,1004,34,96
775,1007,29,73
775,1010,29,73
775,1013,29,73
775,1016,29,73
776,1019,29,73
776,1023,29,73
776,1026,29,73
777,1029,29,73
777,1032,29,73
777,1035,29,73
778,1039,32,41
778,1041,32,41
778,1043,32,41
778,1046,32,41
778,1048,32,41
778,1051,32,41
778,1053,32,41
778,1055,32,41
778,1058,32,41
778,1060,32,41
779,1063,21,17
701,956,21,17
623,850,21,17
545,743,21,17
467,637,21,17
389,531,21,17
311,424,21,17
233,318,21,17
155,211,21,17
77,105,21,17
-1,-1,-1,-1
-1,-1,-1,-1
-1,-1,-1,-1
-1,-1,-1,-1
-1,-1,-1,-1
-1,-1,-1,-1
-1,-1,-1,-1
-1,-1,-1,-1
-1,-1,-1,-1
-1,-1,-1,-1
-1,-1,-1,-1
-1,-1,-1,-1
-1,-1,-1,-1
-1,-1,-1,-1
-1,-1,-1,-1
-1,-1,-1,-1
-1,-1,-1,-1
-1,-1,-1,-1
-1,-1,-1,-1
-1,-1,-1,-1
-1,-1,-1,-1
-1,-1,-1,-1
-1,-1,-1,-1
-1,-1,-1,-1
-1,-1,-1,-1
-1,-1,-1,-1
-1,-1,-1,-1
-1,-1,-1,-1
-1,-1,-1,-1
-1,-1,-1,-1
-1,-1,-1,-1
-1,-1,-1,-1
-1,-1,-1,-1
-1,-1,-1,-1
-1,-1,-1,-1
-1,-1,-1,-1
-1,-1,-1,-1
-1,-1,-1,-1
-1,-1,-1,-1
-1,-1,-1,-1
-1,-1,-1,-1
-1,-1,-1,-1
-1,-1,-1,-1
-1,-1,-1,-1
-1,-1,-1,-1
-1,-1,-1,-1
-1,-1,-1,-1
-1,-1,-1,-1
-1,-1,-1,-1
-1,-1,-1,-1
-1,-1,-1,-1
-1,-1,-1,-1
-1,-1,-1,-1
-1,-1,-1,-1
-1,-1,-1,-1
-1,-1,-1,-1
-1,-1,-1,-1
-1,-1,-1,-1
-1,-1,-1,-1
-1,-1,-1,-1
-1,-1,-1,-1
70,104,-1,-1
141,209,-1,-1
213,314,-1,-1
284,419,-1,-1
356,525,-1,-1
427,630,-1,-1
498,735,-1,-1
570,840,-1,-1
641,945,-1,-1
713,1051,25,29
712,1048,25,29
711,1045,25,29
711,1042,25,29
710,1039,25,29
710,1037,25,29
709,1034,25,29
708,1031,25,29
708,1028,25,29
707,1025,25,29
707,1023,28,57
705,1021,28,57
704,1019,28,57
703,1017,28,57
702,1015,28,57
701,1013,28,57
700,1011,28,57
699,1009,28,57
698,1007,28,57
697,1005,28,57
696,1004,35,76
696,1003,35,76
696,1002,35,76
696,1001,35,76
696,1000,35,76
696,999,35,76
696,998,35,76
696,997,35,76
696,996,35,76
696,995,35,76
696,994,31,86
695,992,31,86
695,991,31,86
695,990,31,86
694,989,31,86
694,988,31,86
694,986,31,86
693,985,31,86
693,984,31,86
693,983,31,86
693,982,33,85
692,980,33,85
691,979,33,85
690,978,33,85
690,977,33,85
689,976,33,85
688,975,33,85
688,974,33,85
687,973,33,85
686,972,33,85
686,971,40,85
685,970,40,85
685,969,40,85
685,968,40,85
685,968,40,85
685,967,40,85
684,966,40,85
684,966,40,85
684,965,40,85
684,964,40,85
684,964,32,88
683,963,32,88
683,963,32,88
682,963,32,88
682,963,32,88
681,963,32,88
681,962,32,88
680,962,32,88
680,962,32,88
679,962,32,88
679,962,32,90
678,960,32,90
678,959,32,90
678,958,32,90
678,957,32,90
678,956,32,90
677,955,32,90
677,954,32,90
677,953,32,90
677,952,32,90
677,951,30,96
676,951,30,96
676,951,30,96
675,951,30,96
675,951,30,96
674,951,30,96
674,951,30,96
673,951,30,96
673,951,30,96
672,951,30,96
672,952,35,88
671,951,35,88
671,950,35,88
671,949,35,88
671,948,35,88
671,947,35,88
670,946,35,88
670,945,35,88
670,944,35,88
670,943,35,88
670,943,29,89
670,941,29,89
670,940,29,89
670,939,29,89
670,938,29,89
670,937,29,89
670,935,29,89
670,934,29,89
670,933,29,89
670,932,29,89
671,931,28,93
670,930,28,93
669,929,28,93
669,928,28,93
668,927,28,93
668,926,28,93
667,925,28,93
666,924,28,93
666,923,28,93
665,922,28,93
665,921,30,85
663,919,30,85
662,918,30,85
661,916,30,85
660,915,30,85
659,913,30,85
658,912,30,85
657,910,30,85
656,909,30,85
655,907,30,85
654,906,38,84
653,905,38,84
653,905,38,84
653,904,38,84
653,904,38,84
653,904,38,84
652,903,38,84
652,903,38,84
652,902,38,84
652,902,38,84
652,902,39,89
652,902,39,89
652,902,39,89
652,902,39,89
652,903,39,89
652,903,39,89
652,903,39,89
652,904,39,89
652,904,39,89
652,904,39,89
652,905,42,87
651,901,42,87
651,897,42,87
651,893,42,87
650,889,42,87
650,885,42,87
650,881,42,87
649,877,42,87
649,873,42,87
649,869,42,87
649,865,35,90
648,863,35,90
647,861,35,90
646,859,35,90
645,857,35,90
645,855,35,90
644,853,35,90
643,851,35,90
642,849,35,90
641,847,35,90
641,846,33,85
640,844,33,85
640,843,33,85
640,842,33,85
640,841,33,85
640,840,33,85
639,839,33,85
639,838,33,85
639,837,33,85
639,836,33,85
639,835,29,85
639,833,29,85
639,832,29,85
639,831,29,85
639,830,29,85
639,829,29,85
639,827,29,85
639,826,29,85
639,825,29,85
639,824,29,85
639,823,27,85
638,822,27,85
637,821,27,85
636,820,27,85
635,819,27,85
635,818,27,85
634,817,27,85
633,816,27,85
632,815,27,85
631,814,27,85
631,813,35,78
630,812,35,78
630,811,35,78
630,810,35,78
630,810,35,78
630,809,35,78
629,808,35,78
629,808,35,78
629,807,35,78
629,806,35,78
629,806,23,86
627,804,23,86
626,802,23,86
624,800,23,86
623,799,23,86
621,797,23,86
620,795,23,86
618,794,23,86
617,792,23,86
615,790,23,86
614,789,26,90
613,787,26,90
612,786,26,90
611,785,26,90
610,784,26,90
609,783,26,90
608,782,26,90
607,781,26,90
606,780,26,90
605,779,26,90
604,778,30,90
602,777,30,90
601,776,30,90
599,775,30,90
598,774,30,90
596,773,30,90
595,772,30,90
593,771,30,90
592,770,30,90
590,769,30,90
589,769,33,79
587,768,33,79
586,767,33,79
584,766,33,79
583,765,33,79
582,764,33,79
580,763,33,79
579,762,33,79
577,761,33,79
576,760,33,79
575,760,32,90
574,759,32,90
574,758,32,90
573,758,32,90
573,757,32,90
572,757,32,90
572,756,32,90
571,755,32,90
571,755,32,90
570,754,32,90
570,754,29,85
568,752,29,85
567,751,29,85
566,750,29,85
565,749,29,85
564,748,29,85
562,746,29,85
561,745,29,85
560,744,29,85
559,743,29,85
558,742,33,88
556,740,33,88
554,739,33,88
553,738,33,88
551,737,33,88
550,736,33,88
548,735,33,88
546,734,33,88
545,733,33,88
543,732,33,88
542,731,32,89
540,730,32,89
539,730,32,89
538,730,32,89
536,730,32,89
535,730,32,89
534,730,32,89
532,730,32,89
531,730,32,89
530,730,32,89
529,730,30,89
528,729,30,89
527,729,30,89
526,728,30,89
525,728,30,89
524,727,30,89
523,727,30,89
522,726,30,89
521,726,30,89
520,725,30,89
520,725,27,86
518,724,27,86
516,723,27,86
514,723,27,86
512,722,27,86
511,722,27,86
509,721,27,86
507,720,27,86
505,720,27,86
503,719,27,86
502,719,36,89
500,717,36,89
499,716,36,89
498,715,36,89
496,714,36,89
495,713,36,89
494,712,36,89
492,711,36,89
491,710,36,89
490,709,36,89
489,708,26,86
488,707,26,86
487,707,26,86
486,707,26,86
485,707,26,86
485,707,26,86
484,707,26,86
483,707,26,86
482,707,26,86
481,707,26,86
481,707,29,83
482,706,29,83
483,705,29,83
485,705,29,83
486,704,29,83
488,704,29,83
489,703,29,83
490,702,29,83
492,702,29,83
493,701,29,83
495,701,33,81
494,700,33,81
494,699,33,81
494,699,33,81
494,698,33,81
494,698,33,81
494,697,33,81
494,696,33,81
494,696,33,81
494,695,33,81
494,695,42,89
493,694,42,89
492,693,42,89
492,692,42,89
491,691,42,89
491,691,42,89
490,690,42,89
489,689,42,89
489,688,42,89
488,687,42,89
488,687,35,89
488,686,35,89
489,686,35,89
489,686,35,89
490,686,35,89
490,686,35,89
491,685,35,89
491,685,35,89
492,685,35,89
492,685,35,89
493,685,30,85
491,684,30,85
490,684,30,85
489,684,30,85
487,684,30,85
486,684,30,85
485,683,30,85
483,683,30,85
482,683,30,85
481,683,30,85
480,683,38,91
479,683,38,91
478,683,38,91
477,683,38,91
476,683,38,91
475,683,38,91
474,683,38,91
473,683,38,91
472,683,38,91
471,683,38,91
471,683,33,91
471,683,33,91
472,684,33,91
472,685,33,91
473,685,33,91
473,686,33,91
474,687,33,91
474,687,33,91
475,688,33,91
475,689,33,91
476,690,30,88
477,690,30,88
478,690,30,88
479,690,30,88
480,690,30,88
481,690,30,88
482,690,30,88
483,690,30,88
484,690,30,88
485,690,30,88
486,691,33,85
487,691,33,85
489,691,33,85
490,692,33,85
492,692,33,85
493,693,33,85
495,693,33,85
496,693,33,85
498,694,33,85
499,694,33,85
501,695,34,88
501,695,34,88
501,695,34,88
502,695,34,88
502,695,34,88
503,696,34,88
503,696,34,88
503,696,34,88
504,696,34,88
504,696,34,88
505,697,35,89
504,698,35,89
503,699,35,89
502,700,35,89
502,701,35,89
501,702,35,89
500,703,35,89
500,704,35,89
499,705,35,89
498,706,35,89
498,707,34,84
497,707,34,84
497,707,34,84
497,707,34,84
497,708,34,84
497,708,34,84
497,708,34,84
497,709,34,84
497,709,34,84
497,709,34,84
497,710,29,94
497,711,29,94
497,712,29,94
498,713,29,94
498,714,29,94
499,715,29,94
499,716,29,94
499,717,29,94
500,718,29,94
500,719,29,94
501,721,37,87
501,720,37,87
501,720,37,87
501,720,37,87
501,720,37,87
502,720,37,87
502,719,37,87
502,719,37,87
502,719,37,87
502,719,37,87
503,719,35,87
504,719,35,87
505,720,35,87
506,721,35,87
508,722,35,87
509,723,35,87
510,723,35,87
512,724,35,87
513,725,35,87
514,726,35,87
516,727,30,80
517,726,30,80
518,726,30,80
519,726,30,80
520,725,30,80
521,725,30,80
522,725,30,80
523,724,30,80
524,724,30,80
525,724,30,80
527,724,39,94
527,725,39,94
527,726,39,94
527,727,39,94
528,728,39,94
528,729,39,94
528,730,39,94
529,731,39,94
529,732,39,94
529,733,39,94
530,734,42,96
529,734,42,96
528,735,42,96
527,736,42,96
526,736,42,96
526,737,42,96
525,738,42,96
524,738,42,96
523,739,42,96
522,740,42,96
522,741,30,81
521,741,30,81
520,741,30,81
519,742,30,81
518,742,30,81
517,743,30,81
516,743,30,81
515,743,30,81
514,744,30,81
513,744,30,81
513,745,27,91
544,740,27,91
575,736,27,91
606,732,27,91
637,728,27,91
668,724,27,91
699,720,27,91
730,716,27,91
761,712,27,91
792,708,27,91
824,704,32,98
823,703,32,98
823,703,32,98
822,703,32,98
822,703,32,98
821,703,32,98
821,703,32,98
820,703,32,98
820,703,32,98
819,703,32,98
819,703,43,96
819,703,43,96
819,703,43,96
819,703,43,96
819,703,43,96
820,703,43,96
820,703,43,96
820,703,43,96
820,703,43,96
820,703,43,96
821,703,46,95
821,701,46,95
822,700,46,95
822,699,46,95
823,697,46,95
824,696,46,95
824,695,46,95
825,693,46,95
825,692,46,95
826,691,46,95
827,690,49,102
828,690,49,102
830,690,49,102
832,691,49,102
833,691,49,102
835,692,49,102
837,692,49,102
838,692,49,102
840,693,49,102
842,693,49,102
844,694,32,98
845,693,32,98
847,693,32,98
849,693,32,98
850,693,32,98
852,693,32,98
854,692,32,98
855,692,32,98
857,692,32,98
859,692,32,98
861,692,35,91
862,692,35,91
863,692,35,91
864,693,35,91
865,693,35,91
866,694,35,91
867,694,35,91
868,694,35,91
869,695,35,91
870,695,35,91
871,696,43,90
871,695,43,90
872,695,43,90
873,694,43,90
874,694,43,90
875,694,43,90
875,693,43,90
876,693,43,90
877,692,43,90
878,692,43,90
879,692,41,98
880,692,41,98
882,692,41,98
884,692,41,98
885,693,41,98
887,693,41,98
889,693,41,98
890,694,41,98
892,694,41,98
894,694,41,98
896,695,38,104
897,695,38,104
899,695,38,104
901,695,38,104
903,695,38,104
905,696,38,104
907,696,38,104
909,696,38,104
911,696,38,104
913,696,38,104
915,697,38,104
916,697,38,104
918,698,38,104
920,698,38,104
922,699,38,104
924,699,38,104
925,700,38,104
927,700,38,104
929,701,38,104
931,701,38,104
933,702,45,97
933,702,45,97
934,702,45,97
934,702,45,97
935,702,45,97
936,702,45,97
936,702,45,97
937,702,45,97
937,702,45,97
938,702,45,97
939,702,49,93
938,701,49,93
938,701,49,93
938,701,49,93
938,700,49,93
938,700,49,93
938,700,49,93
938,699,49,93
938,699,49,93
938,699,49,93
938,699,40,106
933,699,40,106
929,700,40,106
925,701,40,106
920,702,40,106
916,703,40,106
912,703,40,106
907,704,40,106
903,705,40,106
899,706,40,106
895,707,40,106
893,707,40,106
891,707,40,106
889,707,40,106
887,707,40,106
885,707,40,106
883,707,40,106
881,707,40,106
879,707,40,106
877,707,40,106
875,708,37,106
874,709,37,106
873,710,37,106
872,711,37,106
871,712,37,106
870,713,37,106
869,714,37,106
868,715,37,106
867,716,37,106
866,717,37,106
866,718,41,97
862,718,41,97
859,718,41,97
856,718,41,97
852,718,41,97
849,719,41,97
846,719,41,97
842,719,41,97
839,719,41,97
836,719,41,97
833,720,43,88
828,720,43,88
824,720,43,88
819,720,43,88
815,720,43,88
810,720,43,88
806,720,43,88
801,720,43,88
797,720,43,88
792,720,43,88
788,721,39,90
783,720,39,90
779,720,39,90
775,719,39,90
771,719,39,90
767,719,39,90
763,718,39,90
759,718,39,90
755,717,39,90
751,717,39,90
747,717,39,105
744,716,39,105
742,716,39,105
740,716,39,105
737,715,39,105
735,715,39,105
733,715,39,105
730,714,39,105
728,714,39,105
726,714,39,105
724,714,53,107
721,714,53,107
719,714,53,107
716,714,53,107
714,714,53,107
712,714,53,107
709,714,53,107
707,714,53,107
704,714,53,107
702,714,53,107
700,714,43,107
699,714,43,107
699,714,43,107
698,715,43,107
698,715,43,107
697,716,43,107
697,716,43,107
696,716,43,107
696,717,43,107
695,717,43,107
695,718,45,106
694,717,45,106
694,717,45,106
694,717,45,106
694,717,45,106
694,717,45,106
693,717,45,106
693,717,45,106
693,717,45,106
693,717,45,106
693,717,34,97
691,716,34,97
690,716,34,97
689,716,34,97
688,716,34,97
687,716,34,97
686,715,34,97
685,715,34,97
684,715,34,97
683,715,34,97
682,715,48,105
678,716,48,105
674,717,48,105
671,719,48,105
667,720,48,105
664,722,48,105
660,723,48,105
656,724,48,105
653,726,48,105
649,727,48,105
646,729,52,102
639,729,52,102
632,730,52,102
626,730,52,102
619,731,52,102
613,731,52,102
606,732,52,102
599,732,52,102
593,733,52,102
586,733,52,102
580,734,42,93
574,735,42,93
568,736,42,93
562,737,42,93
557,739,42,93
551,740,42,93
545,741,42,93
540,743,42,93
534,744,42,93
528,745,42,93
523,747,37,92
518,747,37,92
514,747,37,92
510,747,37,92
505,748,37,92
501,748,37,92
497,748,37,92
492,749,37,92
488,749,37,92
484,749,37,92
480,750,40,90
476,750,40,90
472,751,40,90
468,752,40,90
464,753,40,90
461,754,40,90
457,754,40,90
453,755,40,90
449,756,40,90
445,757,40,90
442,758,48,93
440,758,48,93
438,759,48,93
436,760,48,93
434,760,48,93
432,761,48,93
430,762,48,93
428,762,48,93
426,763,48,93
424,764,48,93
423,765,40,87
424,765,40,87
426,765,40,87
428,766,40,87
430,766,40,87
432,767,40,87
433,767,40,87
435,767,40,87
437,768,40,87
439,768,40,87
441,769,37,97
442,769,37,97
444,769,37,97
446,769,37,97
448,770,37,97
450,770,37,97
452,770,37,97
454,771,37,97
456,771,37,97
458,771,37,97
460,772,40,94
460,772,40,94
461,772,40,94
461,772,40,94
462,773,40,94
462,773,40,94
463,773,40,94
463,774,40,94
464,774,40,94
464,774,40,94
465,775,47,99
465,775,47,99
465,775,47,99
465,775,47,99
466,775,47,99
466,775,47,99
466,775,47,99
467,775,47,99
467,775,47,99
467,775,47,99
468,775,44,103
467,775,44,103
467,776,44,103
466,777,44,103
466,778,44,103
465,779,44,103
465,779,44,103
464,780,44,103
464,781,44,103
463,782,44,103
463,783,35,113
462,783,35,113
461,783,35,113
460,784,35,113
459,784,35,113
459,785,35,113
458,785,35,113
457,785,35,113
456,786,35,113
455,786,35,113
455,787,39,104
455,788,39,104
456,789,39,104
457,791,39,104
457,792,39,104
458,794,39,104
459,795,39,104
459,796,39,104
460,798,39,104
461,799,39,104
462,801,40,105
464,800,40,105
467,800,40,105
470,800,40,105
472,800,40,105
475,800,40,105
478,800,40,105
480,800,40,105
483,800,40,105
486,800,40,105
489,800,39,104
492,801,39,104
495,802,39,104
499,804,39,104
502,805,39,104
506,807,39,104
509,808,39,104
512,809,39,104
516,811,39,104
519,812,39,104
523,814,36,102
526,814,36,102
529,814,36,102
532,814,36,102
535,815,36,102
539,815,36,102
542,815,36,102
545,816,36,102
548,816,36,102
551,816,36,102
555,817,33,105
556,817,33,105
558,818,33,105
559,819,33,105
561,820,33,105
562,821,33,105
564,822,33,105
565,823,33,105
567,824,33,105
568,825,33,105
570,826,34,102
570,827,34,102
570,829,34,102
570,830,34,102
570,832,34,102
570,833,34,102
570,835,34,102
570,836,34,102
570,838,34,102
570,839,34,102
571,841,33,102
570,841,33,102
569,841,33,102
568,841,33,102
567,842,33,102
566,842,33,102
565,842,33,102
564,843,33,102
563,843,33,102
562,843,33,102
562,844,41,103
559,845,41,103
557,846,41,103
555,847,41,103
553,848,41,103
551,850,41,103
549,851,41,103
547,852,41,103
545,853,41,103
543,854,41,103
541,856,37,99
538,856,37,99
535,856,37,99
532,856,37,99
529,857,37,99
527,857,37,99
524,857,37,99
521,858,37,99
518,858,37,99
515,858,37,99
513,859,34,100
509,859,34,100
506,860,34,100
503,861,34,100
499,862,34,100
496,863,34,100
493,864,34,100
489,865,34,100
486,866,34,100
483,867,34,100
480,868,36,99
476,869,36,99
473,871,36,99
470,872,36,99
467,874,36,99
464,875,36,99
461,877,36,99
458,878,36,99
455,880,36,99
452,881,36,99
449,883,35,100
446,883,35,100
443,883,35,100
440,883,35,100
437,884,35,100
434,884,35,100
431,884,35,100
428,885,35,100
425,885,35,100
422,885,35,100
420,886,38,101
419,887,38,101
418,888,38,101
418,889,38,101
417,891,38,101
417,892,38,101
416,893,38,101
415,895,38,101
415,896,38,101
414,897,38,101
414,899,36,100
417,899,36,100
421,899,36,100
425,899,36,100
429,899,36,100
433,900,36,100
436,900,36,100
440,900,36,100
444,900,36,100
448,900,36,100
452,901,31,99
455,901,31,99
459,901,31,99
463,901,31,99
466,902,31,99
470,902,31,99
474,902,31,99
477,903,31,99
481,903,31,99
485,903,31,99
489,904,35,99
493,904,35,99
497,905,35,99
501,906,35,99
505,907,35,99
509,908,35,99
513,909,35,99
517,910,35,99
521,911,35,99
525,912,35,99
529,913,34,105
532,912,34,105
535,911,34,105
538,910,34,105
541,909,34,105
545,908,34,105
548,907,34,105
551,906,34,105
554,905,34,105
557,904,34,105
561,904,37,106
564,904,37,106
568,905,37,106
571,905,37,106
575,906,37,106
578,907,37,106
582,907,37,106
585,908,37,106
589,908,37,106
592,909,37,106
596,910,40,112
599,909,40,112
603,908,40,112
606,907,40,112
610,906,40,112
614,905,40,112
617,904,40,112
621,903,40,112
624,902,40,112
628,901,40,112
632,900,39,117
634,899,39,117
636,899,39,117
638,899,39,117
640,899,39,117
643,899,39,117
645,899,39,117
647,899,39,117
649,899,39,117
651,899,39,117
654,899,39,117
655,898,39,117
657,897,39,117
659,897,39,117
660,896,39,117
662,896,39,117
664,895,39,117
665,894,39,117
667,894,39,117
669,893,39,117
671,893,43,118
672,892,43,118
673,892,43,118
675,892,43,118
676,892,43,118
678,892,43,118
679,892,43,118
680,892,43,118
682,892,43,118
683,892,43,118
685,892,49,120
686,891,49,120
688,891,49,120
690,891,49,120
691,891,49,120
693,891,49,120
695,890,49,120
696,890,49,120
698,890,49,120
700,890,49,120
702,890,45,118
703,889,45,118
705,888,45,118
707,887,45,118
708,886,45,118
710,885,45,118
712,884,45,118
713,883,45,118
715,882,45,118
717,881,45,118
719,881,45,118
719,881,45,118
719,881,45,118
719,882,45,118
720,882,45,118
720,883,45,118
720,883,45,118
721,883,45,118
721,884,45,118
721,884,45,118
722,885,49,117
722,884,49,117
722,883,49,117
722,882,49,117
723,881,49,117
723,881,49,117
723,880,49,117
724,879,49,117
724,878,49,117
724,877,49,117
725,877,43,120
725,877,43,120
726,877,43,120
727,877,43,120
728,877,43,120
729,877,43,120
730,877,43,120
731,877,43,120
732,877,43,120
733,877,43,120
734,877,41,119
734,876,41,119
735,876,41,119
735,876,41,119
736,875,41,119
736,875,41,119
737,875,41,119
737,874,41,119
738,874,41,119
738,874,41,119
739,874,41,119
739,873,41,119
739,872,41,119
739,872,41,119
739,871,41,119
739,871,41,119
739,870,41,119
739,869,41,119
739,869,41,119
739,868,41,119
739,868,45,114
738,867,45,114
738,867,45,114
738,866,45,114
737,866,45,114
737,865,45,114
737,865,45,114
736,864,45,114
736,864,45,114
736,863,45,114
736,863,45,114
736,862,45,114
736,861,45,114
736,860,45,114
737,860,45,114
737,859,45,114
737,858,45,114
738,858,45,114
738,857,45,114
738,856,45,114
739,856,40,115
739,856,40,115
739,856,40,115
739,856,40,115
739,856,40,115
739,856,40,115
739,856,40,115
739,856,40,115
739,856,40,115
739,856,40,115
739,857,37,107
739,856,37,107
739,855,37,107
739,854,37,107
739,853,37,107
739,852,37,107
739,851,37,107
739,850,37,107
739,849,37,107
739,848,37,107
740,847,35,105
739,846,35,105
738,845,35,105
737,844,35,105
737,844,35,105
736,843,35,105
735,842,35,105
735,842,35,105
734,841,35,105
733,840,35,105
733,840,41,106
732,838,41,106
731,837,41,106
730,836,41,106
729,834,41,106
728,833,41,106
727,832,41,106
726,830,41,106
725,829,41,106
724,828,41,106
723,827,44,107
723,826,44,107
723,825,44,107
723,824,44,107
723,823,44,107
724,822,44,107
724,821,44,107
724,820,44,107
724,819,44,107
724,818,44,107
725,818,39,109
724,817,39,109
724,817,39,109
724,817,39,109
723,817,39,109
723,817,39,109
723,817,39,109
722,817,39,109
722,817,39,109
722,817,39,109
722,817,36,101
722,815,36,101
722,814,36,101
722,812,36,101
722,811,36,101
722,810,36,101
722,808,36,101
722,807,36,101
722,805,36,101
722,804,36,101
722,803,37,105
721,802,37,105
721,802,37,105
721,801,37,105
721,801,37,105
721,801,37,105
720,800,37,105
720,800,37,105
720,799,37,105
720,799,37,105
720,799,36,105
719,798,36,105
718,797,36,105
717,796,36,105
716,796,36,105
716,795,36,105
715,794,36,105
714,794,36,105
713,793,36,105
712,792,36,105
712,792,39,102
711,792,39,102
711,792,39,102
710,792,39,102
710,792,39,102
710,793,39,102
709,793,39,102
709,793,39,102
708,793,39,102
708,793,39,102
708,794,36,96
707,793,36,96
706,793,36,96
705,793,36,96
704,793,36,96
703,793,36,96
702,792,36,96
701,792,36,96
700,792,36,96
699,792,36,96
699,792,36,88
698,790,36,88
698,789,36,88
698,788,36,88
698,786,36,88
698,785,36,88
698,784,36,88
698,782,36,88
698,781,36,88
698,780,36,88
698,779,36,87
697,778,36,87
697,777,36,87
696,776,36,87
696,775,36,87
695,774,36,87
695,773,36,87
694,772,36,87
694,771,36,87
693,770,36,87
693,770,42,90
693,768,42,90
694,767,42,90
695,766,42,90
696,765,42,90
697,764,42,90
697,763,42,90
698,762,42,90
699,761,42,90
700,760,42,90
701,759,39,93
702,758,39,93
703,757,39,93
704,756,39,93
705,755,39,93
706,755,39,93
707,754,39,93
708,753,39,93
709,752,39,93
710,751,39,93
711,751,39,99
712,750,39,99
713,749,39,99
715,748,39,99
716,747,39,99
718,747,39,99
719,746,39,99
720,745,39,99
722,744,39,99
723,743,39,99
725,743,35,93
725,742,35,93
725,741,35,93
726,740,35,93
726,739,35,93
727,738,35,93
727,737,35,93
727,736,35,93
728,735,35,93
728,734,35,93
729,733,37,97
728,732,37,97
728,731,37,97
728,730,37,97
728,730,37,97
728,729,37,97
727,728,37,97
727,728,37,97
727,727,37,97
727,726,37,97
727,726,41,96
727,724,41,96
727,723,41,96
727,722,41,96
727,720,41,96
727,719,41,96
727,718,41,96
727,716,41,96
727,715,41,96
727,714,41,96
728,713,38,101
728,712,38,101
729,711,38,101
730,710,38,101
730,709,38,101
731,709,38,101
732,708,38,101
732,707,38,101
733,706,38,101
734,705,38,101
735,705,35,102
735,704,35,102
735,704,35,102
735,703,35,102
735,703,35,102
735,702,35,102
735,702,35,102
735,701,35,102
735,701,35,102
735,700,35,102
736,700,34,103
735,699,34,103
734,699,34,103
733,699,34,103
732,699,34,103
732,699,34,103
731,698,34,103
730,698,34,103
729,698,34,103
728,698,34,103
728,698,40,98
727,697,40,98
726,697,40,98
725,696,40,98
724,696,40,98
724,695,40,98
723,695,40,98
722,694,40,98
721,694,40,98
720,693,40,98
720,693,40,102
719,693,40,102
719,693,40,102
719,693,40,102
719,693,40,102
719,694,40,102
719,694,40,102
719,694,40,102
719,694,40,102
719,694,40,102
719,695,36,97
718,694,36,97
718,693,36,97
717,693,36,97
717,692,36,97
717,692,36,97
716,691,36,97
716,690,36,97
715,690,36,97
715,689,36,97
715,689,37,99
715,675,37,99
715,661,37,99
715,647,37,99
716,633,37,99
716,620,37,99
716,606,37,99
717,592,37,99
717,578,37,99
717,564,37,99
718,551,34,92
718,550,34,92
718,550,34,92
718,550,34,92
719,549,34,92
719,549,34,92
719,549,34,92
720,548,34,92
720,548,34,92
720,548,34,92
721,548,38,104
721,547,38,104
721,546,38,104
721,545,38,104
721,545,38,104
721,544,38,104
721,543,38,104
721,543,38,104
721,542,38,104
721,541,38,104
722,541,38,95
722,541,38,95
723,541,38,95
723,541,38,95
724,541,38,95
725,542,38,95
725,542,38,95
726,542,38,95
726,542,38,95
727,542,38,95
728,543,34,99
729,543,34,99
730,543,34,99
731,543,34,99
732,543,34,99
733,543,34,99
734,543,34,99
735,543,34,99
736,543,34,99
737,543,34,99
738,544,33,90
737,543,33,90
737,543,33,90
737,543,33,90
736,542,33,90
736,542,33,90
736,542,33,90
735,541,33,90
735,541,33,90
735,541,33,90
735,541,36,98
734,540,36,98
734,539,36,98
733,538,36,98
733,537,36,98
732,537,36,98
732,536,36,98
731,535,36,98
731,534,36,98
730,533,36,98
730,533,36,102
729,533,36,102
729,533,36,102
729,533,36,102
729,533,36,102
729,533,36,102
728,533,36,102
728,533,36,102
728,533,36,102
728,533,36,102
728,533,39,98
728,533,39,98
728,533,39,98
729,533,39,98
729,533,39,98
730,533,39,98
730,533,39,98
730,533,39,98
731,533,39,98
731,533,39,98
732,534,31,100
731,533,31,100
730,533,31,100
729,533,31,100
729,533,31,100
728,533,31,100
727,533,31,100
727,533,31,100
726,533,31,100
725,533,31,100
725,533,35,97
723,533,35,97
722,533,35,97
721,533,35,97
720,533,35,97
719,533,35,97
718,533,35,97
717,533,35,97
716,533,35,97
715,533,35,97
714,533,44,95
713,532,44,95
713,531,44,95
713,530,44,95
712,529,44,95
712,529,44,95
712,528,44,95
711,527,44,95
711,526,44,95
711,525,44,95
711,525,36,105
711,526,36,105
711,527,36,105
711,528,36,105
711,529,36,105
711,530,36,105
711,531,36,105
711,532,36,105
711,533,36,105
711,534,36,105
711,535,31,96
710,534,31,96
710,534,31,96
710,534,31,96
710,534,31,96
710,534,31,96
710,534,31,96
710,534,31,96
710,534,31,96
710,534,31,96
710,534,36,94
709,533,36,94
708,533,36,94
707,533,36,94
706,533,36,94
705,533,36,94
704,533,36,94
703,533,36,94
702,533,36,94
701,533,36,94
700,533,40,95
699,532,40,95
698,532,40,95
697,531,40,95
697,531,40,95
696,531,40,95
695,530,40,95
695,530,40,95
694,529,40,95
693,529,40,95
693,529,34,95
692,528,34,95
692,528,34,95
692,528,34,95
692,527,34,95
692,527,34,95
692,527,34,95
692,526,34,95
692,526,34,95
692,526,34,95
692,526,32,100
692,525,32,100
692,524,32,100
692,524,32,100
692,523,32,100
693,523,32,100
693,522,32,100
693,521,32,100
693,521,32,100
693,520,32,100
694,520,29,95
693,519,29,95
693,518,29,95
693,517,29,95
692,516,29,95
692,516,29,95
692,515,29,95
691,514,29,95
691,513,29,95
691,512,29,95
691,512,33,96
690,511,33,96
689,511,33,96
688,511,33,96
687,510,33,96
686,510,33,96
685,510,33,96
684,509,33,96
683,509,33,96
682,509,33,96
681,509,35,94
680,508,35,94
680,508,35,94
679,508,35,94
679,508,35,94
679,508,35,94
678,507,35,94
678,507,35,94
677,507,35,94
677,507,35,94
677,507,37,101
676,507,37,101
676,508,37,101
675,508,37,101
675,509,37,101
675,509,37,101
674,510,37,101
674,510,37,101
673,511,37,101
673,511,37,101
673,512,34,91
673,511,34,91
673,510,34,91
673,509,34,91
673,508,34,91
674,508,34,91
674,507,34,91
674,506,34,91
674,505,34,91
674,504,34,91
675,504,32,94
674,504,32,94
673,505,32,94
673,505,32,94
672,506,32,94
672,506,32,94
671,507,32,94
670,507,32,94
670,508,32,94
669,508,32,94
669,509,33,94
668,508,33,94
668,508,33,94
667,508,33,94
667,507,33,94
666,507,33,94
666,507,33,94
665,506,33,94
665,506,33,94
664,506,33,94
664,506,36,98
663,506,36,98
662,506,36,98
662,506,36,98
661,506,36,98
661,506,36,98
660,506,36,98
659,506,36,98
659,506,36,98
658,506,36,98
658,507,36,96
658,506,36,96
659,506,36,96
659,506,36,96
660,505,36,96
660,505,36,96
661,505,36,96
661,504,36,96
662,504,36,96
662,504,36,96
663,504,32,91
662,504,32,91
662,504,32,91
661,504,32,91
661,505,32,91
661,505,32,91
660,505,32,91
660,506,32,91
659,506,32,91
659,506,32,91
659,507,32,93
657,507,32,93
655,507,32,93
654,508,32,93
652,508,32,93
651,509,32,93
649,509,32,93
647,509,32,93
646,510,32,93
644,510,32,93
643,511,37,92
642,510,37,92
642,510,37,92
642,509,37,92
641,509,37,92
641,508,37,92
641,508,37,92
640,507,37,92
640,507,37,92
640,506,37,92
640,506,35,102
640,505,35,102
640,505,35,102
640,504,35,102
640,504,35,102
640,504,35,102
640,503,35,102
640,503,35,102
640,502,35,102
640,502,35,102
640,502,32,105
639,501,32,105
639,500,32,105
639,499,32,105
639,498,32,105
639,498,32,105
639,497,32,105
639,496,32,105
639,495,32,105
639,494,32,105
639,494,31,104
638,494,31,104
637,494,31,104
637,494,31,104
636,495,31,104
636,495,31,104
635,495,31,104
634,496,31,104
634,496,31,104
633,496,31,104
633,497,35,101
631,497,35,101
630,497,35,101
629,497,35,101
627,497,35,101
626,497,35,101
625,497,35,101
623,497,35,101
622,497,35,101
621,497,35,101
620,497,36,110
619,496,36,110
619,496,36,110
618,496,36,110
618,496,36,110
618,496,36,110
617,495,36,110
617,495,36,110
616,495,36,110
616,495,36,110
616,495,31,112
616,494,31,112
617,494,31,112
618,494,31,112
619,493,31,112
620,493,31,112
620,493,31,112
621,492,31,112
622,492,31,112
623,492,31,112
624,492,32,114
625,491,32,114
626,491,32,114
627,491,32,114
628,491,32,114
629,491,32,114
630,491,32,114
631,491,32,114
632,491,32,114
633,491,32,114
634,491,32,111
635,490,32,111
636,490,32,111
637,490,32,111
638,489,32,111
639,489,32,111
640,489,32,111
641,488,32,111
642,488,32,111
643,488,32,111
644,488,36,120
645,488,36,120
646,489,36,120
647,489,36,120
648,490,36,120
650,491,36,120
651,491,36,120
652,492,36,120
653,492,36,120
654,493,36,120
656,494,36,120
656,493,36,120
657,493,36,120
658,492,36,120
659,492,36,120
660,492,36,120
661,491,36,120
662,491,36,120
663,490,36,120
664,490,36,120
665,490,36,120
665,489,36,120
665,488,36,120
665,487,36,120
665,486,36,120
666,485,36,120
666,484,36,120
666,483,36,120
666,482,36,120
666,481,36,120
667,481,36,120
667,480,36,120
667,479,36,120
667,478,36,120
667,478,36,120
667,477,36,120
667,476,36,120
667,476,36,120
667,475,36,120
667,474,36,120
667,474,44,125
668,474,44,125
669,475,44,125
670,476,44,125
671,477,44,125
672,478,44,125
673,478,44,125
674,479,44,125
675,480,44,125
676,481,44,125
678,482,38,121
679,481,38,121
681,480,38,121
682,479,38,121
684,478,38,121
685,477,38,121
687,476,38,121
688,475,38,121
690,474,38,121
691,473,38,121
693,472,38,121
693,471,38,121
694,471,38,121
694,471,38,121
695,471,38,121
695,471,38,121
696,470,38,121
696,470,38,121
697,470,38,121
697,470,38,121
698,470,40,122
698,469,40,122
698,468,40,122
698,468,40,122
699,467,40,122
699,467,40,122
699,466,40,122
700,465,40,122
700,465,40,122
700,464,40,122
701,464,40,122
701,463,40,122
702,463,40,122
702,463,40,122
703,463,40,122
703,463,40,122
704,462,40,122
704,462,40,122
705,462,40,122
705,462,40,122
706,462,41,121
707,462,41,121
708,463,41,121
709,463,41,121
710,464,41,121
711,465,41,121
712,465,41,121
713,466,41,121
714,466,41,121
715,467,41,121
716,468,41,116
716,467,41,116
717,467,41,116
718,467,41,116
719,467,41,116
720,467,41,116
720,467,41,116
721,467,41,116
722,467,41,116
723,467,41,116
724,467,42,120
724,466,42,120
724,466,42,120
724,466,42,120
725,466,42,120
725,466,42,120
725,465,42,120
726,465,42,120
726,465,42,120
726,465,42,120
727,465,37,118
727,464,37,118
727,464,37,118
727,464,37,118
728,464,37,118
728,464,37,118
728,464,37,118
729,464,37,118
729,464,37,118
729,464,37,118
730,464,49,121
731,464,49,121
732,465,49,121
734,465,49,121
735,466,49,121
737,467,49,121
738,467,49,121
739,468,49,121
741,468,49,121
742,469,49,121
744,470,43,114
745,469,43,114
747,469,43,114
748,469,43,114
750,469,43,114
751,469,43,114
753,469,43,114
754,469,43,114
756,469,43,114
757,469,43,114
759,469,40,125
759,469,40,125
759,470,40,125
759,470,40,125
759,471,40,125
759,471,40,125
759,472,40,125
759,472,40,125
759,473,40,125
759,473,40,125
760,474,36,114
759,474,36,114
759,474,36,114
758,475,36,114
758,475,36,114
757,476,36,114
757,476,36,114
756,476,36,114
756,477,36,114
755,477,36,114
755,478,46,124
755,479,46,124
756,480,46,124
757,481,46,124
758,482,46,124
759,483,46,124
760,484,46,124
761,485,46,124
762,486,46,124
763,487,46,124
764,488,45,121
765,488,45,121
766,489,45,121
767,489,45,121
769,490,45,121
770,490,45,121
771,491,45,121
773,491,45,121
774,492,45,121
775,492,45,121
777,493,41,115
778,493,41,115
779,493,41,115
780,493,41,115
781,493,41,115
782,493,41,115
783,493,41,115
784,493,41,115
785,493,41,115
786,493,41,115
787,493,38,121
787,494,38,121
788,495,38,121
788,496,38,121
789,498,38,121
790,499,38,121
790,500,38,121
791,502,38,121
791,503,38,121
792,504,38,121
793,506,37,112
793,506,37,112
794,506,37,112
794,506,37,112
795,506,37,112
796,507,37,112
796,507,37,112
797,507,37,112
797,507,37,112
798,507,37,112
799,508,49,126
800,509,49,126
802,510,49,126
804,511,49,126
806,513,49,126
808,514,49,126
809,515,49,126
811,517,49,126
813,518,49,126
815,519,49,126
817,521,40,115
818,520,40,115
820,520,40,115
821,520,40,115
823,520,40,115
824,520,40,115
826,520,40,115
827,520,40,115
829,520,40,115
830,520,40,115
832,520,39,121
833,521,39,121
834,522,39,121
835,523,39,121
836,524,39,121
837,525,39,121
838,526,39,121
839,527,39,121
840,528,39,121
841,529,39,121
842,530,33,120
842,530,33,120
842,530,33,120
842,530,33,120
842,530,33,120
842,531,33,120
842,531,33,120
842,531,33,120
842,531,33,120
842,531,33,120
842,532,38,114
842,532,38,114
842,532,38,114
842,532,38,114
843,532,38,114
843,532,38,114
843,532,38,114
844,532,38,114
844,532,38,114
844,532,38,114
845,532,46,125
845,532,46,125
845,533,46,125
846,533,46,125
846,534,46,125
847,535,46,125
847,535,46,125
847,536,46,125
848,536,46,125
848,537,46,125
849,538,45,110
849,538,45,110
850,539,45,110
850,539,45,110
851,540,45,110
851,540,45,110
852,541,45,110
852,541,45,110
853,542,45,110
853,542,45,110
854,543,42,118
853,543,42,118
852,543,42,118
851,544,42,118
851,544,42,118
850,545,42,118
849,545,42,118
849,545,42,118
848,546,42,118
847,546,42,118
847,547,41,114
845,546,41,114
844,545,41,114
843,545,41,114
842,544,41,114
841,544,41,114
839,543,41,114
838,542,41,114
837,542,41,114
836,541,41,114
835,541,43,122
835,541,43,122
835,542,43,122
835,543,43,122
835,544,43,122
835,545,43,122
835,545,43,122
835,546,43,122
835,547,43,122
835,548,43,122
835,549,41,120
835,548,41,120
836,548,41,120
837,547,41,120
838,547,41,120
839,547,41,120
840,546,41,120
841,546,41,120
842,545,41,120
843,545,41,120
844,545,37,114
844,544,37,114
844,544,37,114
844,544,37,114
844,544,37,114
845,544,37,114
845,544,37,114
845,544,37,114
845,544,37,114
845,544,37,114
846,544,34,119
845,543,34,119
845,542,34,119
844,541,34,119
844,540,34,119
844,539,34,119
843,538,34,119
843,537,34,119
842,536,34,119
842,535,34,119
842,535,34,119
841,534,34,119
840,534,34,119
839,533,34,119
838,533,34,119
837,532,34,119
836,532,34,119
835,531,34,119
834,531,34,119
833,530,34,119
833,530,54,122
834,530,54,122
835,530,54,122
836,531,54,122
838,531,54,122
839,532,54,122
840,532,54,122
842,532,54,122
843,533,54,122
844,533,54,122
846,534,39,119
847,534,39,119
848,534,39,119
849,535,39,119
850,535,39,119
851,536,39,119
852,536,39,119
853,536,39,119
854,537,39,119
855,537,39,119
856,538,38,111
856,538,38,111
856,538,38,111
856,538,38,111
857,538,38,111
857,538,38,111
857,538,38,111
858,538,38,111
858,538,38,111
858,538,38,111
859,538,31,114
859,538,31,114
859,538,31,114
859,538,31,114
859,538,31,114
859,538,31,114
859,538,31,114
859,538,31,114
859,538,31,114
859,538,31,114
859,539,34,113
858,538,34,113
857,538,34,113
857,538,34,113
856,538,34,113
856,538,34,113
855,538,34,113
854,538,34,113
854,538,34,113
853,538,34,113
853,538,55,116
853,538,55,116
853,539,55,116
853,539,55,116
854,540,55,116
854,540,55,116
854,541,55,116
855,541,55,116
855,542,55,116
855,542,55,116
856,543,50,120
857,543,50,120
858,544,50,120
859,544,50,120
860,545,50,120
861,545,50,120
862,546,50,120
863,546,50,120
864,547,50,120
865,547,50,120
866,548,43,116
866,548,43,116
867,549,43,116
867,550,43,116
868,550,43,116
868,551,43,116
869,552,43,116
869,552,43,116
870,553,43,116
870,554,43,116
871,555,38,116
871,555,38,116
871,555,38,116
871,556,38,116
871,556,38,116
871,557,38,116
871,557,38,116
871,557,38,116
871,558,38,116
871,558,38,116
872,559,37,113
871,559,37,113
871,559,37,113
871,559,37,113
870,559,37,113
870,560,37,113
870,560,37,113
869,560,37,113
869,560,37,113
869,560,37,113
869,561,48,122
869,562,48,122
870,563,48,122
871,564,48,122
872,565,48,122
873,566,48,122
873,567,48,122
874,568,48,122
875,569,48,122
876,570,48,122
877,571,41,119
877,570,41,119
878,570,41,119
879,570,41,119
880,569,41,119
881,569,41,119
882,569,41,119
883,568,41,119
884,568,41,119
885,568,41,119
886,568,42,117
886,568,42,117
886,569,42,117
887,570,42,117
887,571,42,117
888,572,42,117
888,572,42,117
888,573,42,117
889,574,42,117
889,575,42,117
890,576,35,124
889,576,35,124
889,576,35,124
889,576,35,124
889,577,35,124
889,577,35,124
889,577,35,124
889,578,35,124
889,578,35,124
889,578,35,124
889,579,34,117
888,579,34,117
888,579,34,117
888,579,34,117
888,579,34,117
888,580,34,117
888,580,34,117
888,580,34,117
888,580,34,117
888,580,34,117
888,581,51,119
888,582,51,119
889,583,51,119
890,584,51,119
891,585,51,119
892,586,51,119
892,587,51,119
893,588,51,119
894,589,51,119
895,590,51,119
896,591,47,113
897,590,47,113
898,590,47,113
899,590,47,113
900,590,47,113
901,590,47,113
902,590,47,113
903,590,47,113
904,590,47,113
905,590,47,113
906,590,39,121
906,590,39,121
906,591,39,121
906,592,39,121
906,593,39,121
906,594,39,121
906,594,39,121
906,595,39,121
906,596,39,121
906,597,39,121
907,598,39,121
913,601,39,121
919,605,39,121
926,609,39,121
932,612,39,121
939,616,39,121
945,620,39,121
951,623,39,121
958,627,39,121
964,631,39,121
971,635,63,115
970,636,63,115
970,637,63,115
970,638,63,115
970,640,63,115
970,641,63,115
969,642,63,115
969,644,63,115
969,645,63,115
969,646,63,115
969,648,67,106
968,647,67,106
967,647,67,106
966,647,67,106
966,646,67,106
965,646,67,106
964,646,67,106
964,645,67,106
963,645,67,106
962,645,67,106
962,645,90,118
962,646,90,118
962,647,90,118
962,648,90,118
962,649,90,118
962,651,90,118
962,652,90,118
962,653,90,118
962,654,90,118
962,655,90,118
963,657,68,111
962,657,68,111
962,657,68,111
962,657,68,111
962,657,68,111
962,657,68,111
961,657,68,111
961,657,68,111
961,657,68,111
961,657,68,111
961,658,57,117
961,659,57,117
961,660,57,117
961,661,57,117
961,662,57,117
961,663,57,117
961,664,57,117
961,665,57,117
961,666,57,117
961,667,57,117
961,669,62,115
961,669,62,115
961,670,62,115
961,670,62,115
961,671,62,115
961,671,62,115
961,672,62,115
961,672,62,115
961,673,62,115
961,673,62,115
961,674,76,116
960,674,76,116
960,675,76,116
960,675,76,116
959,676,76,116
959,676,76,116
959,677,76,116
958,677,76,116
958,678,76,116
958,678,76,116
958,679,66,121
958,679,66,121
958,679,66,121
958,679,66,121
958,680,66,121
959,680,66,121
959,680,66,121
959,681,66,121
959,681,66,121
959,681,66,121
960,682,54,118
960,682,54,118
960,682,54,118
960,682,54,118
961,682,54,118
961,682,54,118
961,682,54,118
962,682,54,118
962,682,54,118
962,682,54,118
963,683,52,122
963,684,52,122
964,685,52,122
965,686,52,122
965,688,52,122
966,689,52,122
967,690,52,122
967,692,52,122
968,693,52,122
969,694,52,122
970,696,58,111
969,696,58,111
969,696,58,111
969,696,58,111
969,696,58,111
969,696,58,111
969,696,58,111
969,696,58,111
969,696,58,111
969,696,58,111
969,697,69,120
970,697,69,120
971,697,69,120
972,697,69,120
973,697,69,120
975,697,69,120
976,697,69,120
977,697,69,120
978,697,69,120
979,697,69,120
981,698,48,116
981,698,48,116
982,698,48,116
982,698,48,116
983,698,48,116
984,698,48,116
984,698,48,116
985,698,48,116
985,698,48,116
986,698,48,116
987,698,44,120
987,698,44,120
987,699,44,120
987,700,44,120
987,701,44,120
987,702,44,120
987,703,44,120
987,704,44,120
987,705,44,120
987,706,44,120
987,707,57,110
988,706,57,110
990,706,57,110
991,705,57,110
993,705,57,110
994,705,57,110
996,704,57,110
997,704,57,110
999,703,57,110
1000,703,57,110
1002,703,55,119
1002,703,55,119
1002,703,55,119
1002,704,55,119
1002,704,55,119
1002,705,55,119
1002,705,55,119
1002,705,55,119
1002,706,55,119
1002,706,55,119
1003,707,52,116
1003,706,52,116
1004,705,52,116
1005,705,52,116
1005,704,52,116
1006,704,52,116
1007,703,52,116
1007,702,52,116
1008,702,52,116
1009,701,52,116
1010,701,41,120
1010,701,41,120
1011,701,41,120
1012,702,41,120
1013,702,41,120
1014,703,41,120
1014,703,41,120
1015,703,41,120
1016,704,41,120
1017,704,41,120
1018,705,42,118
1018,705,42,118
1018,705,42,118
1019,706,42,118
1019,706,42,118
1020,707,42,118
1020,707,42,118
1020,707,42,118
1021,708,42,118
1021,708,42,118
1022,709,56,114
1022,709,56,114
1023,709,56,114
1024,709,56,114
1024,709,56,114
1025,709,56,114
1026,709,56,114
1026,709,56,114
1027,709,56,114
1028,709,56,114
1029,710,57,122
1030,710,57,122
1031,710,57,122
1032,710,57,122
1033,710,57,122
1035,711,57,122
1036,711,57,122
1037,711,57,122
1038,711,57,122
1039,711,57,122
1041,712,45,107
1041,711,45,107
1042,710,45,107
1042,709,45,107
1043,708,45,107
1043,708,45,107
1044,707,45,107
1044,706,45,107
1045,705,45,107
1045,704,45,107
1046,704,40,119
1046,704,40,119
1047,705,40,119
1047,706,40,119
1048,707,40,119
1049,708,40,119
1049,708,40,119
1050,709,40,119
1050,710,40,119
1051,711,40,119
1052,712,48,108
1052,711,48,108
1052,711,48,108
1052,710,48,108
1052,710,48,108
1052,709,48,108
1052,709,48,108
1052,708,48,108
1052,708,48,108
1052,707,48,108
1052,707,55,115
1052,707,55,115
1053,708,55,115
1054,708,55,115
1054,709,55,115
1055,709,55,115
1056,710,55,115
1056,710,55,115
1057,711,55,115
1058,711,55,115
1059,712,49,106
1059,711,49,106
1059,710,49,106
1059,709,49,106
1060,709,49,106
1060,708,49,106
1060,707,49,106
1061,707,49,106
1061,706,49,106
1061,705,49,106
1062,705,42,114
1062,705,42,114
1063,706,42,114
1063,707,42,114
1064,707,42,114
1065,708,42,114
1065,709,42,114
1066,709,42,114
1066,710,42,114
1067,711,42,114
1068,712,40,114
1067,711,40,114
1067,711,40,114
1066,711,40,114
1066,711,40,114
1065,711,40,114
1065,710,40,114
1064,710,40,114
1064,710,40,114
1063,710,40,114
1063,710,51,114
1062,710,51,114
1062,710,51,114
1062,711,51,114
1062,711,51,114
1062,712,51,114
1061,712,51,114
1061,712,51,114
1061,713,51,114
1061,713,51,114
1061,714,53,110
1061,713,53,110
1062,712,53,110
1063,711,53,110
1064,710,53,110
1065,709,53,110
1065,708,53,110
1066,707,53,110
1067,706,53,110
1068,705,53,110
1069,704,42,114
1069,703,42,114
1070,703,42,114
1070,703,42,114
1071,703,42,114
1072,703,42,114
1072,702,42,114
1073,702,42,114
1073,702,42,114
1074,702,42,114
1075,702,41,114
1075,701,41,114
1075,701,41,114
1075,701,41,114
1075,700,41,114
1076,700,41,114
1076,700,41,114
1076,699,41,114
1076,699,41,114
1076,699,41,114
1077,699,47,112
1076,698,47,112
1076,698,47,112
1076,698,47,112
1076,698,47,112
1076,698,47,112
1076,698,47,112
1076,698,47,112
1076,698,47,112
1076,698,47,112
1076,698,42,113
1075,697,42,113
1075,696,42,113
1074,695,42,113
1074,695,42,113
1073,694,42,113
1073,693,42,113
1072,693,42,113
1072,692,42,113
1071,691,42,113
1071,691,39,115
1070,691,39,115
1069,691,39,115
1068,691,39,115
1067,691,39,115
1066,691,39,115
1065,691,39,115
1064,691,39,115
1063,691,39,115
1062,691,39,115
1062,691,38,116
1060,690,38,116
1059,690,38,116
1057,689,38,116
1056,689,38,116
1054,688,38,116
1053,688,38,116
1051,687,38,116
1050,687,38,116
1048,686,38,116
1047,686,63,118
1046,686,63,118
1045,686,63,118
1044,686,63,118
1043,686,63,118
1042,686,63,118
1041,686,63,118
1040,686,63,118
1039,686,63,118
1038,686,63,118
1038,686,50,114
1037,685,50,114
1037,685,50,114
1036,685,50,114
1036,685,50,114
1035,685,50,114
1035,685,50,114
1034,685,50,114
1034,685,50,114
1033,685,50,114
1033,685,42,106
1032,684,42,106
1031,683,42,106
1030,683,42,106
1029,682,42,106
1028,682,42,106
1027,681,42,106
1026,680,42,106
1025,680,42,106
1024,679,42,106
1024,679,39,119
1022,679,39,119
1021,680,39,119
1020,680,39,119
1019,681,39,119
1018,682,39,119
1016,682,39,119
1015,683,39,119
1014,683,39,119
1013,684,39,119
1012,685,50,113
1010,684,50,113
1009,684,50,113
1007,684,50,113
1006,683,50,113
1005,683,50,113
1003,683,50,113
1002,682,50,113
1000,682,50,113
999,682,50,113
998,682,50,116
998,682,50,116
998,682,50,116
998,682,50,116
998,682,50,116
998,682,50,116
998,682,50,116
998,682,50,116
998,682,50,116
998,682,50,116
998,682,41,113
997,681,41,113
997,681,41,113
997,681,41,113
996,681,41,113
996,681,41,113
996,681,41,113
995,681,41,113
995,681,41,113
995,681,41,113
995,681,37,115
994,681,37,115
993,682,37,115
993,682,37,115
992,683,37,115
992,683,37,115
991,684,37,115
990,684,37,115
990,685,37,115
989,685,37,115
989,686,50,108
988,686,50,108
988,686,50,108
988,686,50,108
988,686,50,108
988,687,50,108
987,687,50,108
987,687,50,108
987,687,50,108
987,687,50,108
987,688,46,115
986,688,46,115
986,688,46,115
986,688,46,115
986,688,46,115
986,688,46,115
986,688,46,115
986,688,46,115
986,688,46,115
986,688,46,115
986,688,46,104
985,688,46,104
985,688,46,104
985,688,46,104
985,688,46,104
985,688,46,104
984,688,46,104
984,688,46,104
984,688,46,104
984,688,46,104
984,689,51,106
984,688,51,106
984,688,51,106
984,688,51,106
985,687,51,106
985,687,51,106
985,687,51,106
986,686,51,106
986,686,51,106
986,686,51,106
987,686,43,104
987,686,43,104
987,687,43,104
987,687,43,104
987,688,43,104
987,688,43,104
987,689,43,104
987,689,43,104
987,690,43,104
987,690,43,104
988,691,43,105
988,691,43,105
988,692,43,105
988,692,43,105
989,693,43,105
989,693,43,105
989,694,43,105
990,694,43,105
990,695,43,105
990,695,43,105
991,696,47,95
991,695,47,95
991,695,47,95
992,694,47,95
992,694,47,95
993,694,47,95
993,693,47,95
993,693,47,95
994,692,47,95
994,692,47,95
995,692,40,110
995,693,40,110
996,694,40,110
996,695,40,110
997,696,40,110
998,697,40,110
998,698,40,110
999,699,40,110
999,700,40,110
1000,701,40,110
1001,702,45,100
1001,701,45,100
1001,701,45,100
1001,701,45,100
1001,700,45,100
1002,700,45,100
1002,700,45,100
1002,699,45,100
1002,699,45,100
1002,699,45,100
1003,699,45,109
1003,699,45,109
1003,699,45,109
1003,700,45,109
1003,700,45,109
1004,701,45,109
1004,701,45,109
1004,701,45,109
1004,702,45,109
1004,702,45,109
1005,703,43,106
1005,702,43,106
1005,702,43,106
1005,702,43,106
1005,702,43,106
1005,702,43,106
1005,701,43,106
1005,701,43,106
1005,701,43,106
1005,701,43,106
1006,701,37,113
1006,702,37,113
1007,703,37,113
1008,705,37,113
1008,706,37,113
1009,708,37,113
1010,709,37,113
1010,710,37,113
1011,712,37,113
1012,713,37,113
1013,715,45,104
1013,714,45,104
1014,714,45,104
1014,713,45,104
1015,713,45,104
1015,713,45,104
1016,712,45,104
1016,712,45,104
1017,711,45,104
1017,711,45,104
1018,711,44,109
1018,711,44,109
1019,712,44,109
1019,713,44,109
1020,714,44,109
1021,715,44,109
1021,716,44,109
1022,717,44,109
1022,718,44,109
1023,719,44,109
1024,720,44,107
1024,720,44,107
1025,720,44,107
1025,720,44,107
1026,721,44,107
1027,721,44,107
1027,721,44,107
1028,722,44,107
1028,722,44,107
1029,722,44,107
1030,723,37,108
1030,723,37,108
1031,724,37,108
1032,724,37,108
1032,725,37,108
1033,726,37,108
1034,726,37,108
1034,727,37,108
1035,727,37,108
1036,728,37,108
1037,729,42,105
1037,729,42,105
1037,729,42,105
1037,730,42,105
1037,730,42,105
1037,731,42,105
1037,731,42,105
1037,731,42,105
1037,732,42,105
1037,732,42,105
1038,733,50,106
1038,734,50,106
1038,735,50,106
1039,736,50,106
1039,737,50,106
1040,738,50,106
1040,739,50,106
1040,740,50,106
1041,741,50,106
1041,742,50,106
1042,743,44,97
1042,742,44,97
1042,742,44,97
1043,742,44,97
1043,741,44,97
1044,741,44,97
1044,741,44,97
1044,740,44,97
1045,740,44,97
1045,740,44,97
1046,740,36,107
1046,741,36,107
1047,742,36,107
1048,743,36,107
1049,744,36,107
1050,746,36,107
1050,747,36,107
1051,748,36,107
1052,749,36,107
1053,750,36,107
1054,752,44,100
1054,751,44,100
1055,751,44,100
1055,751,44,100
1056,751,44,100
1056,751,44,100
1057,751,44,100
1057,751,44,100
1058,751,44,100
1058,751,44,100
1059,751,40,109
1059,751,40,109
1059,752,40,109
1060,753,40,109
1060,754,40,109
1061,755,40,109
1061,755,40,109
1061,756,40,109
1062,757,40,109
1062,758,40,109
1063,759,44,100
1063,758,44,100
1064,758,44,100
1065,757,44,100
1065,757,44,100
1066,756,44,100
1067,756,44,100
1067,755,44,100
1068,755,44,100
1069,754,44,100
1070,754,40,110
1070,755,40,110
1071,756,40,110
1072,757,40,110
1073,758,40,110
1074,759,40,110
1075,760,40,110
1076,761,40,110
1077,762,40,110
1078,763,40,110
1079,764,43,99
1079,764,43,99
1080,764,43,99
1081,764,43,99
1081,764,43,99
1082,765,43,99
1083,765,43,99
1083,765,43,99
1084,765,43,99
1085,765,43,99
1086,766,40,109
1085,766,40,109
1085,766,40,109
1085,766,40,109
1085,766,40,109
1085,766,40,109
1084,766,40,109
1084,766,40,109
1084,766,40,109
1084,766,40,109
1084,767,40,108
1084,767,40,108
1084,767,40,108
1084,767,40,108
1084,767,40,108
1084,767,40,108
1084,767,40,108
1084,767,40,108
1084,767,40,108
1084,767,40,108
1084,767,40,118
1084,767,40,118
1084,767,40,118
1084,768,40,118
1084,768,40,118
1084,769,40,118
1084,769,40,118
1084,769,40,118
1084,770,40,118
1084,770,40,118
1084,771,45,112
1084,771,45,112
1084,771,45,112
1084,771,45,112
1084,771,45,112
1085,771,45,112
1085,771,45,112
1085,771,45,112
1085,771,45,112
1085,771,45,112
1086,772,44,113
1085,771,44,113
1085,771,44,113
1085,771,44,113
1085,770,44,113
1085,770,44,113
1084,770,44,113
1084,769,44,113
1084,769,44,113
1084,769,44,113
1084,769,36,111
1083,768,36,111
1082,768,36,111
1081,767,36,111
1080,767,36,111
1079,766,36,111
1078,766,36,111
1077,765,36,111
1076,765,36,111
1075,764,36,111
1075,764,40,108
1074,764,40,108
1074,765,40,108
1073,766,40,108
1073,767,40,108
1073,768,40,108
1072,769,40,108
1072,770,40,108
1071,771,40,108
1071,772,40,108
1071,773,51,98
1070,771,51,98
1070,770,51,98
1069,768,51,98
1069,767,51,98
1068,766,51,98
1068,764,51,98
1067,763,51,98
1067,761,51,98
1066,760,51,98
1066,759,53,115
1065,759,53,115
1064,760,53,115
1063,760,53,115
1063,761,53,115
1062,762,53,115
1061,762,53,115
1061,763,53,115
1060,763,53,115
1059,764,53,115
1059,765,44,102
1058,764,44,102
1057,764,44,102
1056,764,44,102
1055,763,44,102
1054,763,44,102
1053,763,44,102
1052,762,44,102
1051,762,44,102
1050,762,44,102
1049,762,35,101
1048,762,35,101
1047,762,35,101
1046,762,35,101
1045,762,35,101
1044,762,35,101
1043,762,35,101
1042,762,35,101
1041,762,35,101
1040,762,35,101
1039,763,39,99
1037,762,39,99
1036,761,39,99
1034,760,39,99
1033,760,39,99
1031,759,39,99
1030,758,39,99
1028,758,39,99
1027,757,39,99
1025,756,39,99
1024,756,40,106
1022,755,40,106
1021,755,40,106
1019,754,40,106
1018,754,40,106
1016,754,40,106
1015,753,40,106
1013,753,40,106
1012,752,40,106
1010,752,40,106
1009,752,38,104
1019,761,38,104
1030,770,38,104
1040,779,38,104
1051,788,38,104
1061,798,38,104
1072,807,38,104
1082,816,38,104
1093,825,38,104
1103,834,38,104
1114,844,46,106
1114,843,46,106
1115,843,46,106
1116,843,46,106
1117,842,46,106
1118,842,46,106
1118,842,46,106
1119,841,46,106
1120,841,46,106
1121,841,46,106
1122,841,42,97
1122,840,42,97
1123,839,42,97
1124,838,42,97
1124,837,42,97
1125,836,42,97
1126,835,42,97
1126,834,42,97
1127,833,42,97
1128,832,42,97
1129,831,35,103
1129,830,35,103
1130,830,35,103
1130,830,35,103
1131,830,35,103
1132,830,35,103
1132,830,35,103
1133,830,35,103
1133,830,35,103
1134,830,35,103
1135,830,41,98
1135,828,41,98
1135,826,41,98
1135,824,41,98
1135,822,41,98
1136,820,41,98
1136,818,41,98
1136,816,41,98
1136,814,41,98
1136,812,41,98
1137,810,43,106
1136,808,43,106
1136,807,43,106
1136,806,43,106
1136,804,43,106
1136,803,43,106
1136,802,43,106
1136,800,43,106
1136,799,43,106
1136,798,43,106
1136,797,42,97
1136,795,42,97
1136,793,42,97
1137,791,42,97
1137,789,42,97
1138,788,42,97
1138,786,42,97
1138,784,42,97
1139,782,42,97
1139,780,42,97
1140,779,36,107
1140,778,36,107
1141,777,36,107
1142,776,36,107
1143,775,36,107
1144,775,36,107
1145,774,36,107
1146,773,36,107
1147,772,36,107
1148,771,36,107
1149,771,41,100
1149,769,41,100
1150,768,41,100
1150,766,41,100
1151,765,41,100
1151,764,41,100
1152,762,41,100
1152,761,41,100
1153,759,41,100
1153,758,41,100
1154,757,40,101
1154,755,40,101
1155,754,40,101
1156,753,40,101
1156,752,40,101
1157,751,40,101
1158,750,40,101
1158,749,40,101
1159,748,40,101
1160,747,40,101
1161,746,38,96
1161,744,38,96
1162,742,38,96
1163,740,38,96
1164,738,38,96
1165,737,38,96
1166,735,38,96
1167,733,38,96
1168,731,38,96
1169,729,38,96
1170,728,36,108
1171,727,36,108
1172,727,36,108
1173,726,36,108
1174,726,36,108
1175,725,36,108
1176,725,36,108
1177,724,36,108
1178,724,36,108
1179,723,36,108
1180,723,40,103
1180,721,40,103
1181,720,40,103
1181,719,40,103
1182,718,40,103
1182,717,40,103
1183,716,40,103
1183,715,40,103
1184,714,40,103
1184,713,40,103
1185,712,42,104
1186,711,42,104
1187,710,42,104
1188,709,42,104
1189,709,42,104
1191,708,42,104
1192,707,42,104
1193,707,42,104
1194,706,42,104
1195,705,42,104
1197,705,31,98
1197,705,31,98
1198,705,31,98
1199,705,31,98
1200,705,31,98
1201,706,31,98
1201,706,31,98
1202,706,31,98
1203,706,31,98
1204,706,31,98
1205,707,30,103
1205,707,30,103
