949,430,57,171
954,424,57,171
960,419,57,171
965,414,57,171
971,409,57,171
976,404,57,171
982,398,57,171
987,393,57,171
993,388,57,171
998,383,57,171
1004,378,57,155
1019,373,57,155
1034,369,57,155
1050,364,57,155
1065,360,57,155
1081,355,57,155
1096,351,57,155
1111,346,57,155
1127,342,57,155
1142,337,57,155
1158,333,52,149
1157,330,52,149
1157,328,52,149
1157,326,52,149
1157,324,52,149
1157,322,52,149
1157,319,52,149
1157,317,52,149
1157,315,52,149
1157,313,52,149
1157,311,55,145
1155,314,55,145
1153,317,55,145
1151,320,55,145
1149,323,55,145
1147,326,55,145
1145,329,55,145
1143,332,55,145
1141,335,55,145
1139,338,55,145
1137,342,49,144
1133,346,49,144
1130,351,49,144
1127,356,49,144
1124,361,49,144
1121,366,49,144
1118,370,49,144
1115,375,49,144
1112,380,49,144
1109,385,49,144
1106,390,53,149
1104,391,53,149
1103,392,53,149
1102,393,53,149
1101,394,53,149
1100,395,53,149
1098,396,53,149
1097,397,53,149
1096,398,53,149
1095,399,53,149
1094,401,49,157
1091,401,49,157
1089,402,49,157
1086,402,49,157
1084,403,49,157
1081,404,49,157
1079,404,49,157
1076,405,49,157
1074,405,49,157
1071,406,49,157
1069,407,56,167
1067,408,56,167
1066,409,56,167
1064,411,56,167
1063,412,56,167
1062,414,56,167
1060,415,56,167
1059,416,56,167
1057,418,56,167
1056,419,56,167
1055,421,53,171
1053,423,53,171
1051,425,53,171
1049,427,53,171
1047,429,53,171
1045,431,53,171
1043,433,53,171
1041,435,53,171
1039,437,53,171
1037,439,53,171
1035,441,55,170
1033,441,55,170
1032,442,55,170
1030,442,55,170
1029,443,55,170
1028,443,55,170
1026,444,55,170
1025,444,55,170
1023,445,55,170
1022,445,55,170
1021,446,57,175
1019,447,57,175
1018,448,57,175
1016,449,57,175
1015,450,57,175
1013,451,57,175
1012,452,57,175
1010,453,57,175
1009,454,57,175
1007,455,57,175
1006,456,63,177
1004,457,63,177
1003,459,63,177
1002,460,63,177
1001,462,63,177
1000,463,63,177
998,465,63,177
997,466,63,177
996,468,63,177
995,469,63,177
994,471,61,180
991,472,61,180
989,474,61,180
987,476,61,180
984,478,61,180
982,480,61,180
980,482,61,180
977,484,61,180
975,486,61,180
973,488,61,180
971,490,64,180
968,491,64,180
966,493,64,180
963,495,64,180
961,496,64,180
959,498,64,180
956,500,64,180
954,501,64,180
951,503,64,180
949,505,64,180
947,507,65,183
941,506,65,183
935,505,65,183
929,504,65,183
923,503,65,183
918,502,65,183
912,501,65,183
906,500,65,183
900,499,65,183
894,498,65,183
889,497,84,239
889,498,84,239
889,499,84,239
889,501,84,239
890,502,84,239
890,504,84,239
890,505,84,239
891,506,84,239
891,508,84,239
891,509,84,239
892,511,92,247
894,512,92,247
896,514,92,247
898,516,92,247
901,517,92,247
903,519,92,247
905,521,92,247
908,522,92,247
910,524,92,247
912,526,92,247
915,528,86,241
915,529,86,241
916,530,86,241
916,531,86,241
917,532,86,241
917,533,86,241
918,534,86,241
918,535,86,241
919,536,86,241
919,537,86,241
920,539,90,243
920,540,90,243
921,541,90,243
921,542,90,243
922,543,90,243
922,544,90,243
923,545,90,243
923,546,90,243
924,547,90,243
924,548,90,243
925,549,79,239
924,549,79,239
923,549,79,239
922,550,79,239
921,550,79,239
920,551,79,239
919,551,79,239
918,551,79,239
917,552,79,239
916,552,79,239
916,553,94,240
916,553,94,240
916,553,94,240
917,554,94,240
917,554,94,240
918,555,94,240
918,555,94,240
918,555,94,240
919,556,94,240
919,556,94,240
920,557,78,247
919,556,78,247
918,556,78,247
918,556,78,247
917,556,78,247
917,556,78,247
916,556,78,247
915,556,78,247
915,556,78,247
914,556,78,247
914,556,86,249
914,556,86,249
915,556,86,249
915,556,86,249
916,556,86,249
917,556,86,249
917,556,86,249
918,556,86,249
918,556,86,249
919,556,86,249
920,556,88,249
921,556,88,249
923,556,88,249
925,557,88,249
927,557,88,249
929,558,88,249
931,558,88,249
933,558,88,249
935,559,88,249
937,559,88,249
939,560,90,238
940,559,90,238
942,559,90,238
943,559,90,238
945,559,90,238
947,559,90,238
948,559,90,238
950,559,90,238
951,559,90,238
953,559,90,238
955,559,86,237
955,558,86,237
956,557,86,237
957,556,86,237
958,555,86,237
959,554,86,237
960,553,86,237
961,552,86,237
962,551,86,237
963,550,86,237
964,549,87,235
966,548,87,235
969,548,87,235
972,547,87,235
975,547,87,235
978,546,87,235
980,546,87,235
983,545,87,235
986,545,87,235
989,544,87,235
992,544,77,234
993,543,77,234
994,543,77,234
995,542,77,234
996,542,77,234
997,542,77,234
998,541,77,234
999,541,77,234
1000,540,77,234
1001,540,77,234
1002,540,84,228
1003,539,84,228
1005,538,84,228
1007,537,84,228
1009,536,84,228
1011,536,84,228
1013,535,84,228
1015,534,84,228
1017,533,84,228
1019,532,84,228
1021,532,81,224
1021,530,81,224
1022,529,81,224
1022,528,81,224
1023,527,81,224
1024,526,81,224
1024,525,81,224
1025,524,81,224
1025,523,81,224
1026,522,81,224
1027,521,81,222
1028,520,81,222
1029,520,81,222
1030,519,81,222
1031,519,81,222
1032,518,81,222
1033,518,81,222
1034,517,81,222
1035,517,81,222
1036,516,81,222
1037,516,79,208
1036,515,79,208
1035,515,79,208
1034,514,79,208
1033,514,79,208
1033,513,79,208
1032,513,79,208
1031,512,79,208
1030,512,79,208
1029,511,79,208
1029,511,73,210
1028,511,73,210
1027,511,73,210
1026,511,73,210
1025,511,73,210
1024,511,73,210
1023,511,73,210
1022,511,73,210
1021,511,73,210
1020,511,73,210
1020,512,72,206
1018,512,72,206
1016,512,72,206
1014,512,72,206
1012,512,72,206
1011,512,72,206
1009,512,72,206
1007,512,72,206
1005,512,72,206
1003,512,72,206
1002,513,70,202
999,513,70,202
996,513,70,202
993,514,70,202
990,514,70,202
988,515,70,202
985,515,70,202
982,515,70,202
979,516,70,202
976,516,70,202
974,517,89,194
971,517,89,194
968,518,89,194
965,518,89,194
962,519,89,194
959,520,89,194
956,520,89,194
953,521,89,194
950,521,89,194
947,522,89,194
945,523,75,196
941,523,75,196
937,523,75,196
933,523,75,196
930,523,75,196
926,524,75,196
922,524,75,196
919,524,75,196
915,524,75,196
911,524,75,196
908,525,80,179
904,525,80,179
900,525,80,179
896,526,80,179
892,526,80,179
888,527,80,179
884,527,80,179
880,527,80,179
876,528,80,179
872,528,80,179
869,529,68,192
864,529,68,192
859,530,68,192
854,531,68,192
849,532,68,192
844,533,68,192
839,533,68,192
834,534,68,192
829,535,68,192
824,536,68,192
820,537,86,198
817,537,86,198
814,538,86,198
811,538,86,198
808,539,86,198
806,540,86,198
803,540,86,198
800,541,86,198
797,541,86,198
794,542,86,198
792,543,69,210
790,543,69,210
788,544,69,210
787,544,69,210
785,545,69,210
784,546,69,210
782,546,69,210
780,547,69,210
779,547,69,210
777,548,69,210
776,549,75,206
776,548,75,206
776,548,75,206
776,547,75,206
776,547,75,206
777,547,75,206
777,546,75,206
777,546,75,206
777,545,75,206
777,545,75,206
778,545,67,210
776,546,67,210
774,547,67,210
772,548,67,210
770,549,67,210
768,550,67,210
766,551,67,210
764,552,67,210
762,553,67,210
760,554,67,210
759,555,70,209
757,555,70,209
756,555,70,209
755,555,70,209
754,556,70,209
753,556,70,209
751,556,70,209
750,557,70,209
749,557,70,209
748,557,70,209
747,558,71,206
747,557,71,206
748,557,71,206
748,556,71,206
749,556,71,206
750,555,71,206
750,555,71,206
751,554,71,206
751,554,71,206
752,553,71,206
753,553,74,207
754,553,74,207
756,553,74,207
758,553,74,207
760,553,74,207
762,554,74,207
763,554,74,207
765,554,74,207
767,554,74,207
769,554,74,207
771,555,66,200
771,555,66,200
772,555,66,200
772,555,66,200
773,555,66,200
773,555,66,200
774,555,66,200
774,555,66,200
775,555,66,200
775,555,66,200
776,556,71,204
777,556,71,204
779,556,71,204
780,556,71,204
782,556,71,204
784,557,71,204
785,557,71,204
787,557,71,204
788,557,71,204
790,557,71,204
792,558,65,198
793,559,65,198
794,560,65,198
795,561,65,198
796,562,65,198
798,564,65,198
799,565,65,198
800,566,65,198
801,567,65,198
802,568,65,198
804,570,70,202
806,570,70,202
809,571,70,202
812,572,70,202
815,572,70,202
818,573,70,202
821,574,70,202
824,574,70,202
827,575,70,202
830,576,70,202
833,577,65,198
833,577,65,198
834,578,65,198
835,579,65,198
836,579,65,198
837,580,65,198
838,581,65,198
839,581,65,198
840,582,65,198
841,583,65,198
842,584,69,192
844,583,69,192
846,583,69,192
848,583,69,192
850,583,69,192
852,583,69,192
854,583,69,192
856,583,69,192
858,583,69,192
860,583,69,192
862,583,66,192
863,583,66,192
864,584,66,192
865,584,66,192
866,585,66,192
867,585,66,192
868,586,66,192
869,586,66,192
870,587,66,192
871,587,66,192
873,588,67,186
874,587,67,186
876,587,67,186
877,586,67,186
879,586,67,186
880,585,67,186
882,585,67,186
883,584,67,186
885,584,67,186
886,583,67,186
888,583,69,180
887,582,69,180
887,582,69,180
887,582,69,180
887,582,69,180
887,582,69,180
886,582,69,180
886,582,69,180
886,582,69,180
886,582,69,180
886,582,71,196
885,581,71,196
884,581,71,196
883,581,71,196
882,580,71,196
882,580,71,196
881,580,71,196
880,579,71,196
879,579,71,196
878,579,71,196
878,579,67,191
877,578,67,191
876,578,67,191
875,578,67,191
874,578,67,191
873,578,67,191
872,578,67,191
871,578,67,191
870,578,67,191
869,578,67,191
869,578,74,200
869,577,74,200
870,577,74,200
871,577,74,200
871,576,74,200
872,576,74,200
873,576,74,200
873,575,74,200
874,575,74,200
875,575,74,200
876,575,69,201
876,575,69,201
876,575,69,201
877,575,69,201
877,576,69,201
878,576,69,201
878,576,69,201
878,577,69,201
879,577,69,201
879,577,69,201
880,578,69,182
881,577,69,182
882,577,69,182
883,577,69,182
884,577,69,182
885,577,69,182
886,576,69,182
887,576,69,182
888,576,69,182
889,576,69,182
891,576,63,180
890,575,63,180
889,575,63,180
888,575,63,180
887,575,63,180
886,575,63,180
885,575,63,180
884,575,63,180
883,575,63,180
882,575,63,180
882,575,69,180
881,575,69,180
881,576,69,180
880,576,69,180
880,577,69,180
880,577,69,180
879,578,69,180
879,578,69,180
878,579,69,180
878,579,69,180
878,580,69,186
877,580,69,186
876,580,69,186
875,580,69,186
875,580,69,186
874,580,69,186
873,580,69,186
873,580,69,186
872,580,69,186
871,580,69,186
871,580,67,186
871,580,67,186
871,580,67,186
871,580,67,186
871,580,67,186
871,581,67,186
871,581,67,186
871,581,67,186
871,581,67,186
871,581,67,186
871,582,66,186
870,582,66,186
870,582,66,186
869,583,66,186
869,583,66,186
869,584,66,186
868,584,66,186
868,584,66,186
867,585,66,186
867,585,66,186
867,586,66,190
866,586,66,190
866,586,66,190
865,587,66,190
865,587,66,190
865,588,66,190
864,588,66,190
864,588,66,190
863,589,66,190
863,589,66,190
863,590,66,190
863,589,66,190
863,589,66,190
863,589,66,190
863,589,66,190
864,589,66,190
864,588,66,190
864,588,66,190
864,588,66,190
864,588,66,190
865,588,62,194
865,588,62,194
866,589,62,194
867,589,62,194
868,590,62,194
869,591,62,194
869,591,62,194
870,592,62,194
871,592,62,194
872,593,62,194
873,594,68,192
873,593,68,192
874,593,68,192
874,593,68,192
875,593,68,192
876,593,68,192
876,592,68,192
877,592,68,192
877,592,68,192
878,592,68,192
879,592,65,196
879,592,65,196
880,593,65,196
880,593,65,196
881,594,65,196
881,595,65,196
882,595,65,196
882,596,65,196
883,596,65,196
883,597,65,196
884,598,67,200
885,598,67,200
886,598,67,200
887,598,67,200
888,598,67,200
889,599,67,200
890,599,67,200
891,599,67,200
892,599,67,200
893,599,67,200
895,600,69,198
895,600,69,198
895,600,69,198
895,601,69,198
896,601,69,198
896,602,69,198
896,602,69,198
897,602,69,198
897,603,69,198
897,603,69,198
898,604,71,198
899,604,71,198
900,604,71,198
902,604,71,198
903,604,71,198
905,604,71,198
906,604,71,198
907,604,71,198
909,604,71,198
910,604,71,198
912,605,62,199
911,605,62,199
911,605,62,199
911,606,62,199
911,606,62,199
911,607,62,199
911,607,62,199
911,607,62,199
911,608,62,199
911,608,62,199
911,609,72,202
911,610,72,202
912,611,72,202
912,612,72,202
913,613,72,202
914,614,72,202
914,615,72,202
915,616,72,202
915,617,72,202
916,618,72,202
917,619,68,202
916,619,68,202
915,620,68,202
915,620,68,202
914,621,68,202
914,622,68,202
913,622,68,202
912,623,68,202
912,623,68,202
911,624,68,202
911,625,72,200
911,625,72,200
912,626,72,200
912,626,72,200
913,627,72,200
913,628,72,200
914,628,72,200
914,629,72,200
915,629,72,200
915,630,72,200
916,631,70,200
914,631,70,200
913,632,70,200
911,633,70,200
910,634,70,200
908,635,70,200
907,635,70,200
905,636,70,200
904,637,70,200
902,638,70,200
901,639,73,202
899,638,73,202
898,638,73,202
897,638,73,202
896,638,73,202
895,638,73,202
894,637,73,202
893,637,73,202
892,637,73,202
891,637,73,202
890,637,71,200
887,637,71,200
885,637,71,200
882,637,71,200
880,637,71,200
877,638,71,200
875,638,71,200
872,638,71,200
870,638,71,200
867,638,71,200
865,639,74,204
864,639,74,204
863,639,74,204
862,639,74,204
861,639,74,204
861,639,74,204
860,639,74,204
859,639,74,204
858,639,74,204
857,639,74,204
857,640,70,203
855,640,70,203
853,641,70,203
852,641,70,203
850,642,70,203
849,642,70,203
847,643,70,203
845,643,70,203
844,644,70,203
842,644,70,203
841,645,75,210
842,644,75,210
843,643,75,210
844,643,75,210
845,642,75,210
847,642,75,210
848,641,75,210
849,640,75,210
850,640,75,210
851,639,75,210
853,639,67,208
852,639,67,208
852,639,67,208
851,639,67,208
851,639,67,208
851,640,67,208
850,640,67,208
850,640,67,208
849,640,67,208
849,640,67,208
849,641,71,209
849,641,71,209
849,641,71,209
850,641,71,209
850,641,71,209
851,641,71,209
851,641,71,209
851,641,71,209
852,641,71,209
852,641,71,209
853,641,67,200
852,640,67,200
851,639,67,200
851,639,67,200
850,638,67,200
850,638,67,200
849,637,67,200
848,636,67,200
848,636,67,200
847,635,67,200
847,635,78,200
847,634,78,200
848,634,78,200
849,633,78,200
850,633,78,200
851,633,78,200
851,632,78,200
852,632,78,200
853,631,78,200
854,631,78,200
855,631,70,198
854,630,70,198
853,630,70,198
852,630,70,198
852,630,70,198
851,630,70,198
850,629,70,198
850,629,70,198
849,629,70,198
848,629,70,198
848,629,78,186
849,628,78,186
850,628,78,186
851,628,78,186
853,628,78,186
854,628,78,186
855,627,78,186
857,627,78,186
858,627,78,186
859,627,78,186
861,627,66,190
860,626,66,190
860,626,66,190
860,626,66,190
859,625,66,190
859,625,66,190
859,625,66,190
858,624,66,190
858,624,66,190
858,624,66,190
858,624,71,197
857,624,71,197
856,625,71,197
855,625,71,197
854,626,71,197
853,626,71,197
852,627,71,197
851,627,71,197
850,628,71,197
849,628,71,197
849,629,67,190
848,629,67,190
847,629,67,190
846,629,67,190
845,629,67,190
844,629,67,190
843,629,67,190
842,629,67,190
841,629,67,190
840,629,67,190
839,629,69,188
838,628,69,188
838,628,69,188
837,628,69,188
837,628,69,188
837,628,69,188
836,627,69,188
836,627,69,188
835,627,69,188
835,627,69,188
835,627,75,190
836,627,75,190
838,628,75,190
840,628,75,190
842,629,75,190
844,630,75,190
845,630,75,190
847,631,75,190
849,631,75,190
851,632,75,190
853,633,72,188
855,632,72,188
858,632,72,188
861,631,72,188
864,631,72,188
867,631,72,188
869,630,72,188
872,630,72,188
875,629,72,188
878,629,72,188
881,629,72,182
882,628,72,182
884,627,72,182
886,627,72,182
888,626,72,182
890,626,72,182
892,625,72,182
894,624,72,182
896,624,72,182
898,623,72,182
900,623,73,184
902,623,73,184
904,623,73,184
906,624,73,184
908,624,73,184
910,625,73,184
912,625,73,184
914,625,73,184
916,626,73,184
918,626,73,184
920,627,70,184
920,627,70,184
920,627,70,184
920,628,70,184
920,628,70,184
920,629,70,184
920,629,70,184
920,629,70,184
920,630,70,184
920,630,70,184
921,631,73,184
921,631,73,184
922,631,73,184
923,631,73,184
923,631,73,184
924,631,73,184
925,631,73,184
925,631,73,184
926,631,73,184
927,631,73,184
928,632,70,183
928,632,70,183
929,633,70,183
930,634,70,183
931,634,70,183
932,635,70,183
933,636,70,183
934,636,70,183
935,637,70,183
936,638,70,183
937,639,69,184
937,639,69,184
937,639,69,184
938,639,69,184
938,639,69,184
939,640,69,184
939,640,69,184
939,640,69,184
940,640,69,184
940,640,69,184
941,641,73,186
933,638,73,186
926,635,73,186
919,633,73,186
912,630,73,186
905,628,73,186
897,625,73,186
890,622,73,186
883,620,73,186
876,617,73,186
869,615,66,194
869,614,66,194
869,613,66,194
869,612,66,194
869,611,66,194
869,610,66,194
869,609,66,194
869,608,66,194
869,607,66,194
869,606,66,194
869,606,68,190
868,605,68,190
868,604,68,190
868,604,68,190
868,603,68,190
868,603,68,190
867,602,68,190
867,601,68,190
867,601,68,190
867,600,68,190
867,600,68,194
867,599,68,194
868,598,68,194
869,598,68,194
869,597,68,194
870,597,68,194
871,596,68,194
871,595,68,194
872,595,68,194
873,594,68,194
874,594,65,196
873,593,65,196
872,592,65,196
871,591,65,196
871,590,65,196
870,590,65,196
869,589,65,196
869,588,65,196
868,587,65,196
867,586,65,196
867,586,68,194
867,585,68,194
867,585,68,194
867,585,68,194
867,585,68,194
868,585,68,194
868,584,68,194
868,584,68,194
868,584,68,194
868,584,68,194
869,584,68,196
867,583,68,196
866,583,68,196
865,583,68,196
864,583,68,196
863,583,68,196
861,582,68,196
860,582,68,196
859,582,68,196
858,582,68,196
857,582,72,190
857,581,72,190
857,580,72,190
857,579,72,190
857,578,72,190
857,578,72,190
857,577,72,190
857,576,72,190
857,575,72,190
857,574,72,190
857,574,65,198
855,574,65,198
854,574,65,198
853,575,65,198
852,575,65,198
851,576,65,198
849,576,65,198
848,576,65,198
847,577,65,198
846,577,65,198
845,578,69,188
845,577,69,188
845,577,69,188
845,576,69,188
845,576,69,188
846,576,69,188
846,575,69,188
846,575,69,188
846,574,69,188
846,574,69,188
847,574,63,190
846,573,63,190
845,573,63,190
844,572,63,190
843,572,63,190
842,572,63,190
841,571,63,190
840,571,63,190
839,570,63,190
838,570,63,190
837,570,73,190
836,570,73,190
836,570,73,190
836,570,73,190
836,570,73,190
836,571,73,190
835,571,73,190
835,571,73,190
835,571,73,190
835,571,73,190
835,572,71,188
834,572,71,188
833,572,71,188
832,572,71,188
831,572,71,188
831,572,71,188
830,572,71,188
829,572,71,188
828,572,71,188
827,572,71,188
827,572,73,202
827,572,73,202
828,573,73,202
829,574,73,202
830,575,73,202
831,576,73,202
831,576,73,202
832,577,73,202
833,578,73,202
834,579,73,202
835,580,71,194
836,580,71,194
837,581,71,194
838,581,71,194
839,582,71,194
840,582,71,194
841,583,71,194
842,583,71,194
843,584,71,194
844,584,71,194
845,585,73,199
846,585,73,199
847,586,73,199
848,586,73,199
849,587,73,199
850,587,73,199
851,588,73,199
852,588,73,199
853,589,73,199
854,589,73,199
855,590,68,196
854,590,68,196
853,590,68,196
852,590,68,196
851,590,68,196
850,590,68,196
849,590,68,196
848,590,68,196
847,590,68,196
846,590,68,196
845,591,71,201
845,591,71,201
846,592,71,201
846,592,71,201
847,593,71,201
848,594,71,201
848,594,71,201
849,595,71,201
849,595,71,201
850,596,71,201
851,597,71,199
851,597,71,199
852,597,71,199
853,597,71,199
854,597,71,199
855,598,71,199
855,598,71,199
856,598,71,199
857,598,71,199
858,598,71,199
859,599,72,195
859,599,72,195
860,599,72,195
861,599,72,195
862,599,72,195
863,599,72,195
863,599,72,195
864,599,72,195
865,599,72,195
866,599,72,195
867,599,70,195
868,598,70,195
869,598,70,195
871,598,70,195
872,598,70,195
874,598,70,195
875,597,70,195
876,597,70,195
878,597,70,195
879,597,70,195
881,597,76,197
885,594,76,197
890,592,76,197
894,590,76,197
899,587,76,197
903,585,76,197
908,583,76,197
912,580,76,197
917,578,76,197
921,576,76,197
926,574,66,190
926,570,66,190
926,566,66,190
926,562,66,190
926,559,66,190
926,555,66,190
926,551,66,190
926,548,66,190
926,544,66,190
926,540,66,190
927,537,71,194
927,535,71,194
928,534,71,194
928,533,71,194
929,532,71,194
930,531,71,194
930,529,71,194
931,528,71,194
931,527,71,194
932,526,71,194
933,525,63,184
931,524,63,184
929,523,63,184
927,523,63,184
926,522,63,184
924,522,63,184
922,521,63,184
921,520,63,184
919,520,63,184
917,519,63,184
916,519,68,184
915,518,68,184
914,517,68,184
913,516,68,184
912,515,68,184
911,515,68,184
910,514,68,184
909,513,68,184
908,512,68,184
907,511,68,184
906,511,66,185
906,510,66,185
906,510,66,185
906,509,66,185
906,509,66,185
906,509,66,185
906,508,66,185
906,508,66,185
906,507,66,185
906,507,66,185
906,507,64,185
906,506,64,185
906,506,64,185
906,505,64,185
906,505,64,185
907,504,64,185
907,504,64,185
907,503,64,185
907,503,64,185
907,502,64,185
908,502,68,186
908,501,68,186
909,501,68,186
910,501,68,186
911,501,68,186
912,501,68,186
912,500,68,186
913,500,68,186
914,500,68,186
915,500,68,186
916,500,68,178
915,499,68,178
914,498,68,178
914,497,68,178
913,496,68,178
913,496,68,178
912,495,68,178
911,494,68,178
911,493,68,178
910,492,68,178
910,492,62,186
908,492,62,186
907,492,62,186
905,492,62,186
904,492,62,186
903,492,62,186
901,492,62,186
900,492,62,186
898,492,62,186
897,492,62,186
896,492,67,180
893,491,67,180
891,491,67,180
889,490,67,180
887,490,67,180
885,490,67,180
882,489,67,180
880,489,67,180
878,488,67,180
876,488,67,180
874,488,65,176
873,487,65,176
872,486,65,176
871,486,65,176
871,485,65,176
870,485,65,176
869,484,65,176
869,483,65,176
868,483,65,176
867,482,65,176
867,482,60,186
866,481,60,186
866,480,60,186
866,480,60,186
866,479,60,186
866,479,60,186
865,478,60,186
865,477,60,186
865,477,60,186
865,476,60,186
865,476,64,190
866,475,64,190
867,474,64,190
868,474,64,190
870,473,64,190
871,473,64,190
872,472,64,190
874,471,64,190
875,471,64,190
876,470,64,190
878,470,65,185
878,469,65,185
878,469,65,185
879,468,65,185
879,468,65,185
880,468,65,185
880,467,65,185
880,467,65,185
881,466,65,185
881,466,65,185
882,466,63,179
882,465,63,179
882,465,63,179
882,465,63,179
882,465,63,179
882,465,63,179
882,464,63,179
882,464,63,179
882,464,63,179
882,464,63,179
882,464,61,187
880,463,61,187
879,463,61,187
878,462,61,187
877,462,61,187
876,462,61,187
875,461,61,187
874,461,61,187
873,460,61,187
872,460,61,187
871,460,64,189
870,460,64,189
869,460,64,189
868,460,64,189
867,460,64,189
867,460,64,189
866,460,64,189
865,460,64,189
864,460,64,189
863,460,64,189
863,460,68,185
862,460,68,185
861,460,68,185
861,460,68,185
860,460,68,185
860,460,68,185
859,460,68,185
858,460,68,185
858,460,68,185
857,460,68,185
857,460,68,183
856,459,68,183
856,459,68,183
855,459,68,183
855,459,68,183
855,459,68,183
854,458,68,183
854,458,68,183
853,458,68,183
853,458,68,183
853,458,70,179
852,457,70,179
852,457,70,179
851,457,70,179
851,457,70,179
851,457,70,179
850,456,70,179
850,456,70,179
849,456,70,179
849,456,70,179
849,456,69,185
850,455,69,185
851,455,69,185
852,455,69,185
853,455,69,185
854,455,69,185
855,454,69,185
856,454,69,185
857,454,69,185
858,454,69,185
859,454,66,173
859,453,66,173
860,453,66,173
861,452,66,173
862,452,66,173
863,452,66,173
864,451,66,173
865,451,66,173
866,450,66,173
867,450,66,173
868,450,69,177
869,449,69,177
870,449,69,177
872,449,69,177
873,448,69,177
875,448,69,177
876,448,69,177
877,447,69,177
879,447,69,177
880,447,69,177
882,447,65,168
882,447,65,168
883,447,65,168
883,447,65,168
884,447,65,168
884,447,65,168
885,447,65,168
885,447,65,168
886,447,65,168
886,447,65,168
887,447,66,168
886,447,66,168
886,447,66,168
886,447,66,168
885,447,66,168
885,448,66,168
885,448,66,168
884,448,66,168
884,448,66,168
884,448,66,168
884,449,65,175
883,452,65,175
883,456,65,175
883,460,65,175
883,464,65,175
883,468,65,175
882,472,65,175
882,476,65,175
882,480,65,175
882,484,65,175
882,488,63,172
882,489,63,172
883,490,63,172
884,492,63,172
885,493,63,172
886,495,63,172
886,496,63,172
887,497,63,172
888,499,63,172
889,500,63,172
890,502,67,176
892,501,67,176
894,500,67,176
896,499,67,176
898,498,67,176
900,497,67,176
902,496,67,176
904,495,67,176
906,494,67,176
908,493,67,176
911,492,62,164
912,491,62,164
913,491,62,164
914,490,62,164
915,490,62,164
916,490,62,164
917,489,62,164
918,489,62,164
919,488,62,164
920,488,62,164
922,488,68,168
922,487,68,168
923,486,68,168
924,485,68,168
925,484,68,168
926,484,68,168
927,483,68,168
928,482,68,168
929,481,68,168
930,480,68,168
931,480,65,169
931,480,65,169
931,480,65,169
931,480,65,169
931,480,65,169
932,480,65,169
932,480,65,169
932,480,65,169
932,480,65,169
932,480,65,169
933,480,65,163
934,479,65,163
935,478,65,163
936,478,65,163
937,477,65,163
938,477,65,163
939,476,65,163
940,475,65,163
941,475,65,163
942,474,65,163
943,474,59,169
943,473,59,169
943,473,59,169
944,473,59,169
944,473,59,169
945,473,59,169
945,472,59,169
945,472,59,169
946,472,59,169
946,472,59,169
947,472,59,171
947,472,59,171
947,472,59,171
948,473,59,171
948,473,59,171
949,474,59,171
949,474,59,171
949,474,59,171
950,475,59,171
950,475,59,171
951,476,59,169
950,476,59,169
950,476,59,169
949,476,59,169
949,476,59,169
949,476,59,169
948,476,59,169
948,476,59,169
947,476,59,169
947,476,59,169
947,476,65,175
947,476,65,175
948,476,65,175
948,476,65,175
949,476,65,175
950,477,65,175
950,477,65,175
951,477,65,175
951,477,65,175
952,477,65,175
953,478,57,178
953,478,57,178
953,479,57,178
953,480,57,178
953,481,57,178
953,482,57,178
953,482,57,178
953,483,57,178
953,484,57,178
953,485,57,178
953,486,63,169
953,485,63,169
953,484,63,169
954,484,63,169
954,483,63,169
955,483,63,169
955,482,63,169
955,481,63,169
956,481,63,169
956,480,63,169
957,480,62,174
957,480,62,174
957,480,62,174
957,480,62,174
957,481,62,174
958,481,62,174
958,481,62,174
958,482,62,174
958,482,62,174
958,482,62,174
959,483,66,174
960,483,66,174
961,483,66,174
962,483,66,174
964,483,66,174
965,483,66,174
966,483,66,174
968,483,66,174
969,483,66,174
970,483,66,174
972,484,63,180
972,484,63,180
972,484,63,180
972,485,63,180
972,485,63,180
972,486,63,180
972,486,63,180
972,486,63,180
972,487,63,180
972,487,63,180
972,488,61,180
972,488,61,180
973,488,61,180
973,488,61,180
974,488,61,180
975,488,61,180
975,488,61,180
976,488,61,180
976,488,61,180
977,488,61,180
978,488,63,186
977,488,63,186
976,488,63,186
975,489,63,186
974,489,63,186
974,490,63,186
973,490,63,186
972,490,63,186
971,491,63,186
970,491,63,186
970,492,69,184
970,492,69,184
970,493,69,184
970,493,69,184
970,494,69,184
971,494,69,184
971,495,69,184
971,495,69,184
971,496,69,184
971,496,69,184
972,497,67,183
971,497,67,183
971,498,67,183
970,498,67,183
970,499,67,183
969,499,67,183
969,500,67,183
968,500,67,183
968,501,67,183
967,501,67,183
967,502,66,184
967,502,66,184
968,502,66,184
968,502,66,184
969,502,66,184
969,503,66,184
970,503,66,184
970,503,66,184
971,503,66,184
971,503,66,184
972,504,63,174
971,504,63,174
971,504,63,174
970,504,63,174
970,504,63,174
969,504,63,174
969,504,63,174
968,504,63,174
968,504,63,174
967,504,63,174
967,505,66,185
967,504,66,185
967,504,66,185
967,504,66,185
967,504,66,185
968,504,66,185
968,504,66,185
968,504,66,185
968,504,66,185
968,504,66,185
969,504,60,180
967,504,60,180
966,505,60,180
965,506,60,180
964,507,60,180
963,508,60,180
961,508,60,180
960,509,60,180
959,510,60,180
958,511,60,180
957,512,64,171
956,512,64,171
955,512,64,171
954,512,64,171
953,512,64,171
953,512,64,171
952,512,64,171
951,512,64,171
950,512,64,171
949,512,64,171
949,513,69,169
948,513,69,169
947,513,69,169
946,514,69,169
945,514,69,169
945,515,69,169
944,515,69,169
943,515,69,169
942,516,69,169
941,516,69,169
941,517,65,175
940,517,65,175
940,517,65,175
940,517,65,175
940,518,65,175
940,518,65,175
939,518,65,175
939,519,65,175
939,519,65,175
939,519,65,175
939,520,61,178
938,520,61,178
937,520,61,178
936,520,61,178
936,521,61,178
935,521,61,178
934,521,61,178
934,522,61,178
933,522,61,178
932,522,61,178
932,523,68,175
932,523,68,175
932,523,68,175
932,523,68,175
932,523,68,175
932,523,68,175
932,523,68,175
932,523,68,175
932,523,68,175
932,523,68,175
933,523,63,176
932,522,63,176
931,522,63,176
931,522,63,176
930,522,63,176
930,522,63,176
929,521,63,176
928,521,63,176
928,521,63,176
927,521,63,176
927,521,69,179
927,521,69,179
927,521,69,179
927,521,69,179
927,521,69,179
927,521,69,179
927,521,69,179
927,521,69,179
927,521,69,179
927,521,69,179
927,521,63,186
926,521,63,186
926,521,63,186
925,521,63,186
925,521,63,186
925,521,63,186
924,521,63,186
924,521,63,186
923,521,63,186
923,521,63,186
923,521,69,173
922,520,69,173
922,520,69,173
922,520,69,173
922,519,69,173
922,519,69,173
921,519,69,173
921,518,69,173
921,518,69,173
921,518,69,173
921,518,67,178
921,517,67,178
921,517,67,178
921,517,67,178
921,516,67,178
922,516,67,178
922,516,67,178
922,515,67,178
922,515,67,178
922,515,67,178
923,515,65,183
922,515,65,183
921,515,65,183
920,515,65,183
920,515,65,183
919,515,65,183
918,515,65,183
918,515,65,183
917,515,65,183
916,515,65,183
916,515,64,177
915,514,64,177
915,513,64,177
914,513,64,177
914,512,64,177
914,512,64,177
913,511,64,177
913,510,64,177
912,510,64,177
912,509,64,177
912,509,62,181
911,509,62,181
910,509,62,181
909,509,62,181
908,509,62,181
908,509,62,181
907,509,62,181
906,509,62,181
905,509,62,181
904,509,62,181
904,509,63,181
903,508,63,181
903,508,63,181
902,508,63,181
902,508,63,181
902,508,63,181
901,507,63,181
901,507,63,181
900,507,63,181
900,507,63,181
900,507,65,179
899,507,65,179
898,507,65,179
897,507,65,179
896,507,65,179
895,507,65,179
894,507,65,179
893,507,65,179
892,507,65,179
891,507,65,179
890,507,65,179
890,507,65,179
890,508,65,179
890,508,65,179
890,509,65,179
890,510,65,179
890,510,65,179
890,511,65,179
890,511,65,179
890,512,65,179
890,513,63,175
885,511,63,175
880,510,63,175
875,509,63,175
870,507,63,175
865,506,63,175
860,505,63,175
855,503,63,175
850,502,63,175
845,501,63,175
841,500,59,172
838,500,59,172
836,501,59,172
833,502,59,172
831,502,59,172
828,503,59,172
826,504,59,172
823,504,59,172
821,505,59,172
818,506,59,172
816,507,62,167
813,507,62,167
811,507,62,167
809,507,62,167
807,507,62,167
805,508,62,167
802,508,62,167
800,508,62,167
798,508,62,167
796,508,62,167
794,509,63,175
792,509,63,175
790,510,63,175
788,511,63,175
786,512,63,175
784,513,63,175
782,513,63,175
780,514,63,175
778,515,63,175
776,516,63,175
774,517,61,173
772,517,61,173
770,518,61,173
768,519,61,173
766,520,61,173
764,521,61,173
762,521,61,173
760,522,61,173
758,523,61,173
756,524,61,173
755,525,63,173
752,525,63,173
749,525,63,173
747,525,63,173
744,525,63,173
742,526,63,173
739,526,63,173
736,526,63,173
734,526,63,173
731,526,63,173
729,527,63,175
726,527,63,175
723,527,63,175
720,527,63,175
718,527,63,175
715,528,63,175
712,528,63,175
710,528,63,175
707,528,63,175
704,528,63,175
702,529,67,177
699,529,67,177
697,529,67,177
694,529,67,177
692,529,67,177
690,530,67,177
687,530,67,177
685,530,67,177
682,530,67,177
680,530,67,177
678,531,69,171
676,531,69,171
675,531,69,171
673,531,69,171
672,531,69,171
670,532,69,171
669,532,69,171
667,532,69,171
666,532,69,171
664,532,69,171
663,533,62,188
660,533,62,188
658,534,62,188
656,534,62,188
654,535,62,188
652,536,62,188
649,536,62,188
647,537,62,188
645,537,62,188
643,538,62,188
641,539,67,182
647,539,67,182
654,539,67,182
661,539,67,182
668,539,67,182
675,539,67,182
682,539,67,182
689,539,67,182
696,539,67,182
703,539,67,182
710,539,63,180
720,538,63,180
731,538,63,180
742,538,63,180
752,538,63,180
763,538,63,180
774,537,63,180
784,537,63,180
795,537,63,180
806,537,63,180
817,537,63,182
825,537,63,182
833,537,63,182
841,537,63,182
849,537,63,182
857,538,63,182
865,538,63,182
873,538,63,182
881,538,63,182
889,538,63,182
898,539,64,166
902,538,64,166
906,538,64,166
910,538,64,166
915,538,64,166
919,538,64,166
923,538,64,166
928,538,64,166
932,538,64,166
936,538,64,166
941,538,65,181
945,538,65,181
949,538,65,181
953,538,65,181
957,538,65,181
961,538,65,181
965,538,65,181
969,538,65,181
973,538,65,181
977,538,65,181
982,539,65,188
982,539,65,188
982,539,65,188
983,540,65,188
983,540,65,188
984,541,65,188
984,541,65,188
984,541,65,188
985,542,65,188
985,542,65,188
986,543,65,176
984,543,65,176
982,543,65,176
980,543,65,176
978,543,65,176
976,543,65,176
974,543,65,176
972,543,65,176
970,543,65,176
968,543,65,176
967,544,68,172
965,544,68,172
963,544,68,172
962,544,68,172
960,545,68,172
959,545,68,172
957,545,68,172
955,546,68,172
954,546,68,172
952,546,68,172
951,547,65,176
949,546,65,176
948,546,65,176
947,545,65,176
946,545,65,176
945,545,65,176
943,544,65,176
942,544,65,176
941,543,65,176
940,543,65,176
939,543,65,172
937,542,65,172
936,542,65,172
935,541,65,172
934,541,65,172
933,541,65,172
931,540,65,172
930,540,65,172
929,539,65,172
928,539,65,172
927,539,65,168
927,538,65,168
927,538,65,168
928,537,65,168
928,537,65,168
929,537,65,168
929,536,65,168
929,536,65,168
930,535,65,168
930,535,65,168
931,535,65,172
935,534,65,172
940,534,65,172
944,533,65,172
949,533,65,172
954,533,65,172
958,532,65,172
963,532,65,172
967,531,65,172
972,531,65,172
977,531,63,168
983,530,63,168
989,529,63,168
995,528,63,168
1001,527,63,168
1007,527,63,168
1013,526,63,168
1019,525,63,168
1025,524,63,168
1031,523,63,168
1037,523,61,169
1038,522,61,169
1039,521,61,169
1040,521,61,169
1041,520,61,169
1043,520,61,169
1044,519,61,169
1045,518,61,169
1046,518,61,169
1047,517,61,169
1049,517,61,173
1050,516,61,173
1051,516,61,173
1053,516,61,173
1054,516,61,173
1056,516,61,173
1057,515,61,173
1058,515,61,173
1060,515,61,173
1061,515,61,173
1063,515,60,173
1064,514,60,173
1066,514,60,173
1067,513,60,173
1069,513,60,173
1070,513,60,173
1072,512,60,173
1073,512,60,173
1075,511,60,173
1076,511,60,173
1078,511,65,169
1079,510,65,169
1081,510,65,169
1082,510,65,169
1084,510,65,169
1085,510,65,169
1087,509,65,169
1088,509,65,169
1090,509,65,169
1091,509,65,169
1093,509,65,171
1095,508,65,171
1098,507,65,171
1101,507,65,171
1104,506,65,171
1107,506,65,171
1109,505,65,171
1112,504,65,171
1115,504,65,171
1118,503,65,171
1121,503,61,173
1122,502,61,173
1124,502,61,173
1125,501,61,173
1127,501,61,173
1129,501,61,173
1130,500,61,173
1132,500,61,173
1133,499,61,173
1135,499,61,173
1137,499,59,173
1138,498,59,173
1140,498,59,173
1142,497,59,173
1144,497,59,173
1146,497,59,173
1147,496,59,173
1149,496,59,173
1151,495,59,173
1153,495,59,173
1155,495,59,171
1155,494,59,171
1155,494,59,171
1156,493,59,171
1156,493,59,171
1157,493,59,171
1157,492,59,171
1157,492,59,171
1158,491,59,171
1158,491,59,171
1159,491,62,172
1159,490,62,172
1159,490,62,172
1160,490,62,172
1160,489,62,172
1161,489,62,172
1161,489,62,172
1161,488,62,172
1162,488,62,172
1162,488,62,172
1163,488,53,170
1162,487,53,170
1161,486,53,170
1160,485,53,170
1159,484,53,170
1159,484,53,170
1158,483,53,170
1157,482,53,170
1156,481,53,170
1155,480,53,170
1155,480,61,176
1155,479,61,176
1155,479,61,176
1155,478,61,176
1155,478,61,176
1155,478,61,176
1155,477,61,176
1155,477,61,176
1155,476,61,176
1155,476,61,176
1155,476,59,172
1154,476,59,172
1153,476,59,172
1152,476,59,172
1151,476,59,172
1150,476,59,172
1149,476,59,172
1148,476,59,172
1147,476,59,172
1146,476,59,172
1145,476,65,172
1144,476,65,172
1143,476,65,172
1142,476,65,172
1142,476,65,172
1141,476,65,172
1140,476,65,172
1140,476,65,172
1139,476,65,172
1138,476,65,172
1138,477,57,169
1136,476,57,169
1135,476,57,169
1133,476,57,169
1132,475,57,169
1130,475,57,169
1129,475,57,169
1127,474,57,169
1126,474,57,169
1124,474,57,169
1123,474,59,171
1121,473,59,171
1119,473,59,171
1117,473,59,171
1116,473,59,171
1114,473,59,171
1112,472,59,171
1111,472,59,171
1109,472,59,171
1107,472,59,171
1106,472,59,169
1103,471,59,169
1101,471,59,169
1099,470,59,169
1097,470,59,169
1095,470,59,169
1092,469,59,169
1090,469,59,169
1088,468,59,169
1086,468,59,169
1084,468,61,165
1082,467,61,165
1080,467,61,165
1078,467,61,165
1077,467,61,165
1075,467,61,165
1073,466,61,165
1072,466,61,165
1070,466,61,165
1068,466,61,165
1067,466,60,163
1065,466,60,163
1063,466,60,163
1061,466,60,163
1059,466,60,163
1058,466,60,163
1056,466,60,163
1054,466,60,163
1052,466,60,163
1050,466,60,163
1049,466,59,157
1048,465,59,157
1047,465,59,157
1046,464,59,157
1045,464,59,157
1044,464,59,157
1043,463,59,157
1042,463,59,157
1041,462,59,157
1040,462,59,157
1039,462,57,161
1037,462,57,161
1035,462,57,161
1033,462,57,161
1031,462,57,161
1029,462,57,161
1027,462,57,161
1025,462,57,161
1023,462,57,161
1021,462,57,161
1019,463,59,157
1018,463,59,157
1017,463,59,157
1016,463,59,157
1016,463,59,157
1015,463,59,157
1014,463,59,157
1014,463,59,157
1013,463,59,157
1012,463,59,157
1012,463,55,157
1009,462,55,157
1007,462,55,157
1005,462,55,157
1003,461,55,157
1001,461,55,157
998,461,55,157
996,460,55,157
994,460,55,157
992,460,55,157
990,460,63,157
988,459,63,157
986,459,63,157
985,459,63,157
983,459,63,157
982,459,63,157
980,459,63,157
978,459,63,157
977,459,63,157
975,459,63,157
974,459,63,153
972,458,63,153
971,458,63,153
969,458,63,153
968,457,63,153
966,457,63,153
965,457,63,153
963,456,63,153
962,456,63,153
960,456,63,153
959,456,59,163
958,456,59,163
958,456,59,163
957,457,59,163
957,457,59,163
957,458,59,163
956,458,59,163
956,458,59,163
955,459,59,163
955,459,59,163
955,460,58,153
954,460,58,153
954,460,58,153
954,460,58,153
954,460,58,153
954,460,58,153
954,460,58,153
954,460,58,153
954,460,58,153
954,460,58,153
954,460,61,155
955,458,61,155
956,457,61,155
957,456,61,155
958,455,61,155
959,454,61,155
960,452,61,155
961,451,61,155
962,450,61,155
963,449,61,155
965,448,60,157
963,448,60,157
961,449,60,157
959,449,60,157
957,450,60,157
956,451,60,157
954,451,60,157
952,452,60,157
950,452,60,157
948,453,60,157
947,454,59,157
945,454,59,157
944,454,59,157
943,455,59,157
942,455,59,157
941,456,59,157
939,456,59,157
938,456,59,157
937,457,59,157
936,457,59,157
935,458,61,165
935,459,61,165
936,460,61,165
937,461,61,165
938,462,61,165
939,463,61,165
939,464,61,165
940,465,61,165
941,466,61,165
942,467,61,165
943,468,65,161
942,468,65,161
941,469,65,161
940,469,65,161
939,470,65,161
939,471,65,161
938,471,65,161
937,472,65,161
936,472,65,161
935,473,65,161
935,474,59,167
933,473,59,167
931,473,59,167
930,473,59,167
928,473,59,167
927,473,59,167
925,472,59,167
923,472,59,167
922,472,59,167
920,472,59,167
919,472,57,167
917,472,57,167
916,473,57,167
914,474,57,167
913,475,57,167
911,476,57,167
910,476,57,167
908,477,57,167
907,478,57,167
905,479,57,167
904,480,57,161
903,480,57,161
902,480,57,161
902,480,57,161
901,480,57,161
901,481,57,161
900,481,57,161
899,481,57,161
899,481,57,161
898,481,57,161
898,482,57,169
897,482,57,169
897,483,57,169
896,483,57,169
896,484,57,169
896,485,57,169
895,485,57,169
895,486,57,169
894,486,57,169
894,487,57,169
894,488,59,168
893,488,59,168
892,488,59,168
891,488,59,168
890,488,59,168
890,488,59,168
889,488,59,168
888,488,59,168
887,488,59,168
886,488,59,168
886,488,65,170
885,488,65,170
884,488,65,170
884,488,65,170
883,488,65,170
883,488,65,170
882,488,65,170
881,488,65,170
881,488,65,170
880,488,65,170
880,488,61,178
879,488,61,178
879,488,61,178
879,488,61,178
878,488,61,178
878,489,61,178
878,489,61,178
877,489,61,178
877,489,61,178
877,489,61,178
877,490,62,168
876,490,62,168
875,490,62,168
875,491,62,168
874,491,62,168
874,492,62,168
873,492,62,168
872,492,62,168
872,493,62,168
871,493,62,168
871,494,60,176
870,494,60,176
870,495,60,176
869,495,60,176
869,496,60,176
869,497,60,176
868,497,60,176
868,498,60,176
867,498,60,176
867,499,60,176
867,500,60,168
866,501,60,168
866,502,60,168
865,503,60,168
865,505,60,168
865,506,60,168
864,507,60,168
864,509,60,168
863,510,60,168
863,511,60,168
863,513,59,179
863,513,59,179
863,513,59,179
863,514,59,179
863,514,59,179
864,515,59,179
864,515,59,179
864,515,59,179
864,516,59,179
864,516,59,179
865,517,62,181
864,517,62,181
864,518,62,181
863,519,62,181
863,520,62,181
863,521,62,181
862,522,62,181
862,523,62,181
861,524,62,181
861,525,62,181
861,526,64,182
861,526,64,182
861,527,64,182
861,528,64,182
861,528,64,182
862,529,64,182
862,530,64,182
862,530,64,182
862,531,64,182
862,532,64,182
863,533,62,186
862,534,62,186
862,535,62,186
861,536,62,186
861,537,62,186
861,539,62,186
860,540,62,186
860,541,62,186
859,542,62,186
859,543,62,186
859,545,64,184
859,546,64,184
859,547,64,184
859,548,64,184
859,549,64,184
860,550,64,184
860,551,64,184
860,552,64,184
860,553,64,184
860,554,64,184
861,555,64,184
860,556,64,184
859,557,64,184
858,558,64,184
857,559,64,184
857,560,64,184
856,561,64,184
855,562,64,184
854,563,64,184
853,564,64,184
853,566,64,187
853,566,64,187
854,567,64,187
855,568,64,187
856,569,64,187
857,570,64,187
857,570,64,187
858,571,64,187
859,572,64,187
860,573,64,187
861,574,64,188
860,574,64,188
860,575,64,188
860,576,64,188
860,577,64,188
860,578,64,188
859,578,64,188
859,579,64,188
859,580,64,188
859,581,64,188
859,582,68,188
859,582,68,188
859,583,68,188
860,583,68,188
860,584,68,188
861,584,68,188
861,585,68,188
861,585,68,188
862,586,68,188
862,586,68,188
863,587,66,186
863,587,66,186
863,587,66,186
863,587,66,186
863,588,66,186
863,588,66,186
863,588,66,186
863,589,66,186
863,589,66,186
863,589,66,186
863,590,68,188
864,590,68,188
865,590,68,188
866,591,68,188
868,591,68,188
869,592,68,188
870,592,68,188
872,592,68,188
873,593,68,188
874,593,68,188
876,594,65,186
876,594,65,186
876,595,65,186
877,596,65,186
877,596,65,186
878,597,65,186
878,598,65,186
878,598,65,186
879,599,65,186
879,600,65,186
880,601,69,187
882,601,69,187
884,602,69,187
886,603,69,187
888,604,69,187
890,605,69,187
892,605,69,187
894,606,69,187
896,607,69,187
898,608,69,187
900,609,69,181
901,609,69,181
902,610,69,181
903,611,69,181
904,612,69,181
905,613,69,181
906,613,69,181
907,614,69,181
908,615,69,181
909,616,69,181
910,617,68,188
911,617,68,188
913,617,68,188
915,618,68,188
917,618,68,188
919,619,68,188
921,619,68,188
923,619,68,188
925,620,68,188
927,620,68,188
929,621,69,194
929,621,69,194
929,622,69,194
929,623,69,194
929,624,69,194
930,625,69,194
930,626,69,194
930,627,69,194
930,628,69,194
930,629,69,194
931,630,69,191
932,630,69,191
933,631,69,191
935,631,69,191
936,632,69,191
938,632,69,191
939,633,69,191
940,633,69,191
942,634,69,191
943,634,69,191
945,635,71,188
945,635,71,188
945,636,71,188
945,637,71,188
945,637,71,188
945,638,71,188
945,639,71,188
945,639,71,188
945,640,71,188
945,641,71,188
945,642,67,193
946,642,67,193
947,643,67,193
948,643,67,193
949,644,67,193
951,645,67,193
952,645,67,193
953,646,67,193
954,646,67,193
955,647,67,193
957,648,66,189
957,649,66,189
957,650,66,189
957,651,66,189
957,652,66,189
957,653,66,189
957,654,66,189
957,655,66,189
957,656,66,189
957,657,66,189
957,658,68,187
958,658,68,187
959,658,68,187
960,659,68,187
961,659,68,187
962,660,68,187
963,660,68,187
964,660,68,187
965,661,68,187
966,661,68,187
967,662,64,196
966,663,64,196
965,664,64,196
965,666,64,196
964,667,64,196
964,669,64,196
963,670,64,196
962,671,64,196
962,673,64,196
961,674,64,196
961,676,70,186
962,668,70,186
963,660,70,186
964,652,70,186
966,644,70,186
967,637,70,186
968,629,70,186
970,621,70,186
971,613,70,186
972,605,70,186
974,598,63,180
975,597,63,180
976,597,63,180
977,597,63,180
978,597,63,180
979,597,63,180
980,596,63,180
981,596,63,180
982,596,63,180
983,596,63,180
984,596,61,172
984,595,61,172
984,595,61,172
985,594,61,172
985,594,61,172
986,594,61,172
986,593,61,172
986,593,61,172
987,592,61,172
987,592,61,172
988,592,57,172
989,591,57,172
990,591,57,172
991,591,57,172
992,591,57,172
993,591,57,172
994,590,57,172
995,590,57,172
996,590,57,172
997,590,57,172
999,590,65,174
1001,590,65,174
1004,590,65,174
1006,591,65,174
1009,591,65,174
1012,592,65,174
1014,592,65,174
1017,592,65,174
1019,593,65,174
1022,593,65,174
1025,594,65,162
1029,593,65,162
1034,593,65,162
1039,593,65,162
1044,593,65,162
1049,593,65,162
1054,592,65,162
1059,592,65,162
1064,592,65,162
1069,592,65,162
1074,592,67,161
1073,591,67,161
1072,591,67,161
1071,590,67,161
1071,590,67,161
1070,590,67,161
1069,589,67,161
1069,589,67,161
1068,588,67,161
1067,588,67,161
1067,588,64,168
1066,588,64,168
1066,588,64,168
1065,589,64,168
1065,589,64,168
1065,590,64,168
1064,590,64,168
1064,590,64,168
1063,591,64,168
1063,591,64,168
1063,592,66,166
1062,592,66,166
1061,593,66,166
1060,593,66,166
1059,594,66,166
1059,594,66,166
1058,595,66,166
1057,595,66,166
1056,596,66,166
1055,596,66,166
1055,597,63,167
1054,597,63,167
1053,597,63,167
1052,597,63,167
1051,597,63,167
1051,598,63,167
1050,598,63,167
1049,598,63,167
1048,598,63,167
1047,598,63,167
1047,599,63,168
1046,599,63,168
1045,599,63,168
1044,599,63,168
1043,599,63,168
1043,599,63,168
1042,599,63,168
1041,599,63,168
1040,599,63,168
1039,599,63,168
1039,599,59,181
1037,599,59,181
1035,599,59,181
1033,599,59,181
1032,599,59,181
1030,600,59,181
1028,600,59,181
1027,600,59,181
1025,600,59,181
1023,600,59,181
1022,601,66,169
1021,601,66,169
1020,601,66,169
1019,601,66,169
1019,601,66,169
1018,602,66,169
1017,602,66,169
1017,602,66,169
1016,602,66,169
1015,602,66,169
1015,603,63,175
1017,603,63,175
1020,603,63,175
1022,604,63,175
1025,604,63,175
1028,605,63,175
1030,605,63,175
1033,605,63,175
1035,606,63,175
1038,606,63,175
1041,607,65,169
1045,608,65,169
1049,609,65,169
1054,610,65,169
1058,611,65,169
1063,612,65,169
1067,613,65,169
1071,614,65,169
1076,615,65,169
1080,616,65,169
1085,617,62,173
1083,618,62,173
1081,619,62,173
1080,620,62,173
1078,621,62,173
1077,622,62,173
1075,623,62,173
1073,624,62,173
1072,625,62,173
1070,626,62,173
1069,627,66,169
1068,628,66,169
1068,629,66,169
1067,630,66,169
1067,631,66,169
1067,632,66,169
1066,633,66,169
1066,634,66,169
1065,635,66,169
1065,636,66,169
1065,637,60,176
1063,638,60,176
1062,639,60,176
1060,640,60,176
1059,641,60,176
1058,642,60,176
1056,643,60,176
1055,644,60,176
1053,645,60,176
1052,646,60,176
1051,647,61,170
1050,647,61,170
1049,647,61,170
1049,647,61,170
1048,647,61,170
1048,648,61,170
1047,648,61,170
1046,648,61,170
1046,648,61,170
1045,648,61,170
1045,649,59,168
1043,648,59,168
1042,647,59,168
1041,647,59,168
1040,646,59,168
1039,646,59,168
1037,645,59,168
1036,644,59,168
1035,644,59,168
1034,643,59,168
1033,643,59,153
1032,641,59,153
1032,640,59,153
1031,639,59,153
1031,638,59,153
1031,637,59,153
1030,635,59,153
1030,634,59,153
1029,633,59,153
1029,632,59,153
1029,631,57,170
1027,630,57,170
1026,629,57,170
1024,628,57,170
1023,627,57,170
1021,627,57,170
1020,626,57,170
1018,625,57,170
1017,624,57,170
1015,623,57,170
1014,623,62,171
1013,622,62,171
1013,622,62,171
1013,621,62,171
1013,621,62,171
1013,621,62,171
1012,620,62,171
1012,620,62,171
1012,619,62,171
1012,619,62,171
1012,619,59,161
1011,617,59,161
1010,616,59,161
1010,614,59,161
1009,613,59,161
1009,612,59,161
1008,610,59,161
1007,609,59,161
1007,607,59,161
1006,606,59,161
1006,605,61,163
1006,605,61,163
1006,605,61,163
1007,605,61,163
1007,605,61,163
1008,605,61,163
1008,605,61,163
1008,605,61,163
1009,605,61,163
1009,605,61,163
1010,605,59,163
1010,603,59,163
1010,602,59,163
1010,601,59,163
1010,600,59,163
1011,599,59,163
1011,598,59,163
1011,597,59,163
1011,596,59,163
1011,595,59,163
1012,594,56,166
1013,593,56,166
1014,593,56,166
1015,593,56,166
1017,593,56,166
1018,593,56,166
1019,592,56,166
1021,592,56,166
1022,592,56,166
1023,592,56,166
1025,592,55,168
1024,591,55,168
1024,591,55,168
1023,590,55,168
1023,590,55,168
1023,590,55,168
1022,589,55,168
1022,589,55,168
1021,588,55,168
1021,588,55,168
1021,588,57,168
1021,587,57,168
1022,586,57,168
1023,585,57,168
1024,584,57,168
1025,584,57,168
1025,583,57,168
1026,582,57,168
1027,581,57,168
1028,580,57,168
1029,580,59,159
1028,579,59,159
1028,578,59,159
1028,578,59,159
1028,577,59,159
1028,577,59,159
1028,576,59,159
1028,575,59,159
1028,575,59,159
1028,574,59,159
1028,574,57,149
1028,572,57,149
1029,571,57,149
1030,570,57,149
1031,569,57,149
1032,568,57,149
1033,566,57,149
1034,565,57,149
1035,564,57,149
1036,563,57,149
1037,562,49,153
1036,561,49,153
1036,561,49,153
1035,561,49,153
1035,560,49,153
1034,560,49,153
1034,560,49,153
1033,559,49,153
1033,559,49,153
1032,559,49,153
1032,559,56,146
1032,558,56,146
1033,557,56,146
1034,556,56,146
1035,555,56,146
1036,554,56,146
1036,553,56,146
1037,552,56,146
1038,551,56,146
1039,550,56,146
1040,550,55,149
1039,549,55,149
1039,549,55,149
1038,548,55,149
1038,548,55,149
1037,548,55,149
1037,547,55,149
1036,547,55,149
1036,546,55,149
1035,546,55,149
1035,546,61,148
1035,545,61,148
1036,545,61,148
1036,544,61,148
1037,544,61,148
1038,543,61,148
1038,543,61,148
1039,542,61,148
1039,542,61,148
1040,541,61,148
1041,541,57,147
1041,540,57,147
1041,539,57,147
1041,538,57,147
1041,537,57,147
1041,537,57,147
1041,536,57,147
1041,535,57,147
1041,534,57,147
1041,533,57,147
1042,533,57,145
1042,532,57,145
1042,532,57,145
1042,531,57,145
1042,531,57,145
1042,530,57,145
1042,530,57,145
1042,529,57,145
1042,529,57,145
1042,528,57,145
1043,528,59,141
1043,527,59,141
1043,527,59,141
1044,526,59,141
1044,526,59,141
1045,525,59,141
1045,525,59,141
1045,524,59,141
1046,524,59,141
1046,523,59,141
1047,523,55,149
1047,522,55,149
1047,521,55,149
1047,520,55,149
1047,519,55,149
1048,518,55,149
1048,517,55,149
1048,516,55,149
1048,515,55,149
1048,514,55,149
1049,513,51,149
1048,512,51,149
1048,512,51,149
1048,512,51,149
1048,512,51,149
1048,512,51,149
1047,511,51,149
1047,511,51,149
1047,511,51,149
1047,511,51,149
1047,511,57,145
1047,510,57,145
1048,509,57,145
1048,508,57,145
1049,508,57,145
1050,507,57,145
1050,506,57,145
1051,506,57,145
1051,505,57,145
1052,504,57,145
1053,504,51,146
1051,503,51,146
1049,503,51,146
1047,502,51,146
1045,502,51,146
1043,501,51,146
1041,501,51,146
1039,500,51,146
1037,500,51,146
1035,499,51,146
1033,499,53,146
1029,498,53,146
1026,498,53,146
1023,498,53,146
1020,498,53,146
1017,498,53,146
1014,498,53,146
1011,498,53,146
1008,498,53,146
1005,498,53,146
1002,498,53,143
1000,497,53,143
999,496,53,143
998,496,53,143
997,495,53,143
996,495,53,143
994,494,53,143
993,493,53,143
992,493,53,143
991,492,53,143
990,492,51,147
990,491,51,147
990,490,51,147
991,490,51,147
991,489,51,147
992,489,51,147
992,488,51,147
992,487,51,147
993,487,51,147
993,486,51,147
994,486,51,141
994,485,51,141
994,484,51,141
994,484,51,141
994,483,51,141
995,483,51,141
995,482,51,141
995,481,51,141
995,481,51,141
995,480,51,141
996,480,49,139
995,479,49,139
995,479,49,139
995,478,49,139
995,478,49,139
995,478,49,139
994,477,49,139
994,477,49,139
994,476,49,139
994,476,49,139
994,476,51,141
994,475,51,141
994,475,51,141
995,474,51,141
995,474,51,141
996,474,51,141
996,473,51,141
996,473,51,141
997,472,51,141
997,472,51,141
998,472,51,139
997,471,51,139
997,471,51,139
997,471,51,139
997,471,51,139
997,471,51,139
997,470,51,139
997,470,51,139
997,470,51,139
997,470,51,139
997,470,50,139
997,469,50,139
997,469,50,139
997,468,50,139
998,468,50,139
998,468,50,139
998,467,50,139
999,467,50,139
999,466,50,139
999,466,50,139
1000,466,49,139
999,466,49,139
999,466,49,139
999,466,49,139
999,466,49,139
999,467,49,139
998,467,49,139
998,467,49,139
998,467,49,139
998,467,49,139
998,468,51,139
998,468,51,139
998,468,51,139
999,468,51,139
999,468,51,139
1000,468,51,139
1000,468,51,139
1000,468,51,139
1001,468,51,139
1001,468,51,139
1002,468,47,141
1001,468,47,141
1000,468,47,141
1000,469,47,141
999,469,47,141
999,470,47,141
998,470,47,141
997,470,47,141
997,471,47,141
996,471,47,141
996,472,53,137
996,472,53,137
996,472,53,137
996,472,53,137
996,472,53,137
996,472,53,137
996,472,53,137
996,472,53,137
996,472,53,137
996,472,53,137
996,472,51,145
995,472,51,145
994,472,51,145
993,472,51,145
992,472,51,145
992,473,51,145
991,473,51,145
990,473,51,145
989,473,51,145
988,473,51,145
988,474,51,145
987,473,51,145
986,473,51,145
986,473,51,145
985,473,51,145
985,473,51,145
984,472,51,145
983,472,51,145
983,472,51,145
982,472,51,145
982,472,53,143
981,472,53,143
980,472,53,143
979,472,53,143
978,472,53,143
978,473,53,143
977,473,53,143
976,473,53,143
975,473,53,143
974,473,53,143
974,474,51,143
973,474,51,143
973,474,51,143
972,475,51,143
972,475,51,143
971,476,51,143
971,476,51,143
970,476,51,143
970,477,51,143
969,477,51,143
969,478,51,143
967,478,51,143
965,478,51,143
964,478,51,143
962,478,51,143
961,479,51,143
959,479,51,143
957,479,51,143
956,479,51,143
954,479,51,143
953,480,57,141
952,480,57,141
951,481,57,141
950,481,57,141
949,482,57,141
949,483,57,141
948,483,57,141
947,484,57,141
946,484,57,141
945,485,57,141
945,486,53,145
943,486,53,145
941,487,53,145
939,487,53,145
937,488,53,145
936,489,53,145
934,489,53,145
932,490,53,145
930,490,53,145
928,491,53,145
927,492,55,141
927,492,55,141
927,493,55,141
927,493,55,141
927,494,55,141
927,495,55,141
927,495,55,141
927,496,55,141
927,496,55,141
927,497,55,141
927,498,51,139
926,498,51,139
925,498,51,139
924,498,51,139
923,498,51,139
922,498,51,139
921,498,51,139
920,498,51,139
919,498,51,139
918,498,51,139
918,499,51,138
916,499,51,138
914,499,51,138
913,500,51,138
911,500,51,138
910,501,51,138
908,501,51,138
906,501,51,138
905,502,51,138
903,502,51,138
902,503,53,138
900,503,53,138
898,503,53,138
897,503,53,138
895,503,53,138
894,504,53,138
892,504,53,138
890,504,53,138
889,504,53,138
887,504,53,138
886,505,55,138
885,505,55,138
885,505,55,138
885,505,55,138
885,505,55,138
885,506,55,138
884,506,55,138
884,506,55,138
884,506,55,138
884,506,55,138
884,507,49,141
883,507,49,141
882,507,49,141
881,508,49,141
880,508,49,141
880,509,49,141
879,509,49,141
878,509,49,141
877,510,49,141
876,510,49,141
876,511,53,139
875,511,53,139
874,511,53,139
873,511,53,139
872,511,53,139
871,512,53,139
870,512,53,139
869,512,53,139
868,512,53,139
867,512,53,139
867,513,53,143
866,513,53,143
866,514,53,143
865,514,53,143
865,515,53,143
864,516,53,143
864,516,53,143
863,517,53,143
863,517,53,143
862,518,53,143
862,519,51,141
864,519,51,141
867,519,51,141
869,520,51,141
872,520,51,141
874,521,51,141
877,521,51,141
879,521,51,141
882,522,51,141
884,522,51,141
887,523,53,143
890,522,53,143
893,522,53,143
896,522,53,143
899,522,53,143
902,522,53,143
905,521,53,143
908,521,53,143
911,521,53,143
914,521,53,143
917,521,55,147
920,521,55,147
924,522,55,147
928,522,55,147
932,523,55,147
936,524,55,147
939,524,55,147
943,525,55,147
947,525,55,147
951,526,55,147
955,527,51,147
954,527,51,147
954,527,51,147
954,527,51,147
954,527,51,147
954,528,51,147
953,528,51,147
953,528,51,147
953,528,51,147
953,528,51,147
953,529,55,143
951,530,55,143
949,531,55,143
948,532,55,143
946,533,55,143
945,534,55,143
943,535,55,143
941,536,55,143
940,537,55,143
938,538,55,143
937,539,53,145
935,539,53,145
934,539,53,145
933,539,53,145
932,539,53,145
931,540,53,145
929,540,53,145
928,540,53,145
927,540,53,145
926,540,53,145
925,541,55,149
924,541,55,149
924,541,55,149
923,542,55,149
923,542,55,149
922,543,55,149
922,543,55,149
921,543,55,149
921,544,55,149
920,544,55,149
920,545,56,151
920,545,56,151
921,545,56,151
921,545,56,151
922,545,56,151
922,545,56,151
923,545,56,151
923,545,56,151
924,545,56,151
924,545,56,151
925,545,61,149
927,545,61,149
929,546,61,149
931,547,61,149
934,548,61,149
936,549,61,149
938,550,61,149
941,551,61,149
943,552,61,149
945,553,61,149
948,554,59,151
948,554,59,151
948,554,59,151
948,555,59,151
949,555,59,151
949,556,59,151
949,556,59,151
950,556,59,151
950,557,59,151
950,557,59,151
951,558,59,153
951,558,59,153
951,558,59,153
951,559,59,153
951,559,59,153
952,560,59,153
952,560,59,153
952,560,59,153
952,561,59,153
952,561,59,153
953,562,53,145
951,562,53,145
950,563,53,145
949,563,53,145
948,564,53,145
947,565,53,145
945,565,53,145
944,566,53,145
943,566,53,145
942,567,53,145
941,568,57,151
939,568,57,151
938,569,57,151
937,570,57,151
936,571,57,151
935,572,57,151
933,572,57,151
932,573,57,151
931,574,57,151
930,575,57,151
929,576,57,159
929,576,57,159
929,577,57,159
930,578,57,159
930,579,57,159
931,580,57,159
931,580,57,159
931,581,57,159
932,582,57,159
932,583,57,159
933,584,57,161
934,584,57,161
935,585,57,161
937,586,57,161
938,587,57,161
940,588,57,161
941,588,57,161
942,589,57,161
944,590,57,161
945,591,57,161
947,592,53,164
948,593,53,164
949,594,53,164
951,595,53,164
952,596,53,164
954,597,53,164
955,598,53,164
956,599,53,164
958,600,53,164
959,601,53,164
961,602,58,162
961,602,58,162
961,603,58,162
961,604,58,162
961,605,58,162
962,606,58,162
962,607,58,162
962,608,58,162
962,609,58,162
962,610,58,162
963,611,57,151
963,611,57,151
963,611,57,151
963,612,57,151
963,612,57,151
963,613,57,151
963,613,57,151
963,613,57,151
963,614,57,151
963,614,57,151
963,615,55,153
973,616,55,153
983,617,55,153
993,618,55,153
1004,619,55,153
1014,621,55,153
1024,622,55,153
1035,623,55,153
1045,624,55,153
1055,625,55,153
1066,627,57,159
1067,626,57,159
1068,626,57,159
1069,625,57,159
1070,625,57,159
1071,625,57,159
1072,624,57,159
1073,624,57,159
1074,623,57,159
1075,623,57,159
1076,623,55,157
1076,622,55,157
1076,621,55,157
1076,621,55,157
1076,620,55,157
1076,620,55,157
1076,619,55,157
1076,618,55,157
1076,618,55,157
1076,617,55,157
1076,617,57,157
1072,617,57,157
1068,617,57,157
1065,617,57,157
1061,617,57,157
1058,617,57,157
1054,617,57,157
1050,617,57,157
1047,617,57,157
1043,617,57,157
1040,617,57,157
1038,617,57,157
1037,617,57,157
1035,617,57,157
1034,617,57,157
1032,618,57,157
1031,618,57,157
1029,618,57,157
1028,618,57,157
1026,618,57,157
1025,619,57,157
1025,618,57,157
1025,618,57,157
1026,618,57,157
1026,618,57,157
1027,618,57,157
1027,617,57,157
1027,617,57,157
1028,617,57,157
1028,617,57,157
1029,617,61,159
1029,616,61,159
1030,616,61,159
1031,615,61,159
1031,615,61,159
1032,615,61,159
1033,614,61,159
1033,614,61,159
1034,613,61,159
1035,613,61,159
1036,613,54,153
1036,613,54,153
1037,613,54,153
1037,613,54,153
1038,613,54,153
1038,613,54,153
1039,613,54,153
1039,613,54,153
1040,613,54,153
1040,613,54,153
1041,613,59,151
1041,613,59,151
1041,613,59,151
1041,613,59,151
1041,613,59,151
1042,614,59,151
1042,614,59,151
1042,614,59,151
1042,614,59,151
1042,614,59,151
1043,615,59,149
1043,614,59,149
1044,614,59,149
1045,614,59,149
1046,614,59,149
1047,614,59,149
1047,613,59,149
1048,613,59,149
1049,613,59,149
1050,613,59,149
1051,613,59,151
1051,613,59,151
1051,613,59,151
1052,614,59,151
1052,614,59,151
1053,615,59,151
1053,615,59,151
1053,615,59,151
1054,616,59,151
1054,616,59,151
1055,617,63,155
1055,616,63,155
1055,616,63,155
1055,616,63,155
1055,616,63,155
1056,616,63,155
1056,616,63,155
1056,616,63,155
1056,616,63,155
1056,616,63,155
1057,616,59,150
1057,616,59,150
1057,616,59,150
1058,616,59,150
1058,616,59,150
1059,616,59,150
1059,616,59,150
1059,616,59,150
1060,616,59,150
1060,616,59,150
1061,617,60,163
1060,617,60,163
1060,617,60,163
1060,617,60,163
1060,617,60,163
1060,618,60,163
1059,618,60,163
1059,618,60,163
1059,618,60,163
1059,618,60,163
1059,619,57,163
1058,619,57,163
1058,619,57,163
1058,619,57,163
1058,619,57,163
1058,619,57,163
1057,619,57,163
1057,619,57,163
1057,619,57,163
1057,619,57,163
1057,619,59,155
1056,618,59,155
1056,618,59,155
1055,617,59,155
1055,617,59,155
1055,617,59,155
1054,616,59,155
1054,616,59,155
1053,615,59,155
1053,615,59,155
1053,615,57,153
1051,615,57,153
1050,615,57,153
1049,615,57,153
1048,615,57,153
1047,615,57,153
1046,615,57,153
1045,615,57,153
1044,615,57,153
1043,615,57,153
1042,615,56,153
1040,614,56,153
1039,614,56,153
1038,613,56,153
1037,613,56,153
1036,613,56,153
1035,612,56,153
1034,612,56,153
1033,611,56,153
1032,611,56,153
1031,611,55,157
1030,610,55,157
1029,610,55,157
1029,610,55,157
1028,610,55,157
1028,610,55,157
1027,609,55,157
1026,609,55,157
1026,609,55,157
1025,609,55,157
1025,609,59,155
1024,608,59,155
1023,607,59,155
1022,607,59,155
1022,606,59,155
1021,606,59,155
1020,605,59,155
1020,604,59,155
1019,604,59,155
1018,603,59,155
1018,603,56,159
1017,602,56,159
1016,602,56,159
1016,601,56,159
1015,601,56,159
1015,600,56,159
1014,600,56,159
1013,599,56,159
1013,599,56,159
1012,598,56,159
1012,598,59,158
1010,597,59,158
1008,597,59,158
1006,597,59,158
1004,597,59,158
1002,597,59,158
1000,596,59,158
998,596,59,158
996,596,59,158
994,596,59,158
992,596,63,159
990,595,63,159
989,595,63,159
988,595,63,159
987,595,63,159
986,595,63,159
984,594,63,159
983,594,63,159
982,594,63,159
981,594,63,159
980,594,55,151
980,593,55,151
980,593,55,151
980,592,55,151
980,592,55,151
980,592,55,151
980,591,55,151
980,591,55,151
980,590,55,151
980,590,55,151
980,590,57,162
978,589,57,162
977,589,57,162
976,589,57,162
974,589,57,162
973,589,57,162
972,588,57,162
970,588,57,162
969,588,57,162
968,588,57,162
967,588,56,159
964,587,56,159
962,586,56,159
960,585,56,159
958,584,56,159
956,584,56,159
953,583,56,159
951,582,56,159
949,581,56,159
947,580,56,159
945,580,57,165
944,579,57,165
944,578,57,165
944,578,57,165
944,577,57,165
944,577,57,165
943,576,57,165
943,575,57,165
943,575,57,165
943,574,57,165
943,574,57,165
943,574,57,165
943,574,57,165
944,575,57,165
944,575,57,165
945,576,57,165
945,576,57,165
945,576,57,165
946,577,57,165
946,577,57,165
947,578,55,163
945,578,55,163
943,578,55,163
941,578,55,163
939,578,55,163
937,579,55,163
935,579,55,163
933,579,55,163
931,579,55,163
929,579,55,163
928,580,55,159
931,580,55,159
934,580,55,159
937,580,55,159
941,580,55,159
944,580,55,159
947,580,55,159
951,580,55,159
954,580,55,159
957,580,55,159
961,580,57,159
959,579,57,159
957,579,57,159
956,579,57,159
954,579,57,159
953,579,57,159
951,578,57,159
949,578,57,159
948,578,57,159
946,578,57,159
945,578,59,159
942,578,59,159
939,578,59,159
936,578,59,159
933,578,59,159
930,579,59,159
927,579,59,159
924,579,59,159
921,579,59,159
918,579,59,159
916,580,57,153
913,579,57,153
910,578,57,153
908,578,57,153
905,577,57,153
903,577,57,153
900,576,57,153
897,575,57,153
895,575,57,153
892,574,57,153
890,574,57,153
892,573,57,153
895,573,57,153
898,573,57,153
901,573,57,153
904,573,57,153
907,572,57,153
910,572,57,153
913,572,57,153
916,572,57,153
919,572,63,153
924,572,63,153
930,572,63,153
936,573,63,153
942,573,63,153
948,574,63,153
954,574,63,153
960,574,63,153
966,575,63,153
972,575,63,153
978,576,59,153
979,576,59,153
981,576,59,153
983,577,59,153
985,577,59,153
987,578,59,153
989,578,59,153
991,578,59,153
993,579,59,153
995,579,59,153
997,580,58,161
995,580,58,161
993,580,58,161
991,580,58,161
989,580,58,161
987,580,58,161
985,580,58,161
983,580,58,161
981,580,58,161
979,580,58,161
978,580,59,157
976,580,59,157
975,580,59,157
973,580,59,157
972,580,59,157
970,580,59,157
969,580,59,157
967,580,59,157
966,580,59,157
964,580,59,157
963,581,57,153
963,581,57,153
963,581,57,153
963,581,57,153
963,581,57,153
963,581,57,153
963,581,57,153
963,581,57,153
963,581,57,153
963,581,57,153
963,582,60,155
964,582,60,155
966,583,60,155
967,584,60,155
969,584,60,155
970,585,60,155
972,586,60,155
973,586,60,155
975,587,60,155
976,588,60,155
978,589,59,153
979,589,59,153
980,590,59,153
982,591,59,153
983,591,59,153
985,592,59,153
986,593,59,153
987,593,59,153
989,594,59,153
990,595,59,153
992,596,57,151
990,596,57,151
989,596,57,151
988,596,57,151
987,596,57,151
986,597,57,151
984,597,57,151
983,597,57,151
982,597,57,151
981,597,57,151
980,598,57,153
978,598,57,153
977,599,57,153
975,600,57,153
974,601,57,153
972,602,57,153
971,602,57,153
969,603,57,153
968,604,57,153
966,605,57,153
965,606,60,157
963,607,60,157
962,608,60,157
960,609,60,157
959,610,60,157
958,611,60,157
956,612,60,157
955,613,60,157
953,614,60,157
952,615,60,157
951,617,61,155
950,617,61,155
949,618,61,155
949,619,61,155
948,619,61,155
948,620,61,155
947,621,61,155
946,621,61,155
946,622,61,155
945,623,61,155
945,624,59,163
945,624,59,163
945,625,59,163
946,626,59,163
946,627,59,163
947,628,59,163
947,629,59,163
947,630,59,163
948,631,59,163
948,632,59,163
949,633,61,160
951,633,61,160
953,634,61,160
955,634,61,160
957,635,61,160
959,636,61,160
961,636,61,160
963,637,61,160
965,637,61,160
967,638,61,160
970,639,61,162
971,639,61,162
973,640,61,162
975,640,61,162
977,641,61,162
979,641,61,162
981,642,61,162
983,642,61,162
985,643,61,162
987,643,61,162
989,644,61,167
989,644,61,167
989,645,61,167
990,646,61,167
990,647,61,167
991,648,61,167
991,648,61,167
991,649,61,167
992,650,61,167
992,651,61,167
993,652,61,171
993,652,61,171
994,652,61,171
994,653,61,171
995,653,61,171
995,654,61,171
996,654,61,171
996,654,61,171
997,655,61,171
997,655,61,171
998,656,67,167
998,656,67,167
999,657,67,167
1000,657,67,167
1001,658,67,167
1002,659,67,167
1002,659,67,167
1003,660,67,167
1004,660,67,167
1005,661,67,167
1006,662,66,173
1006,662,66,173
1007,663,66,173
1008,664,66,173
1009,665,66,173
1010,666,66,173
1011,666,66,173
1012,667,66,173
1013,668,66,173
1014,669,66,173
1015,670,63,173
1016,670,63,173
1017,670,63,173
1018,670,63,173
1019,670,63,173
1021,671,63,173
1022,671,63,173
1023,671,63,173
1024,671,63,173
1025,671,63,173
1027,672,61,169
1027,672,61,169
1027,673,61,169
1028,673,61,169
1028,674,61,169
1029,675,61,169
1029,675,61,169
1029,676,61,169
1030,676,61,169
1030,677,61,169
1031,678,63,174
1032,679,63,174
1034,680,63,174
1035,681,63,174
1037,682,63,174
1039,684,63,174
1040,685,63,174
1042,686,63,174
1043,687,63,174
1045,688,63,174
1047,690,61,178
1047,690,61,178
1048,690,61,178
1048,690,61,178
1049,690,61,178
1050,691,61,178
1050,691,61,178
1051,691,61,178
1051,691,61,178
1052,691,61,178
1053,692,64,180
1054,692,64,180
1055,692,64,180
1056,692,64,180
1057,692,64,180
1058,693,64,180
1059,693,64,180
1060,693,64,180
1061,693,64,180
1062,693,64,180
1063,694,64,182
1064,695,64,182
1065,696,64,182
1066,697,64,182
1068,698,64,182
1069,699,64,182
1070,700,64,182
1072,701,64,182
1073,702,64,182
1074,703,64,182
1076,704,65,183
1077,704,65,183
1078,705,65,183
1079,706,65,183
1080,706,65,183
1082,707,65,183
1083,708,65,183
1084,708,65,183
1085,709,65,183
1086,710,65,183
1088,711,63,171
1088,711,63,171
1089,712,63,171
1090,713,63,171
1091,714,63,171
1092,715,63,171
1093,715,63,171
1094,716,63,171
1095,717,63,171
1096,718,63,171
1097,719,64,171
1097,720,64,171
1097,721,64,171
1097,722,64,171
1097,723,64,171
1097,724,64,171
1097,725,64,171
1097,726,64,171
1097,727,64,171
1097,728,64,171
1098,729,61,171
1098,729,61,171
1098,729,61,171
1099,729,61,171
1099,729,61,171
1100,730,61,171
1100,730,61,171
1100,730,61,171
1101,730,61,171
1101,730,61,171
1102,731,63,173
1102,731,63,173
1103,732,63,173
1103,732,63,173
1104,733,63,173
1105,734,63,173
1105,734,63,173
1106,735,63,173
1106,735,63,173
1107,736,63,173
1108,737,70,172
1108,736,70,172
1109,736,70,172
1110,736,70,172
1110,736,70,172
1111,736,70,172
1112,736,70,172
1112,736,70,172
1113,736,70,172
1114,736,70,172
1115,736,67,171
1115,735,67,171
1115,735,67,171
1115,735,67,171
1115,735,67,171
1116,735,67,171
1116,734,67,171
1116,734,67,171
1116,734,67,171
1116,734,67,171
1117,734,65,175
1117,734,65,175
1117,734,65,175
1118,734,65,175
1118,734,65,175
1119,734,65,175
1119,734,65,175
1119,734,65,175
1120,734,65,175
1120,734,65,175
1121,735,63,172
1120,733,63,172
1120,731,63,172
1119,729,63,172
1119,727,63,172
1119,726,63,172
1118,724,63,172
1118,722,63,172
1117,720,63,172
1117,718,63,172
1117,717,63,179
1117,716,63,179
1118,716,63,179
1119,716,63,179
1120,716,63,179
1121,716,63,179
1121,715,63,179
1122,715,63,179
1123,715,63,179
1124,715,63,179
1125,715,65,179
1125,714,65,179
1125,714,65,179
1125,714,65,179
1125,714,65,179
1126,714,65,179
1126,714,65,179
1126,714,65,179
1126,714,65,179
1126,714,65,179
1127,714,63,170
1128,713,63,170
1129,713,63,170
1130,713,63,170
1131,712,63,170
1133,712,63,170
1134,712,63,170
1135,711,63,170
1136,711,63,170
1137,711,63,170
1139,711,59,177
1139,710,59,177
1139,710,59,177
1140,709,59,177
1140,709,59,177
1141,709,59,177
1141,708,59,177
1141,708,59,177
1142,707,59,177
1142,707,59,177
1143,707,67,177
1143,706,67,177
1144,705,67,177
1145,705,67,177
1146,704,67,177
1147,704,67,177
1147,703,67,177
1148,702,67,177
1149,702,67,177
1150,701,67,177
1151,701,67,179
1147,699,67,179
1144,698,67,179
1141,697,67,179
1138,696,67,179
1135,695,67,179
1131,694,67,179
1128,693,67,179
1125,692,67,179
1122,691,67,179
1119,690,63,174
1119,689,63,174
1120,688,63,174
1120,688,63,174
1121,687,63,174
1122,687,63,174
1122,686,63,174
1123,685,63,174
1123,685,63,174
1124,684,63,174
1125,684,61,178
1124,682,61,178
1124,681,61,178
1124,680,61,178
1124,679,61,178
1124,678,61,178
1123,676,61,178
1123,675,61,178
1123,674,61,178
1123,673,61,178
1123,672,65,176
1123,671,65,176
1123,671,65,176
1123,670,65,176
1124,670,65,176
1124,670,65,176
1124,669,65,176
1125,669,65,176
1125,668,65,176
1125,668,65,176
1126,668,60,173
1123,667,60,173
1120,666,60,173
1117,665,60,173
1114,664,60,173
1112,663,60,173
1109,662,60,173
1106,661,60,173
1103,660,60,173
1100,659,60,173
1098,658,65,171
1097,657,65,171
1097,656,65,171
1097,655,65,171
1097,654,65,171
1097,654,65,171
1096,653,65,171
1096,652,65,171
1096,651,65,171
1096,650,65,171
1096,650,59,175
1094,649,59,175
1093,648,59,175
1092,648,59,175
1091,647,59,175
1090,647,59,175
1088,646,59,175
1087,645,59,175
1086,645,59,175
1085,644,59,175
1084,644,63,171
1083,643,63,171
1083,642,63,171
1083,641,63,171
1083,640,63,171
1083,640,63,171
1082,639,63,171
1082,638,63,171
1082,637,63,171
1082,636,63,171
1082,636,57,169
1079,635,57,169
1077,634,57,169
1075,633,57,169
1073,633,57,169
1071,632,57,169
1069,631,57,169
1067,631,57,169
1065,630,57,169
1063,629,57,169
1061,629,64,167
1060,628,64,167
1060,627,64,167
1060,626,64,167
1060,625,64,167
1060,624,64,167
1059,623,64,167
1059,622,64,167
1059,621,64,167
1059,620,64,167
1059,620,55,168
1058,619,55,168
1057,619,55,168
1056,618,55,168
1055,618,55,168
1055,617,55,168
1054,617,55,168
1053,616,55,168
1052,616,55,168
1051,615,55,168
1051,615,55,165
1050,614,55,165
1049,613,55,165
1048,613,55,165
1047,612,55,165
1047,612,55,165
1046,611,55,165
1045,610,55,165
1044,610,55,165
1043,609,55,165
1043,609,59,155
1042,608,59,155
1041,607,59,155
1040,607,59,155
1039,606,59,155
1039,606,59,155
1038,605,59,155
1037,604,59,155
1036,604,59,155
1035,603,59,155
1035,603,59,151
1034,602,59,151
1033,601,59,151
1032,601,59,151
1031,600,59,151
1031,600,59,151
1030,599,59,151
1029,598,59,151
1028,598,59,151
1027,597,59,151
1027,597,57,153
1021,595,57,153
1015,593,57,153
1010,591,57,153
1004,589,57,153
999,587,57,153
993,585,57,153
987,583,57,153
982,581,57,153
976,579,57,153
971,578,58,157
969,578,58,157
968,579,58,157
967,579,58,157
966,580,58,157
965,581,58,157
963,581,58,157
962,582,58,157
961,582,58,157
960,583,58,157
959,584,64,157
958,584,64,157
957,585,64,157
957,585,64,157
956,586,64,157
956,587,64,157
955,587,64,157
954,588,64,157
954,588,64,157
953,589,64,157
953,590,59,168
952,590,59,168
951,590,59,168
951,590,59,168
950,590,59,168
950,591,59,168
949,591,59,168
948,591,59,168
948,591,59,168
947,591,59,168
947,592,59,170
948,592,59,170
949,593,59,170
950,593,59,170
951,594,59,170
953,595,59,170
954,595,59,170
955,596,59,170
956,596,59,170
957,597,59,170
959,598,55,166
959,598,55,166
959,599,55,166
959,599,55,166
959,600,55,166
960,600,55,166
960,601,55,166
960,601,55,166
960,602,55,166
960,602,55,166
961,603,64,163
961,603,64,163
961,603,64,163
961,604,64,163
961,604,64,163
962,605,64,163
962,605,64,163
962,605,64,163
962,606,64,163
962,606,64,163
963,607,57,163
960,608,57,163
958,609,57,163
955,610,57,163
953,611,57,163
951,612,57,163
948,613,57,163
946,614,57,163
943,615,57,163
941,616,57,163
939,617,63,165
936,617,63,165
934,618,63,165
932,618,63,165
929,619,63,165
927,620,63,165
925,620,63,165
922,621,63,165
920,621,63,165
918,622,63,165
916,623,64,169
913,623,64,169
911,624,64,169
909,625,64,169
907,625,64,169
905,626,64,169
902,627,64,169
900,627,64,169
898,628,64,169
896,629,64,169
894,630,67,166
892,631,67,166
890,632,67,166
888,633,67,166
887,634,67,166
885,636,67,166
883,637,67,166
882,638,67,166
880,639,67,166
878,640,67,166
877,642,64,164
875,643,64,164
874,644,64,164
872,645,64,164
871,646,64,164
870,647,64,164
868,648,64,164
867,649,64,164
865,650,64,164
864,651,64,164
863,652,68,163
863,652,68,163
864,653,68,163
865,654,68,163
865,655,68,163
866,656,68,163
867,656,68,163
867,657,68,163
868,658,68,163
869,659,68,163
870,660,57,175
870,660,57,175
870,661,57,175
871,661,57,175
871,662,57,175
872,662,57,175
872,663,57,175
872,663,57,175
873,664,57,175
873,664,57,175
874,665,63,184
874,665,63,184
874,666,63,184
874,666,63,184
874,667,63,184
874,667,63,184
874,668,63,184
874,668,63,184
874,669,63,184
874,669,63,184
874,670,65,169
872,670,65,169
871,671,65,169
869,671,65,169
868,672,65,169
866,673,65,169
865,673,65,169
863,674,65,169
862,674,65,169
860,675,65,169
859,676,63,177
858,677,63,177
857,678,63,177
856,679,63,177
855,680,63,177
854,681,63,177
853,682,63,177
852,683,63,177
851,684,63,177
850,685,63,177
849,686,57,176
848,686,57,176
847,686,57,176
846,686,57,176
845,686,57,176
845,687,57,176
844,687,57,176
843,687,57,176
842,687,57,176
841,687,57,176
841,688,61,172
841,688,61,172
842,688,61,172
843,688,61,172
844,688,61,172
845,689,61,172
845,689,61,172
846,689,61,172
847,689,61,172
848,689,61,172
849,690,59,168
848,690,59,168
848,691,59,168
848,691,59,168
848,692,59,168
848,692,59,168
847,693,59,168
847,693,59,168
847,694,59,168
847,694,59,168
847,695,57,175
846,695,57,175
845,695,57,175
845,696,57,175
844,696,57,175
844,697,57,175
843,697,57,175
842,697,57,175
842,698,57,175
841,698,57,175
841,699,61,165
839,699,61,165
837,699,61,165
835,700,61,165
833,700,61,165
831,701,61,165
829,701,61,165
827,701,61,165
825,702,61,165
823,702,61,165
822,703,62,167
820,703,62,167
819,703,62,167
818,703,62,167
817,703,62,167
816,703,62,167
814,703,62,167
813,703,62,167
812,703,62,167
811,703,62,167
810,703,63,167
809,703,63,167
809,703,63,167
809,703,63,167
809,703,63,167
809,704,63,167
808,704,63,167
808,704,63,167
808,704,63,167
808,704,63,167
808,705,64,167
810,705,64,167
813,706,64,167
815,706,64,167
818,707,64,167
821,707,64,167
823,708,64,167
826,708,64,167
828,709,64,167
831,709,64,167
834,710,61,165
836,709,61,165
838,709,61,165
840,708,61,165
843,708,61,165
845,707,61,165
847,707,61,165
850,706,61,165
852,706,61,165
854,705,61,165
857,705,66,163
859,705,66,163
861,705,66,163
863,705,66,163
865,705,66,163
867,706,66,163
869,706,66,163
871,706,66,163
873,706,66,163
875,706,66,163
878,707,59,159
877,706,59,159
876,705,59,159
875,704,59,159
874,703,59,159
874,702,59,159
873,701,59,159
872,700,59,159
871,699,59,159
870,698,59,159
870,698,69,170
870,697,69,170
871,696,69,170
872,696,69,170
873,695,69,170
874,695,69,170
874,694,69,170
875,693,69,170
876,693,69,170
877,692,69,170
878,692,61,168
878,691,61,168
878,690,61,168
878,689,61,168
878,688,61,168
878,687,61,168
878,686,61,168
878,685,61,168
878,684,61,168
878,683,61,168
878,682,63,172
878,681,63,172
879,681,63,172
880,681,63,172
881,681,63,172
882,681,63,172
882,680,63,172
883,680,63,172
884,680,63,172
885,680,63,172
886,680,59,163
885,679,59,163
885,678,59,163
885,678,59,163
885,677,59,163
885,677,59,163
885,676,59,163
885,675,59,163
885,675,59,163
885,674,59,163
885,674,64,159
885,673,64,159
886,672,64,159
887,671,64,159
887,670,64,159
888,669,64,159
889,668,64,159
889,667,64,159
890,666,64,159
891,665,64,159
892,664,57,159
892,663,57,159
892,662,57,159
892,662,57,159
892,661,57,159
892,661,57,159
892,660,57,159
892,659,57,159
892,659,57,159
892,658,57,159
892,658,63,157
893,657,63,157
895,657,63,157
896,656,63,157
898,656,63,157
900,655,63,157
901,655,63,157
903,654,63,157
904,654,63,157
906,653,63,157
908,653,61,154
910,652,61,154
913,651,61,154
916,651,61,154
919,650,61,154
922,650,61,154
925,649,61,154
928,648,61,154
931,648,61,154
934,647,61,154
937,647,57,151
939,645,57,151
941,644,57,151
943,642,57,151
945,641,57,151
948,640,57,151
950,638,57,151
952,637,57,151
954,635,57,151
956,634,57,151
959,633,57,157
960,632,57,157
961,631,57,157
962,630,57,157
963,629,57,157
964,629,57,157
965,628,57,157
966,627,57,157
967,626,57,157
968,625,57,157
970,625,61,157
970,624,61,157
970,624,61,157
970,623,61,157
970,623,61,157
970,623,61,157
970,622,61,157
970,622,61,157
970,621,61,157
970,621,61,157
970,621,65,157
970,620,65,157
970,620,65,157
970,620,65,157
970,620,65,157
971,620,65,157
971,619,65,157
971,619,65,157
971,619,65,157
971,619,65,157
972,619,63,155
972,618,63,155
972,618,63,155
972,618,63,155
972,617,63,155
972,617,63,155
972,617,63,155
972,616,63,155
972,616,63,155
972,616,63,155
973,616,60,158
973,616,60,158
973,616,60,158
973,616,60,158
974,616,60,158
974,616,60,158
974,616,60,158
975,616,60,158
975,616,60,158
975,616,60,158
976,617,61,157
975,616,61,157
975,616,61,157
975,616,61,157
975,616,61,157
975,616,61,157
974,615,61,157
974,615,61,157
974,615,61,157
974,615,61,157
974,615,59,155
974,615,59,155
974,615,59,155
974,615,59,155
974,615,59,155
975,615,59,155
975,615,59,155
975,615,59,155
975,615,59,155
975,615,59,155
976,615,61,157
976,615,61,157
977,615,61,157
977,615,61,157
978,615,61,157
979,615,61,157
979,615,61,157
980,615,61,157
980,615,61,157
981,615,61,157
982,615,55,161
982,615,55,161
983,616,55,161
984,616,55,161
985,617,55,161
986,618,55,161
986,618,55,161
987,619,55,161
988,619,55,161
989,620,55,161
990,621,57,161
989,620,57,161
989,620,57,161
989,619,57,161
989,619,57,161
989,619,57,161
989,618,57,161
989,618,57,161
989,617,57,161
989,617,57,161
989,617,62,163
989,617,62,163
989,617,62,163
989,617,62,163
989,617,62,163
989,617,62,163
989,617,62,163
989,617,62,163
989,617,62,163
989,617,62,163
990,617,65,163
989,617,65,163
989,617,65,163
989,617,65,163
989,617,65,163
989,618,65,163
988,618,65,163
988,618,65,163
988,618,65,163
988,618,65,163
988,619,61,161
987,618,61,161
987,618,61,161
987,617,61,161
987,617,61,161
987,617,61,161
986,616,61,161
986,616,61,161
986,615,61,161
986,615,61,161
986,615,55,167
985,614,55,167
985,614,55,167
984,614,55,167
984,614,55,167
984,614,55,167
983,613,55,167
983,613,55,167
982,613,55,167
982,613,55,167
982,613,59,167
982,613,59,167
982,614,59,167
983,614,59,167
983,615,59,167
984,615,59,167
984,616,59,167
984,616,59,167
985,617,59,167
985,617,59,167
986,618,59,160
986,617,59,160
986,617,59,160
986,617,59,160
986,617,59,160
986,617,59,160
986,617,59,160
986,617,59,160
986,617,59,160
986,617,59,160
986,617,61,167
985,616,61,167
985,616,61,167
985,616,61,167
985,616,61,167
985,616,61,167
984,615,61,167
984,615,61,167
984,615,61,167
984,615,61,167
984,615,59,169
983,614,59,169
983,614,59,169
982,614,59,169
982,614,59,169
982,614,59,169
981,613,59,169
981,613,59,169
980,613,59,169
980,613,59,169
980,613,57,175
979,612,57,175
979,612,57,175
979,612,57,175
979,612,57,175
979,612,57,175
978,611,57,175
978,611,57,175
978,611,57,175
978,611,57,175
978,611,57,173
977,610,57,173
976,610,57,173
975,609,57,173
974,609,57,173
973,608,57,173
972,608,57,173
971,607,57,173
970,607,57,173
969,606,57,173
969,606,56,173
968,606,56,173
968,607,56,173
967,607,56,173
967,608,56,173
967,608,56,173
966,609,56,173
966,609,56,173
965,610,56,173
965,610,56,173
965,611,57,167
964,610,57,167
964,610,57,167
964,610,57,167
964,610,57,167
964,610,57,167
963,609,57,167
963,609,57,167
963,609,57,167
963,609,57,167
963,609,59,167
962,609,59,167
962,609,59,167
962,609,59,167
962,609,59,167
962,609,59,167
961,609,59,167
961,609,59,167
961,609,59,167
961,609,59,167
961,609,61,173
959,609,61,173
957,609,61,173
955,610,61,173
953,610,61,173
952,611,61,173
950,611,61,173
948,611,61,173
946,612,61,173
944,612,61,173
943,613,57,169
942,612,57,169
941,612,57,169
941,611,57,169
940,611,57,169
940,611,57,169
939,610,57,169
938,610,57,169
938,609,57,169
937,609,57,169
937,609,59,167
936,608,59,167
936,607,59,167
935,606,59,167
935,605,59,167
935,605,59,167
934,604,59,167
934,603,59,167
933,602,59,167
933,601,59,167
933,601,59,169
937,600,59,169
942,599,59,169
946,598,59,169
951,598,59,169
956,597,59,169
960,596,59,169
965,596,59,169
969,595,59,169
974,594,59,169
979,594,57,164
983,593,57,164
988,592,57,164
993,591,57,164
997,590,57,164
1002,590,57,164
1007,589,57,164
1011,588,57,164
1016,587,57,164
1021,586,57,164
1026,586,59,161
1027,585,59,161
1029,585,59,161
1031,584,59,161
1032,584,59,161
1034,584,59,161
1036,583,59,161
1037,583,59,161
1039,582,59,161
1041,582,59,161
1043,582,53,169
1042,581,53,169
1042,581,53,169
1041,580,53,169
1041,580,53,169
1041,580,53,169
1040,579,53,169
1040,579,53,169
1039,578,53,169
1039,578,53,169
1039,578,59,169
1039,577,59,169
1040,577,59,169
1040,577,59,169
1041,577,59,169
1042,577,59,169
1042,576,59,169
1043,576,59,169
1043,576,59,169
1044,576,59,169
1045,576,55,167
1044,576,55,167
1043,576,55,167
1042,576,55,167
1041,576,55,167
1041,577,55,167
1040,577,55,167
1039,577,55,167
1038,577,55,167
1037,577,55,167
1037,578,55,171
1036,578,55,171
1035,578,55,171
1035,578,55,171
1034,578,55,171
1034,579,55,171
1033,579,55,171
1032,579,55,171
1032,579,55,171
1031,579,55,171
1031,580,61,165
1030,579,61,165
1029,578,61,165
1029,578,61,165
1028,577,61,165
1028,577,61,165
1027,576,61,165
1026,575,61,165
1026,575,61,165
1025,574,61,165
1025,574,61,167
1025,573,61,167
1026,573,61,167
1026,573,61,167
1027,573,61,167
1028,573,61,167
1028,573,61,167
1029,573,61,167
1029,573,61,167
1030,573,61,167
1031,573,53,170
1030,573,53,170
1029,574,53,170
1028,575,53,170
1027,576,53,170
1026,577,53,170
1025,578,53,170
1024,579,53,170
1023,580,53,170
1022,581,53,170
1021,582,61,167
1022,583,61,167
1023,584,61,167
1024,585,61,167
1025,586,61,167
1026,587,61,167
1027,588,61,167
1028,589,61,167
1029,590,61,167
1030,591,61,167
1031,593,53,156
1030,594,53,156
1029,595,53,156
1029,597,53,156
1028,598,53,156
1028,600,53,156
1027,601,53,156
1026,602,53,156
1026,604,53,156
1025,605,53,156
1025,607,57,153
1025,607,57,153
1025,608,57,153
1026,608,57,153
1026,609,57,153
1027,609,57,153
1027,610,57,153
1027,610,57,153
1028,611,57,153
1028,611,57,153
1029,612,55,166
1028,612,55,166
1028,613,55,166
1027,614,55,166
1027,615,55,166
1027,616,55,166
1026,617,55,166
1026,618,55,166
1025,619,55,166
1025,620,55,166
1025,621,57,163
1025,621,57,163
1025,622,57,163
1026,622,57,163
1026,623,57,163
1027,624,57,163
1027,624,57,163
1027,625,57,163
1028,625,57,163
1028,626,57,163
1029,627,55,163
1028,627,55,163
1027,628,55,163
1027,629,55,163
1026,630,55,163
1026,631,55,163
1025,631,55,163
1024,632,55,163
1024,633,55,163
1023,634,55,163
1023,635,61,159
1024,634,61,159
1025,634,61,159
1026,633,61,159
1027,633,61,159
1029,633,61,159
1030,632,61,159
1031,632,61,159
1032,631,61,159
1033,631,61,159
1035,631,55,161
1035,630,55,161
1035,630,55,161
1035,630,55,161
1035,630,55,161
1035,630,55,161
1035,630,55,161
1035,630,55,161
1035,630,55,161
1035,630,55,161
1036,630,58,166
1037,629,58,166
1039,628,58,166
1040,627,58,166
1042,627,58,166
1043,626,58,166
1045,625,58,166
1046,625,58,166
1048,624,58,166
1049,623,58,166
1051,623,55,163
1051,622,55,163
1051,622,55,163
1052,621,55,163
1052,621,55,163
1053,620,55,163
1053,620,55,163
1053,619,55,163
1054,619,55,163
1054,618,55,163
1055,618,59,159
1056,618,59,159
1057,618,59,159
1058,618,59,159
1059,618,59,159
1060,619,59,159
1061,619,59,159
1062,619,59,159
1063,619,59,159
1064,619,59,159
1065,620,60,153
1065,619,60,153
1065,619,60,153
1065,619,60,153
1065,618,60,153
1065,618,60,153
1065,618,60,153
1065,617,60,153
1065,617,60,153
1065,617,60,153
1065,617,58,159
1064,616,58,159
1063,616,58,159
1062,615,58,159
1061,615,58,159
1060,615,58,159
1059,614,58,159
1058,614,58,159
1057,613,58,159
1056,613,58,159
1055,613,63,161
1054,612,63,161
1053,612,63,161
1053,612,63,161
1052,611,63,161
1052,611,63,161
1051,611,63,161
1050,610,63,161
1050,610,63,161
1049,610,63,161
1049,610,59,159
1041,606,59,159
1034,603,59,159
1027,599,59,159
1020,596,59,159
1013,593,59,159
1006,589,59,159
999,586,59,159
992,582,59,159
985,579,59,159
978,576,61,171
977,577,61,171
977,578,61,171
977,579,61,171
976,580,61,171
976,582,61,171
976,583,61,171
975,584,61,171
975,585,61,171
975,586,61,171
975,588,56,170
973,589,56,170
971,590,56,170
969,591,56,170
967,592,56,170
966,593,56,170
964,594,56,170
962,595,56,170
960,596,56,170
958,597,56,170
957,598,61,160
956,598,61,160
956,598,61,160
955,598,61,160
955,599,61,160
955,599,61,160
954,599,61,160
954,600,61,160
953,600,61,160
953,600,61,160
953,601,53,171
951,602,53,171
950,603,53,171
949,605,53,171
948,606,53,171
947,608,53,171
945,609,53,171
944,610,53,171
943,612,53,171
942,613,53,171
941,615,61,165
940,615,61,165
940,616,61,165
939,616,61,165
939,617,61,165
939,618,61,165
938,618,61,165
938,619,61,165
937,619,61,165
937,620,61,165
937,621,57,165
935,621,57,165
934,622,57,165
933,623,57,165
932,624,57,165
931,625,57,165
929,625,57,165
928,626,57,165
927,627,57,165
926,628,57,165
925,629,61,163
925,629,61,163
925,630,61,163
925,631,61,163
925,632,61,163
925,633,61,163
925,634,61,163
925,635,61,163
925,636,61,163
925,637,61,163
925,638,57,166
923,639,57,166
922,640,57,166
921,641,57,166
920,642,57,166
919,643,57,166
918,644,57,166
917,645,57,166
916,646,57,166
915,647,57,166
914,649,62,166
914,649,62,166
914,650,62,166
914,651,62,166
914,651,62,166
914,652,62,166
914,653,62,166
914,653,62,166
914,654,62,166
914,655,62,166
914,656,59,167
914,657,59,167
915,658,59,167
915,659,59,167
916,660,59,167
916,661,59,167
917,662,59,167
917,663,59,167
918,664,59,167
918,665,59,167
919,666,61,175
921,667,61,175
923,668,61,175
925,669,61,175
927,670,61,175
929,672,61,175
931,673,61,175
933,674,61,175
935,675,61,175
937,676,61,175
939,678,63,167
940,678,63,167
941,678,63,167
942,678,63,167
943,678,63,167
945,678,63,167
946,678,63,167
947,678,63,167
948,678,63,167
949,678,63,167
951,679,63,170
949,680,63,170
948,681,63,170
947,683,63,170
946,684,63,170
945,686,63,170
943,687,63,170
942,688,63,170
941,690,63,170
940,691,63,170
939,693,63,170
937,691,63,170
935,689,63,170
934,687,63,170
932,685,63,170
931,683,63,170
929,681,63,170
927,679,63,170
926,677,63,170
924,675,63,170
923,674,63,159
922,671,63,159
921,668,63,159
920,665,63,159
919,663,63,159
918,660,63,159
917,657,63,159
916,655,63,159
915,652,63,159
914,649,63,159
914,647,60,155
912,643,60,155
911,640,60,155
909,636,60,155
908,633,60,155
907,630,60,155
905,626,60,155
904,623,60,155
902,619,60,155
901,616,60,155
900,613,61,153
904,609,61,153
909,606,61,153
914,602,61,153
919,599,61,153
924,595,61,153
929,592,61,153
934,588,61,153
939,585,61,153
944,581,61,153
949,578,61,145
949,574,61,145
950,571,61,145
950,567,61,145
951,564,61,145
952,560,61,145
952,557,61,145
953,553,61,145
953,550,61,145
954,546,61,145
955,543,57,151
954,540,57,151
954,537,57,151
953,535,57,151
953,532,57,151
953,530,57,151
952,527,57,151
952,524,57,151
951,522,57,151
951,519,57,151
951,517,55,139
950,515,55,139
949,513,55,139
949,511,55,139
948,510,55,139
948,508,55,139
947,506,55,139
946,505,55,139
946,503,55,139
945,501,55,139
945,500,59,139
944,498,59,139
944,496,59,139
944,495,59,139
944,493,59,139
944,492,59,139
943,490,59,139
943,488,59,139
943,487,59,139
943,485,59,139
943,484,59,137
943,482,59,137
943,481,59,137
943,479,59,137
943,478,59,137
943,477,59,137
943,475,59,137
943,474,59,137
943,472,59,137
943,471,59,137
943,470,55,147
943,469,55,147
943,468,55,147
943,468,55,147
943,467,55,147
943,467,55,147
943,466,55,147
943,465,55,147
943,465,55,147
943,464,55,147
943,464,53,147
942,463,53,147
942,462,53,147
942,461,53,147
942,460,53,147
942,459,53,147
942,458,53,147
942,457,53,147
942,456,53,147
942,455,53,147
942,454,50,140
941,454,50,140
940,454,50,140
939,454,50,140
939,454,50,140
938,455,50,140
937,455,50,140
937,455,50,140
936,455,50,140
935,455,50,140
935,456,51,136
934,456,51,136
934,456,51,136
934,456,51,136
934,456,51,136
934,457,51,136
933,457,51,136
933,457,51,136
933,457,51,136
933,457,51,136
933,458,49,144
932,458,49,144
931,458,49,144
930,459,49,144
929,459,49,144
929,460,49,144
928,460,49,144
927,460,49,144
926,461,49,144
925,461,49,144
925,462,53,142
924,463,53,142
924,464,53,142
924,465,53,142
924,466,53,142
924,468,53,142
923,469,53,142
923,470,53,142
923,471,53,142
923,472,53,142
923,474,55,139
921,475,55,139
920,477,55,139
919,479,55,139
918,481,55,139
917,483,55,139
916,484,55,139
915,486,55,139
914,488,55,139
913,490,55,139
912,492,57,141
911,493,57,141
911,494,57,141
910,495,57,141
910,497,57,141
910,498,57,141
909,499,57,141
909,501,57,141
908,502,57,141
908,503,57,141
908,505,55,144
906,506,55,144
905,508,55,144
904,509,55,144
903,511,55,144
902,513,55,144
900,514,55,144
899,516,55,144
898,517,55,144
897,519,55,144
896,521,57,153
895,522,57,153
894,524,57,153
894,526,57,153
893,528,57,153
893,530,57,153
892,531,57,153
891,533,57,153
891,535,57,153
890,537,57,153
890,539,55,157
888,540,55,157
887,542,55,157
885,544,55,157
884,545,55,157
883,547,55,157
881,549,55,157
880,550,55,157
878,552,55,157
877,554,55,157
876,556,57,159
876,558,57,159
877,560,57,159
877,562,57,159
878,564,57,159
878,566,57,159
879,568,57,159
879,570,57,159
880,572,57,159
880,574,57,159
881,577,52,150
884,579,52,150
887,581,52,150
891,583,52,150
894,585,52,150
898,587,52,150
901,589,52,150
904,591,52,150
908,593,52,150
911,595,52,150
915,597,59,163
917,598,59,163
919,600,59,163
921,602,59,163
923,604,59,163
925,606,59,163
927,607,59,163
929,609,59,163
931,611,59,163
933,613,59,163
935,615,63,157
934,616,63,157
933,618,63,157
933,620,63,157
932,622,63,157
932,624,63,157
931,625,63,157
930,627,63,157
930,629,63,157
929,631,63,157
929,633,61,159
928,635,61,159
928,637,61,159
927,639,61,159
927,641,61,159
927,643,61,159
926,645,61,159
926,647,61,159
925,649,61,159
925,651,61,159
925,654,57,163
923,655,57,163
922,656,57,163
921,658,57,163
920,659,57,163
919,661,57,163
918,662,57,163
917,663,57,163
916,665,57,163
915,666,57,163
914,668,60,161
913,669,60,161
912,670,60,161
911,671,60,161
910,672,60,161
910,674,60,161
909,675,60,161
908,676,60,161
907,677,60,161
906,678,60,161
906,680,57,169
905,681,57,169
904,682,57,169
903,683,57,169
902,684,57,169
902,686,57,169
901,687,57,169
900,688,57,169
899,689,57,169
898,690,57,169
898,692,57,162
900,692,57,162
903,692,57,162
905,692,57,162
908,692,57,162
911,692,57,162
913,692,57,162
916,692,57,162
918,692,57,162
921,692,57,162
924,692,57,164
929,691,57,164
934,690,57,164
939,689,57,164
945,688,57,164
950,687,57,164
955,686,57,164
961,685,57,164
966,684,57,164
971,683,57,164
977,682,61,159
979,680,61,159
982,679,61,159
985,678,61,159
987,677,61,159
990,676,61,159
993,674,61,159
995,673,61,159
998,672,61,159
1001,671,61,159
1004,670,59,165
1003,669,59,165
1002,668,59,165
1002,667,59,165
1001,666,59,165
1001,665,59,165
1000,664,59,165
999,663,59,165
999,662,59,165
998,661,59,165
998,660,57,159
997,658,57,159
996,656,57,159
995,654,57,159
994,652,57,159
994,650,57,159
993,648,57,159
992,646,57,159
991,644,57,159
990,642,57,159
990,640,57,161
989,638,57,161
988,636,57,161
987,634,57,161
986,633,57,161
986,631,57,161
985,629,57,161
984,628,57,161
983,626,57,161
982,624,57,161
982,623,59,163
981,622,59,163
981,621,59,163
980,620,59,163
980,619,59,163
980,618,59,163
979,617,59,163
979,616,59,163
978,615,59,163
978,614,59,163
978,613,63,157
977,612,63,157
976,612,63,157
976,611,63,157
975,611,63,157
975,610,63,157
974,610,63,157
973,609,63,157
973,609,63,157
972,608,63,157
972,608,59,157
971,608,59,157
971,608,59,157
971,608,59,157
970,608,59,157
970,608,59,157
970,608,59,157
969,608,59,157
969,608,59,157
969,608,59,157
969,609,58,153
968,608,58,153
967,608,58,153
966,608,58,153
965,608,58,153
964,608,58,153
963,607,58,153
962,607,58,153
961,607,58,153
960,607,58,153
959,607,61,151
958,606,61,151
958,606,61,151
957,606,61,151
957,605,61,151
957,605,61,151
956,605,61,151
956,604,61,151
955,604,61,151
955,604,61,151
955,604,55,151
954,603,55,151
953,603,55,151
952,603,55,151
951,602,55,151
951,602,55,151
950,602,55,151
949,601,55,151
948,601,55,151
947,601,55,151
947,601,57,151
946,600,57,151
946,600,57,151
946,600,57,151
946,600,57,151
946,600,57,151
945,599,57,151
945,599,57,151
945,599,57,151
945,599,57,151
945,599,57,149
944,599,57,149
943,599,57,149
942,599,57,149
942,599,57,149
941,600,57,149
940,600,57,149
940,600,57,149
939,600,57,149
938,600,57,149
938,601,61,149
938,600,61,149
938,600,61,149
938,600,61,149
938,599,61,149
938,599,61,149
938,599,61,149
938,598,61,149
938,598,61,149
938,598,61,149
939,598,57,151
938,597,57,151
938,596,57,151
938,595,57,151
937,594,57,151
937,593,57,151
937,592,57,151
936,591,57,151
936,590,57,151
936,589,57,151
936,588,55,151
938,587,55,151
940,587,55,151
942,586,55,151
944,586,55,151
946,586,55,151
948,585,55,151
950,585,55,151
952,584,55,151
954,584,55,151
957,584,55,147
958,583,55,147
960,583,55,147
961,583,55,147
963,583,55,147
964,583,55,147
966,582,55,147
967,582,55,147
969,582,55,147
970,582,55,147
972,582,55,139
973,581,55,139
975,580,55,139
976,580,55,139
978,579,55,139
980,579,55,139
981,578,55,139
983,577,55,139
984,577,55,139
986,576,55,139
988,576,55,141
986,575,55,141
985,575,55,141
983,575,55,141
982,575,55,141
981,575,55,141
979,574,55,141
978,574,55,141
976,574,55,141
975,574,55,141
974,574,53,135
972,573,53,135
970,572,53,135
968,571,53,135
967,570,53,135
965,569,53,135
963,568,53,135
962,567,53,135
960,566,53,135
958,565,53,135
957,564,53,141
956,563,53,141
955,563,53,141
954,562,53,141
954,562,53,141
953,562,53,141
952,561,53,141
952,561,53,141
951,560,53,141
950,560,53,141
950,560,58,140
952,559,58,140
955,558,58,140
957,558,58,140
960,557,58,140
963,557,58,140
965,556,58,140
968,555,58,140
970,555,58,140
973,554,58,140
976,554,51,147
977,553,51,147
979,553,51,147
980,553,51,147
982,552,51,147
984,552,51,147
985,552,51,147
987,551,51,147
988,551,51,147
990,551,51,147
992,551,51,147
992,550,51,147
992,549,51,147
992,548,51,147
992,547,51,147
992,546,51,147
992,545,51,147
992,544,51,147
992,543,51,147
992,542,51,147
992,541,53,137
990,541,53,137
989,541,53,137
988,541,53,137
987,541,53,137
986,541,53,137
984,541,53,137
983,541,53,137
982,541,53,137
981,541,53,137
980,541,55,135
979,540,55,135
978,539,55,135
977,539,55,135
976,538,55,135
975,538,55,135
974,537,55,135
973,536,55,135
972,536,55,135
971,535,55,135
971,535,51,137
970,534,51,137
969,534,51,137
969,533,51,137
968,533,51,137
968,533,51,137
967,532,51,137
966,532,51,137
966,531,51,137
965,531,51,137
965,531,51,135
963,530,51,135
962,529,51,135
960,529,51,135
959,528,51,135
958,528,51,135
956,527,51,135
955,526,51,135
953,526,51,135
952,525,51,135
951,525,51,133
950,524,51,133
949,523,51,133
949,523,51,133
948,522,51,133
948,522,51,133
947,521,51,133
946,520,51,133
946,520,51,133
945,519,51,133
945,519,57,137
945,519,57,137
946,519,57,137
947,519,57,137
947,519,57,137
948,519,57,137
949,519,57,137
949,519,57,137
950,519,57,137
951,519,57,137
952,519,50,132
953,518,50,132
954,517,50,132
955,516,50,132
957,515,50,132
958,515,50,132
959,514,50,132
961,513,50,132
962,512,50,132
963,511,50,132
965,511,51,134
965,510,51,134
966,509,51,134
966,509,51,134
967,508,51,134
967,508,51,134
968,507,51,134
968,506,51,134
969,506,51,134
969,505,51,134
970,505,47,136
970,505,47,136
971,505,47,136
972,505,47,136
973,505,47,136
974,505,47,136
974,505,47,136
975,505,47,136
976,505,47,136
977,505,47,136
978,505,51,132
978,504,51,132
978,504,51,132
978,504,51,132
978,503,51,132
979,503,51,132
979,503,51,132
979,502,51,132
979,502,51,132
979,502,51,132
980,502,49,137
976,491,49,137
973,480,49,137
970,470,49,137
967,459,49,137
964,449,49,137
960,438,49,137
957,427,49,137
954,417,49,137
951,406,49,137
948,396,54,143
947,396,54,143
947,396,54,143
947,396,54,143
947,396,54,143
947,396,54,143
947,396,54,143
947,396,54,143
947,396,54,143
947,396,54,143
947,396,53,139
946,396,53,139
945,396,53,139
944,396,53,139
943,396,53,139
943,396,53,139
942,396,53,139
941,396,53,139
940,396,53,139
939,396,53,139
939,396,55,135
939,396,55,135
939,396,55,135
939,396,55,135
939,396,55,135
939,397,55,135
939,397,55,135
939,397,55,135
939,397,55,135
939,397,55,135
940,398,52,137
939,397,52,137
938,396,52,137
937,396,52,137
937,395,52,137
936,395,52,137
935,394,52,137
935,393,52,137
934,393,52,137
933,392,52,137
933,392,55,149
933,392,55,149
933,392,55,149
933,392,55,149
933,392,55,149
933,392,55,149
933,392,55,149
933,392,55,149
933,392,55,149
933,392,55,149
933,392,51,143
932,392,51,143
931,392,51,143
930,392,51,143
929,392,51,143
928,393,51,143
927,393,51,143
926,393,51,143
925,393,51,143
924,393,51,143
923,394,57,151
923,394,57,151
923,394,57,151
923,394,57,151
923,394,57,151
923,395,57,151
923,395,57,151
923,395,57,151
923,395,57,151
923,395,57,151
923,396,51,131
922,396,51,131
921,396,51,131
920,396,51,131
920,396,51,131
919,396,51,131
918,396,51,131
918,396,51,131
917,396,51,131
916,396,51,131
916,396,55,145
916,396,55,145
916,396,55,145
916,396,55,145
916,396,55,145
917,397,55,145
917,397,55,145
917,397,55,145
917,397,55,145
917,397,55,145
918,398,51,147
918,398,51,147
919,398,51,147
920,398,51,147
921,398,51,147
922,399,51,147
923,399,51,147
924,399,51,147
925,399,51,147
926,399,51,147
927,400,55,160
930,399,55,160
933,399,55,160
936,399,55,160
939,399,55,160
942,399,55,160
945,398,55,160
948,398,55,160
951,398,55,160
954,398,55,160
957,398,47,149
958,398,47,149
960,398,47,149
962,398,47,149
963,399,47,149
965,399,47,149
967,399,47,149
968,400,47,149
970,400,47,149
972,400,47,149
974,401,53,146
975,401,53,146
976,401,53,146
977,401,53,146
978,401,53,146
979,401,53,146
980,401,53,146
981,401,53,146
982,401,53,146
983,401,53,146
984,402,49,145
981,402,49,145
978,403,49,145
975,404,49,145
973,404,49,145
970,405,49,145
967,406,49,145
965,406,49,145
962,407,49,145
959,408,49,145
957,409,57,149
957,409,57,149
957,409,57,149
957,409,57,149
957,409,57,149
957,409,57,149
957,409,57,149
957,409,57,149
