892,623,26,63
892,622,26,63
893,621,26,63
894,620,26,63
895,619,26,63
896,619,26,63
896,618,26,63
897,617,26,63
898,616,26,63
899,615,26,63
900,615,27,65
900,614,27,65
901,613,27,65
902,613,27,65
903,612,27,65
904,612,27,65
904,611,27,65
905,610,27,65
906,610,27,65
907,609,27,65
908,609,27,61
908,608,27,61
909,608,27,61
909,607,27,61
910,607,27,61
911,606,27,61
911,606,27,61
912,605,27,61
912,605,27,61
913,604,27,61
914,604,29,62
915,603,29,62
916,603,29,62
917,602,29,62
918,602,29,62
919,602,29,62
920,601,29,62
921,601,29,62
922,600,29,62
923,600,29,62
924,600,25,62
921,600,25,62
919,600,25,62
917,600,25,62
915,600,25,62
913,600,25,62
910,600,25,62
908,600,25,62
906,600,25,62
904,600,25,62
902,600,26,61
901,599,26,61
901,598,26,61
901,597,26,61
901,596,26,61
901,596,26,61
900,595,26,61
900,594,26,61
900,593,26,61
900,592,26,61
900,592,29,66
900,591,29,66
901,591,29,66
901,591,29,66
902,591,29,66
902,591,29,66
903,590,29,66
903,590,29,66
904,590,29,66
904,590,29,66
905,590,29,61
905,590,29,61
906,590,29,61
907,590,29,61
908,590,29,61
909,591,29,61
910,591,29,61
911,591,29,61
912,591,29,61
913,591,29,61
914,592,29,61
914,593,29,61
915,594,29,61
916,595,29,61
917,596,29,61
918,597,29,61
918,598,29,61
919,599,29,61
920,600,29,61
921,601,29,61
922,602,27,58
922,602,27,58
923,603,27,58
924,604,27,58
925,604,27,58
926,605,27,58
927,606,27,58
928,606,27,58
929,607,27,58
930,608,27,58
931,609,26,59
931,610,26,59
932,611,26,59
933,613,26,59
933,614,26,59
934,616,26,59
935,617,26,59
935,618,26,59
936,620,26,59
937,621,26,59
938,623,26,59
938,625,26,59
939,627,26,59
939,629,26,59
940,631,26,59
941,633,26,59
941,635,26,59
942,637,26,59
942,639,26,59
943,641,26,59
944,643,26,62
940,644,26,62
937,645,26,62
934,646,26,62
931,647,26,62
928,648,26,62
924,649,26,62
921,650,26,62
918,651,26,62
915,652,26,62
912,653,25,64
904,652,25,64
896,652,25,64
888,652,25,64
880,651,25,64
872,651,25,64
864,651,25,64
856,650,25,64
848,650,25,64
840,650,25,64
833,650,24,63
839,637,24,63
846,624,24,63
853,611,24,63
860,598,24,63
867,585,24,63
874,572,24,63
881,559,24,63
888,546,24,63
895,533,24,63
902,521,33,63
902,520,33,63
903,520,33,63
904,519,33,63
905,519,33,63
906,519,33,63
906,518,33,63
907,518,33,63
908,517,33,63
909,517,33,63
910,517,29,55
910,516,29,55
910,515,29,55
910,514,29,55
910,513,29,55
911,513,29,55
911,512,29,55
911,511,29,55
911,510,29,55
911,509,29,55
912,509,39,61
913,508,39,61
914,508,39,61
915,507,39,61
916,507,39,61
917,506,39,61
918,506,39,61
919,505,39,61
920,505,39,61
921,504,39,61
922,504,31,60
922,503,31,60
923,503,31,60
923,502,31,60
924,502,31,60
924,502,31,60
925,501,31,60
925,501,31,60
926,500,31,60
926,500,31,60
927,500,34,55
928,499,34,55
929,498,34,55
930,498,34,55
931,497,34,55
932,497,34,55
933,496,34,55
934,495,34,55
935,495,34,55
936,494,34,55
937,494,30,57
937,493,30,57
937,492,30,57
938,491,30,57
938,490,30,57
939,490,30,57
939,489,30,57
939,488,30,57
940,487,30,57
940,486,30,57
941,486,32,61
941,485,32,61
942,484,32,61
943,484,32,61
944,483,32,61
945,483,32,61
945,482,32,61
946,481,32,61
947,481,32,61
948,480,32,61
949,480,33,65
950,479,33,65
951,478,33,65
952,477,33,65
953,476,33,65
954,476,33,65
955,475,33,65
956,474,33,65
957,473,33,65
958,472,33,65
960,472,28,63
960,471,28,63
960,471,28,63
960,470,28,63
960,470,28,63
960,470,28,63
960,469,28,63
960,469,28,63
960,468,28,63
960,468,28,63
961,468,35,61
962,467,35,61
963,466,35,61
964,466,35,61
966,465,35,61
967,465,35,61
968,464,35,61
970,463,35,61
971,463,35,61
972,462,35,61
974,462,26,57
974,461,26,57
975,461,26,57
975,461,26,57
976,460,26,57
977,460,26,57
977,460,26,57
978,459,26,57
978,459,26,57
979,459,26,57
980,459,28,60
980,458,28,60
981,457,28,60
982,457,28,60
983,456,28,60
984,456,28,60
984,455,28,60
985,454,28,60
986,454,28,60
987,453,28,60
988,453,28,58
988,452,28,58
989,451,28,58
989,450,28,58
990,449,28,58
991,449,28,58
991,448,28,58
992,447,28,58
992,446,28,58
993,445,28,58
994,445,26,60
994,444,26,60
995,444,26,60
995,444,26,60
996,444,26,60
997,444,26,60
997,443,26,60
998,443,26,60
998,443,26,60
999,443,26,60
1000,443,28,57
1000,442,28,57
1000,442,28,57
1000,441,28,57
1000,441,28,57
1000,441,28,57
1000,440,28,57
1000,440,28,57
1000,439,28,57
1000,439,28,57
1000,439,31,55
1000,438,31,55
1000,437,31,55
1000,436,31,55
1000,435,31,55
1000,435,31,55
1000,434,31,55
1000,433,31,55
1000,432,31,55
1000,431,31,55
1001,431,32,59
1001,430,32,59
1002,430,32,59
1002,430,32,59
1003,430,32,59
1003,430,32,59
1004,429,32,59
1004,429,32,59
1005,429,32,59
1005,429,32,59
1006,429,31,57
1006,428,31,57
1007,427,31,57
1007,426,31,57
1008,425,31,57
1009,424,31,57
1009,423,31,57
1010,422,31,57
1010,421,31,57
1011,420,31,57
1012,419,27,61
1012,418,27,61
1012,417,27,61
1012,417,27,61
1012,416,27,61
1013,416,27,61
1013,415,27,61
1013,414,27,61
1013,414,27,61
1013,413,27,61
1014,413,31,59
1014,412,31,59
1015,411,31,59
1016,410,31,59
1017,409,31,59
1018,409,31,59
1018,408,31,59
1019,407,31,59
1020,406,31,59
1021,405,31,59
1022,405,29,59
1022,404,29,59
1023,404,29,59
1024,404,29,59
1025,403,29,59
1026,403,29,59
1027,403,29,59
1028,402,29,59
1029,402,29,59
1030,402,29,59
1031,402,26,58
1031,401,26,58
1032,400,26,58
1032,399,26,58
1033,398,26,58
1034,398,26,58
1034,397,26,58
1035,396,26,58
1035,395,26,58
1036,394,26,58
1037,394,28,59
1037,394,28,59
1037,395,28,59
1037,395,28,59
1037,396,28,59
1037,397,28,59
1037,397,28,59
1037,398,28,59
1037,398,28,59
1037,399,28,59
1038,400,25,55
1034,398,25,55
1030,396,25,55
1027,394,25,55
1023,392,25,55
1020,391,25,55
1016,389,25,55
1012,387,25,55
1009,385,25,55
1005,383,25,55
1002,382,28,57
999,381,28,57
997,380,28,57
995,380,28,57
992,379,28,57
990,379,28,57
988,378,28,57
985,377,28,57
983,377,28,57
981,376,28,57
979,376,27,57
979,375,27,57
980,374,27,57
981,374,27,57
982,373,27,57
983,373,27,57
984,372,27,57
985,371,27,57
986,371,27,57
987,370,27,57
988,370,26,57
990,369,26,57
992,368,26,57
994,368,26,57
996,367,26,57
999,367,26,57
1001,366,26,57
1003,365,26,57
1005,365,26,57
1007,364,26,57
1010,364,25,59
1012,363,25,59
1014,362,25,59
1016,361,25,59
1019,360,25,59
1021,360,25,59
1023,359,25,59
1026,358,25,59
1028,357,25,59
1030,356,25,59
1033,356,28,61
1036,355,28,61
1039,355,28,61
1042,354,28,61
1045,354,28,61
1048,354,28,61
1051,353,28,61
1054,353,28,61
1057,352,28,61
1060,352,28,61
1063,352,25,53
1065,351,25,53
1068,350,25,53
1071,349,25,53
1074,348,25,53
1077,347,25,53
1080,346,25,53
1083,345,25,53
1086,344,25,53
1089,343,25,53
1092,343,22,55
1094,342,22,55
1096,341,22,55
1098,341,22,55
1100,340,22,55
1102,340,22,55
1104,339,22,55
1106,338,22,55
1108,338,22,55
1110,337,22,55
1113,337,24,53
1107,336,24,53
1102,335,24,53
1097,334,24,53
1092,333,24,53
1087,332,24,53
1082,331,24,53
1077,330,24,53
1072,329,24,53
1067,328,24,53
1062,327,28,59
1057,325,28,59
1052,324,28,59
1047,323,28,59
1042,322,28,59
1037,321,28,59
1032,319,28,59
1027,318,28,59
1022,317,28,59
1017,316,28,59
1013,315,28,59
1010,314,28,59
1008,313,28,59
1006,312,28,59
1004,312,28,59
1002,311,28,59
999,310,28,59
997,310,28,59
995,309,28,59
993,308,28,59
991,308,31,56
988,307,31,56
986,306,31,56
984,305,31,56
981,304,31,56
979,303,31,56
977,302,31,56
974,301,31,56
972,300,31,56
970,299,31,56
968,298,24,55
965,297,24,55
963,296,24,55
961,295,24,55
959,294,24,55
957,294,24,55
955,293,24,55
953,292,24,55
951,291,24,55
949,290,24,55
947,290,28,55
945,289,28,55
944,288,28,55
943,287,28,55
942,286,28,55
941,286,28,55
939,285,28,55
938,284,28,55
937,283,28,55
936,282,28,55
935,282,26,57
935,280,26,57
936,279,26,57
936,277,26,57
937,276,26,57
938,275,26,57
938,273,26,57
939,272,26,57
939,270,26,57
940,269,26,57
941,268,22,55
941,267,22,55
942,266,22,55
942,265,22,55
943,264,22,55
944,264,22,55
944,263,22,55
945,262,22,55
945,261,22,55
946,260,22,55
947,260,20,57
947,259,20,57
947,259,20,57
947,259,20,57
947,258,20,57
947,258,20,57
947,258,20,57
947,257,20,57
947,257,20,57
947,257,20,57
947,257,28,56
947,255,28,56
948,254,28,56
949,252,28,56
950,251,28,56
951,250,28,56
951,248,28,56
952,247,28,56
953,245,28,56
954,244,28,56
955,243,24,61
955,242,24,61
956,241,24,61
957,240,24,61
957,239,24,61
958,239,24,61
959,238,24,61
959,237,24,61
960,236,24,61
961,235,24,61
962,235,29,57
963,234,29,57
965,233,29,57
967,232,29,57
968,231,29,57
970,231,29,57
972,230,29,57
973,229,29,57
975,228,29,57
977,227,29,57
979,227,25,55
979,226,25,55
980,225,25,55
981,224,25,55
982,223,25,55
983,223,25,55
984,222,25,55
985,221,25,55
986,220,25,55
987,219,25,55
988,219,26,57
989,218,26,57
990,217,26,57
992,216,26,57
993,215,26,57
995,215,26,57
996,214,26,57
997,213,26,57
999,212,26,57
1000,211,26,57
1002,211,22,51
1002,210,22,51
1003,209,22,51
1003,208,22,51
1004,207,22,51
1005,206,22,51
1005,205,22,51
1006,204,22,51
1006,203,22,51
1007,202,22,51
1008,202,26,53
1008,201,26,53
1008,200,26,53
1008,199,26,53
1008,198,26,53
1008,197,26,53
1008,196,26,53
1008,195,26,53
1008,194,26,53
1008,193,26,53
1008,192,26,53
1007,191,26,53
1007,190,26,53
1007,189,26,53
1007,188,26,53
1007,187,26,53
1007,186,26,53
1007,185,26,53
1007,184,26,53
1007,183,26,53
1007,182,24,55
1006,181,24,55
1006,180,24,55
1006,179,24,55
1006,178,24,55
1006,177,24,55
1005,176,24,55
1005,175,24,55
1005,174,24,55
1005,173,24,55
1005,172,28,57
1005,171,28,57
1005,170,28,57
1005,170,28,57
1006,169,28,57
1006,169,28,57
1006,168,28,57
1007,167,28,57
1007,167,28,57
1007,166,28,57
1008,166,27,55
1008,165,27,55
1009,164,27,55
1009,163,27,55
1010,162,27,55
1011,162,27,55
1011,161,27,55
1012,160,27,55
1012,159,27,55
1013,158,27,55
1014,158,27,55
1013,157,27,55
1013,157,27,55
1013,156,27,55
1012,156,27,55
1012,155,27,55
1012,155,27,55
1011,154,27,55
1011,154,27,55
1011,153,27,55
1011,153,28,56
1010,151,28,56
1010,150,28,56
1009,149,28,56
1009,148,28,56
1009,147,28,56
1008,145,28,56
1008,144,28,56
1007,143,28,56
1007,142,28,56
1007,141,27,51
1009,140,27,51
1011,139,27,51
1013,139,27,51
1015,138,27,51
1018,138,27,51
1020,137,27,51
1022,136,27,51
1024,136,27,51
1026,135,27,51
1029,135,26,53
1031,134,26,53
1033,134,26,53
1035,133,26,53
1037,133,26,53
1040,133,26,53
1042,132,26,53
1044,132,26,53
1046,131,26,53
1048,131,26,53
1051,131,24,51
1053,130,24,51
1055,129,24,51
1057,128,24,51
1059,127,24,51
1061,126,24,51
1063,125,24,51
1065,124,24,51
1067,123,24,51
1069,122,24,51
1071,121,25,57
1073,120,25,57
1075,120,25,57
1077,120,25,57
1079,120,25,57
1081,120,25,57
1083,119,25,57
1085,119,25,57
1087,119,25,57
1089,119,25,57
1092,119,24,49
1094,118,24,49
1096,118,24,49
1098,117,24,49
1100,117,24,49
1103,117,24,49
1105,116,24,49
1107,116,24,49
1109,115,24,49
1111,115,24,49
1114,115,19,53
1113,114,19,53
1112,114,19,53
1111,113,19,53
1110,113,19,53
1110,113,19,53
1109,112,19,53
1108,112,19,53
1107,111,19,53
1106,111,19,53
1106,111,24,51
1103,110,24,51
1101,110,24,51
1099,110,24,51
1096,110,24,51
1094,110,24,51
1092,109,24,51
1089,109,24,51
1087,109,24,51
1085,109,24,51
1083,109,21,55
1083,108,21,55
1083,108,21,55
1083,107,21,55
1083,107,21,55
1083,107,21,55
1083,106,21,55
1083,106,21,55
1083,105,21,55
1083,105,21,55
1084,105,20,53
1085,105,20,53
1086,105,20,53
1088,105,20,53
1089,105,20,53
1091,105,20,53
1092,105,20,53
1093,105,20,53
1095,105,20,53
1096,105,20,53
1098,106,22,56
1099,105,22,56
1100,105,22,56
1101,104,22,56
1102,104,22,56
1103,104,22,56
1104,103,22,56
1105,103,22,56
1106,102,22,56
1107,102,22,56
1108,102,22,53
1108,102,22,53
1109,102,22,53
1109,102,22,53
1110,102,22,53
1111,102,22,53
1111,102,22,53
1112,102,22,53
1112,102,22,53
1113,102,22,53
1114,102,20,52
1114,102,20,52
1115,102,20,52
1115,102,20,52
1116,102,20,52
1116,103,20,52
1117,103,20,52
1117,103,20,52
1118,103,20,52
1118,103,20,52
1119,104,23,53
1119,104,23,53
1120,104,23,53
1121,104,23,53
1122,104,23,53
1123,104,23,53
1124,104,23,53
1125,104,23,53
1126,104,23,53
1127,104,23,53
1128,105,23,59
1128,105,23,59
1128,105,23,59
1129,105,23,59
1129,105,23,59
1130,105,23,59
1130,105,23,59
1130,105,23,59
1131,105,23,59
1131,105,23,59
1132,105,23,55
1132,105,23,55
1133,105,23,55
1133,106,23,55
1134,106,23,55
1134,107,23,55
1135,107,23,55
1135,107,23,55
1136,108,23,55
1136,108,23,55
1137,109,24,55
1136,123,24,55
1136,138,24,55
1135,152,24,55
1135,167,24,55
1134,181,24,55
1134,196,24,55
1133,210,24,55
1133,225,24,55
1132,239,24,55
1132,254,33,53
1131,255,33,53
1131,256,33,53
1131,257,33,53
1131,258,33,53
1131,259,33,53
1131,260,33,53
1131,261,33,53
1131,262,33,53
1131,263,33,53
1131,264,32,47
1131,264,32,47
1131,264,32,47
1132,265,32,47
1132,265,32,47
1133,266,32,47
1133,266,32,47
1133,266,32,47
1134,267,32,47
1134,267,32,47
1135,268,30,53
1135,268,30,53
1136,269,30,53
1136,269,30,53
1137,270,30,53
1138,271,30,53
1138,271,30,53
1139,272,30,53
1139,272,30,53
1140,273,30,53
1141,274,24,51
1141,274,24,51
1141,274,24,51
1141,275,24,51
1141,275,24,51
1141,276,24,51
1141,276,24,51
1141,276,24,51
1141,277,24,51
1141,277,24,51
1141,278,30,53
1141,278,30,53
1142,278,30,53
1142,278,30,53
1143,278,30,53
1144,278,30,53
1144,278,30,53
1145,278,30,53
1145,278,30,53
1146,278,30,53
1147,278,32,55
1147,278,32,55
1148,278,32,55
1149,278,32,55
1150,278,32,55
1151,279,32,55
1152,279,32,55
1153,279,32,55
1154,279,32,55
1155,279,32,55
1156,280,27,57
1156,280,27,57
1157,280,27,57
1158,281,27,57
1158,281,27,57
1159,282,27,57
1160,282,27,57
1160,282,27,57
1161,283,27,57
1162,283,27,57
1163,284,25,59
1163,284,25,59
1164,284,25,59
1165,285,25,59
1166,285,25,59
1167,286,25,59
1167,286,25,59
1168,286,25,59
1169,287,25,59
1170,287,25,59
1171,288,29,57
1172,288,29,57
1173,288,29,57
1174,289,29,57
1175,289,29,57
1176,290,29,57
1177,290,29,57
1178,290,29,57
1179,291,29,57
1180,291,29,57
1181,292,27,55
1181,292,27,55
1182,292,27,55
1182,292,27,55
1183,292,27,55
1183,292,27,55
1184,292,27,55
1184,292,27,55
1185,292,27,55
1185,292,27,55
1186,292,28,59
1186,292,28,59
1187,292,28,59
1188,293,28,59
1189,293,28,59
1190,294,28,59
1190,294,28,59
1191,294,28,59
1192,295,28,59
1193,295,28,59
1194,296,28,60
1194,296,28,60
1195,296,28,60
1195,296,28,60
1196,296,28,60
1197,296,28,60
1197,296,28,60
1198,296,28,60
1198,296,28,60
1199,296,28,60
1200,296,26,60
1200,296,26,60
1200,296,26,60
1200,296,26,60
1200,296,26,60
1200,296,26,60
1200,296,26,60
1200,296,26,60
1200,296,26,60
1200,296,26,60
1200,296,35,58
1200,296,35,58
1201,296,35,58
1201,296,35,58
1202,296,35,58
1203,296,35,58
1203,296,35,58
1204,296,35,58
1204,296,35,58
1205,296,35,58
1206,297,27,57
1207,297,27,57
1208,298,27,57
1209,299,27,57
1210,300,27,57
1212,301,27,57
1213,301,27,57
1214,302,27,57
1215,303,27,57
1216,304,27,57
1218,305,33,59
1219,305,33,59
1220,305,33,59
1221,306,33,59
1222,306,33,59
1223,307,33,59
1224,307,33,59
1225,307,33,59
1226,308,33,59
1227,308,33,59
1228,309,25,59
1228,309,25,59
1228,309,25,59
1228,309,25,59
1229,309,25,59
1229,309,25,59
1229,309,25,59
1230,309,25,59
1230,309,25,59
1230,309,25,59
1231,309,34,59
1231,309,34,59
1232,309,34,59
1233,309,34,59
1234,309,34,59
1235,309,34,59
1235,309,34,59
1236,309,34,59
1237,309,34,59
1238,309,34,59
1239,309,34,61
1240,309,34,61
1241,309,34,61
1242,309,34,61
1243,309,34,61
1244,309,34,61
1245,309,34,61
1246,309,34,61
1247,309,34,61
1248,309,34,61
1249,309,26,61
1248,309,26,61
1248,309,26,61
1248,310,26,61
1248,310,26,61
1248,311,26,61
1247,311,26,61
1247,311,26,61
1247,312,26,61
1247,312,26,61
1247,313,37,55
1248,313,37,55
1250,313,37,55
1251,314,37,55
1253,314,37,55
1254,315,37,55
1256,315,37,55
1257,315,37,55
1259,316,37,55
1260,316,37,55
1262,317,25,57
1262,316,25,57
1262,316,25,57
1262,315,25,57
1263,315,25,57
1263,315,25,57
1263,314,25,57
1264,314,25,57
1264,313,25,57
1264,313,25,57
1265,313,37,55
1265,313,37,55
1266,313,37,55
1267,313,37,55
1268,313,37,55
1269,314,37,55
1269,314,37,55
1270,314,37,55
1271,314,37,55
1272,314,37,55
1273,315,37,57
1273,314,37,57
1274,313,37,57
1274,313,37,57
1275,312,37,57
1276,312,37,57
1276,311,37,57
1277,310,37,57
1277,310,37,57
1278,309,37,57
1279,309,29,65
1279,309,29,65
1280,309,29,65
1280,309,29,65
1281,309,29,65
1281,309,29,65
1282,309,29,65
1282,309,29,65
1283,309,29,65
1283,309,29,65
1284,309,26,67
1284,309,26,67
1284,309,26,67
1285,309,26,67
1285,309,26,67
1286,310,26,67
1286,310,26,67
1286,310,26,67
1287,310,26,67
1287,310,26,67
1288,311,26,67
1288,311,26,67
1288,312,26,67
1288,312,26,67
1288,313,26,67
1288,313,26,67
1288,314,26,67
1288,314,26,67
1288,315,26,67
1288,315,26,67
1289,316,29,55
1286,316,29,55
1284,316,29,55
1282,316,29,55
1280,317,29,55
1278,317,29,55
1276,317,29,55
1274,318,29,55
1272,318,29,55
1270,318,29,55
1268,319,33,53
1266,318,33,53
1265,318,33,53
1263,317,33,53
1262,317,33,53
1261,317,33,53
1259,316,33,53
1258,316,33,53
1256,315,33,53
1255,315,33,53
1254,315,31,57
1254,315,31,57
1254,315,31,57
1254,315,31,57
1254,315,31,57
1255,315,31,57
1255,315,31,57
1255,315,31,57
1255,315,31,57
1255,315,31,57
1256,316,27,55
1255,316,27,55
1255,317,27,55
1254,318,27,55
1254,319,27,55
1254,320,27,55
1253,320,27,55
1253,321,27,55
1252,322,27,55
1252,323,27,55
1252,324,33,53
1252,324,33,53
1252,324,33,53
1253,324,33,53
1253,325,33,53
1254,325,33,53
1254,325,33,53
1254,326,33,53
1255,326,33,53
1255,326,33,53
1256,327,29,53
1256,327,29,53
1256,327,29,53
1256,327,29,53
1256,327,29,53
1256,328,29,53
1256,328,29,53
1256,328,29,53
1256,328,29,53
1256,328,29,53
1256,329,29,47
1255,329,29,47
1255,329,29,47
1254,329,29,47
1254,329,29,47
1254,330,29,47
1253,330,29,47
1253,330,29,47
1252,330,29,47
1252,330,29,47
1252,331,35,47
1251,330,35,47
1251,329,35,47
1250,329,35,47
1250,328,35,47
1250,328,35,47
1249,327,35,47
1249,326,35,47
1248,326,35,47
1248,325,35,47
1248,325,34,57
1247,324,34,57
1247,323,34,57
1246,322,34,57
1246,322,34,57
1245,321,34,57
1245,320,34,57
1244,320,34,57
1244,319,34,57
1243,318,34,57
1243,318,32,65
1243,317,32,65
1243,317,32,65
1243,316,32,65
1243,316,32,65
1243,315,32,65
1243,315,32,65
1243,314,32,65
1243,314,32,65
1243,313,32,65
1243,313,26,63
1242,312,26,63
1241,312,26,63
1241,311,26,63
1240,311,26,63
1240,311,26,63
1239,310,26,63
1238,310,26,63
1238,309,26,63
1237,309,26,63
1237,309,28,65
1237,308,28,65
1237,308,28,65
1237,307,28,65
1237,307,28,65
1238,307,28,65
1238,306,28,65
1238,306,28,65
1238,305,28,65
1238,305,28,65
1239,305,30,63
1238,305,30,63
1238,305,30,63
1238,305,30,63
1237,305,30,63
1237,305,30,63
1237,305,30,63
1236,305,30,63
1236,305,30,63
1236,305,30,63
1236,305,27,65
1235,304,27,65
1235,304,27,65
1234,303,27,65
1234,303,27,65
1234,302,27,65
1233,302,27,65
1233,301,27,65
1232,301,27,65
1232,300,27,65
1232,300,25,62
1231,300,25,62
1231,300,25,62
1231,301,25,62
1231,301,25,62
1231,302,25,62
1230,302,25,62
1230,302,25,62
1230,303,25,62
1230,303,25,62
1230,304,27,60
1229,303,27,60
1229,303,27,60
1229,302,27,60
1229,302,27,60
1229,302,27,60
1228,301,27,60
1228,301,27,60
1228,300,27,60
1228,300,27,60
1228,300,27,62
1228,299,27,62
1228,299,27,62
1228,299,27,62
1228,299,27,62
1229,299,27,62
1229,298,27,62
1229,298,27,62
1229,298,27,62
1229,298,27,62
1230,298,23,62
1230,298,23,62
1230,298,23,62
1230,298,23,62
1230,298,23,62
1231,298,23,62
1231,298,23,62
1231,298,23,62
1231,298,23,62
1231,298,23,62
1232,298,23,62
1231,297,23,62
1231,297,23,62
1231,297,23,62
1231,297,23,62
1231,297,23,62
1230,296,23,62
1230,296,23,62
1230,296,23,62
1230,296,23,62
1230,296,25,64
1230,295,25,64
1230,295,25,64
1230,295,25,64
1230,295,25,64
1231,295,25,64
1231,294,25,64
1231,294,25,64
1231,294,25,64
1231,294,25,64
1232,294,27,64
1231,294,27,64
1231,294,27,64
1231,294,27,64
1231,294,27,64
1231,294,27,64
1230,294,27,64
1230,294,27,64
1230,294,27,64
1230,294,27,64
1230,294,25,62
1229,294,25,62
1228,294,25,62
1228,294,25,62
1227,294,25,62
1227,295,25,62
1226,295,25,62
1225,295,25,62
1225,295,25,62
1224,295,25,62
1224,296,25,64
1222,295,25,64
1221,295,25,64
1219,294,25,64
1218,294,25,64
1216,294,25,64
1215,293,25,64
1213,293,25,64
1212,292,25,64
1210,292,25,64
1209,292,26,64
1207,292,26,64
1206,292,26,64
1205,292,26,64
1203,292,26,64
1202,292,26,64
1201,292,26,64
1199,292,26,64
1198,292,26,64
1197,292,26,64
1196,292,24,63
1195,292,24,63
1194,292,24,63
1194,292,24,63
1193,292,24,63
1193,292,24,63
1192,292,24,63
1191,292,24,63
1191,292,24,63
1190,292,24,63
1190,292,24,62
1189,291,24,62
1189,291,24,62
1188,291,24,62
1188,291,24,62
1188,291,24,62
1187,290,24,62
1187,290,24,62
1186,290,24,62
1186,290,24,62
1186,290,26,61
1186,290,26,61
1187,290,26,61
1187,290,26,61
1188,290,26,61
1189,291,26,61
1189,291,26,61
1190,291,26,61
1190,291,26,61
1191,291,26,61
1192,292,32,66
1194,292,32,66
1196,292,32,66
1198,292,32,66
1200,292,32,66
1203,292,32,66
1205,292,32,66
1207,292,32,66
1209,292,32,66
1211,292,32,66
1214,292,27,59
1216,291,27,59
1218,291,27,59
1220,291,27,59
1222,291,27,59
1224,291,27,59
1226,290,27,59
1228,290,27,59
1230,290,27,59
1232,290,27,59
1235,290,24,65
1237,290,24,65
1239,290,24,65
1241,290,24,65
1243,290,24,65
1245,290,24,65
1247,290,24,65
1249,290,24,65
1251,290,24,65
1253,290,24,65
1255,290,22,65
1256,289,22,65
1257,289,22,65
1258,289,22,65
1259,289,22,65
1260,289,22,65
1261,288,22,65
1262,288,22,65
1263,288,22,65
1264,288,22,65
1265,288,29,65
1266,288,29,65
1267,288,29,65
1268,288,29,65
1269,288,29,65
1271,288,29,65
1272,288,29,65
1273,288,29,65
1274,288,29,65
1275,288,29,65
1277,288,25,65
1277,287,25,65
1277,287,25,65
1277,287,25,65
1278,287,25,65
1278,287,25,65
1278,286,25,65
1279,286,25,65
1279,286,25,65
1279,286,25,65
1280,286,30,65
1280,285,30,65
1280,285,30,65
1280,285,30,65
1281,285,30,65
1281,285,30,65
1281,284,30,65
1282,284,30,65
1282,284,30,65
1282,284,30,65
1283,284,25,63
1282,284,25,63
1281,284,25,63
1280,284,25,63
1279,284,25,63
1278,284,25,63
1277,284,25,63
1276,284,25,63
1275,284,25,63
1274,284,25,63
1273,284,25,63
1271,283,25,63
1270,283,25,63
1268,283,25,63
1267,283,25,63
1265,283,25,63
1264,282,25,63
1262,282,25,63
1261,282,25,63
1259,282,25,63
1258,282,28,61
1257,282,28,61
1257,282,28,61
1256,282,28,61
1256,282,28,61
1255,283,28,61
1255,283,28,61
1254,283,28,61
1254,283,28,61
1253,283,28,61
1253,284,24,55
1252,283,24,55
1252,282,24,55
1252,282,24,55
1251,281,24,55
1251,281,24,55
1251,280,24,55
1250,279,24,55
1250,279,24,55
1250,278,24,55
1250,278,28,57
1250,278,28,57
1250,278,28,57
1250,278,28,57
1251,278,28,57
1251,279,28,57
1251,279,28,57
1252,279,28,57
1252,279,28,57
1252,279,28,57
1253,280,26,53
1253,279,26,53
1254,279,26,53
1255,278,26,53
1255,278,26,53
1256,278,26,53
1257,277,26,53
1257,277,26,53
1258,276,26,53
1259,276,26,53
1260,276,24,59
1244,271,24,59
1228,267,24,59
1212,263,24,59
1196,258,24,59
1180,254,24,59
1164,250,24,59
1148,245,24,59
1132,241,24,59
1116,237,24,59
1100,233,30,55
1100,232,30,55
1100,232,30,55
1100,232,30,55
1100,232,30,55
1100,232,30,55
1100,231,30,55
1100,231,30,55
1100,231,30,55
1100,231,30,55
1100,231,28,55
1100,230,28,55
1101,230,28,55
1102,230,28,55
1103,230,28,55
1104,230,28,55
1105,229,28,55
1106,229,28,55
1107,229,28,55
1108,229,28,55
1109,229,24,51
1108,228,24,51
1107,228,24,51
1107,228,24,51
1106,228,24,51
1106,228,24,51
1105,228,24,51
1104,228,24,51
1104,228,24,51
1103,228,24,51
1103,228,30,51
1102,228,30,51
1102,228,30,51
1102,229,30,51
1102,229,30,51
1102,230,30,51
1102,230,30,51
1102,230,30,51
1102,231,30,51
1102,231,30,51
1102,232,29,45
1101,232,29,45
1100,232,29,45
1100,232,29,45
1099,232,29,45
1099,232,29,45
1098,232,29,45
1097,232,29,45
1097,232,29,45
1096,232,29,45
1096,233,31,49
1096,233,31,49
1096,233,31,49
1097,233,31,49
1097,233,31,49
1098,233,31,49
1098,233,31,49
1098,233,31,49
1099,233,31,49
1099,233,31,49
1100,233,33,49
1101,232,33,49
1102,231,33,49
1104,230,33,49
1105,229,33,49
1107,228,33,49
1108,227,33,49
1109,226,33,49
1111,225,33,49
1112,224,33,49
1114,223,35,55
1115,223,35,55
1116,223,35,55
1117,223,35,55
1118,223,35,55
1119,223,35,55
1120,223,35,55
1121,223,35,55
1122,223,35,55
1123,223,35,55
1124,223,33,59
1124,222,33,59
1124,222,33,59
1125,221,33,59
1125,221,33,59
1126,221,33,59
1126,220,33,59
1126,220,33,59
1127,219,33,59
1127,219,33,59
1128,219,31,57
1126,218,31,57
1125,217,31,57
1123,217,31,57
1122,216,31,57
1120,216,31,57
1119,215,31,57
1117,214,31,57
1116,214,31,57
1114,213,31,57
1113,213,24,63
1111,213,24,63
1110,213,24,63
1109,213,24,63
1108,213,24,63
1107,213,24,63
1106,213,24,63
1105,213,24,63
1104,213,24,63
1103,213,24,63
1102,213,26,59
1102,212,26,59
1102,212,26,59
1102,211,26,59
1103,211,26,59
1103,211,26,59
1103,210,26,59
1104,210,26,59
1104,209,26,59
1104,209,26,59
1105,209,25,61
1105,208,25,61
1106,207,25,61
1106,207,25,61
1107,206,25,61
1107,206,25,61
1108,205,25,61
1108,204,25,61
1109,204,25,61
1109,203,25,61
1110,203,27,63
1110,203,27,63
1111,203,27,63
1112,204,27,63
1112,204,27,63
1113,205,27,63
1114,205,27,63
1114,205,27,63
1115,206,27,63
1116,206,27,63
1117,207,25,65
1117,207,25,65
1117,207,25,65
1117,207,25,65
1117,207,25,65
1118,207,25,65
1118,207,25,65
1118,207,25,65
1118,207,25,65
1118,207,25,65
1119,207,27,61
1119,207,27,61
1119,207,27,61
1119,208,27,61
1119,208,27,61
1119,209,27,61
1119,209,27,61
1119,209,27,61
1119,210,27,61
1119,210,27,61
1119,211,27,55
1118,211,27,55
1118,211,27,55
1117,211,27,55
1117,211,27,55
1117,212,27,55
1116,212,27,55
1116,212,27,55
1115,212,27,55
1115,212,27,55
1115,213,24,57
1114,212,24,57
1113,212,24,57
1113,212,24,57
1112,212,24,57
1112,212,24,57
1111,211,24,57
1110,211,24,57
1110,211,24,57
1109,211,24,57
1109,211,28,63
1108,210,28,63
1107,210,28,63
1106,210,28,63
1106,210,28,63
1105,210,28,63
1104,209,28,63
1104,209,28,63
1103,209,28,63
1102,209,28,63
1102,209,26,63
1101,208,26,63
1101,208,26,63
1100,207,26,63
1100,207,26,63
1100,207,26,63
1099,206,26,63
1099,206,26,63
1098,205,26,63
1098,205,26,63
1098,205,30,63
1097,205,30,63
1097,206,30,63
1097,206,30,63
1097,207,30,63
1097,208,30,63
1096,208,30,63
1096,209,30,63
1096,209,30,63
1096,210,30,63
1096,211,28,61
1096,211,28,61
1096,211,28,61
1097,211,28,61
1097,211,28,61
1098,212,28,61
1098,212,28,61
1098,212,28,61
1099,212,28,61
1099,212,28,61
1100,213,24,61
1099,213,24,61
1098,213,24,61
1098,213,24,61
1097,214,24,61
1097,214,24,61
1096,214,24,61
1095,215,24,61
1095,215,24,61
1094,215,24,61
1094,216,28,63
1093,216,28,63
1092,216,28,63
1092,216,28,63
1091,216,28,63
1091,217,28,63
1090,217,28,63
1089,217,28,63
1089,217,28,63
1088,217,28,63
1088,218,28,61
1087,218,28,61
1087,218,28,61
1087,219,28,61
1087,219,28,61
1087,220,28,61
1086,220,28,61
1086,220,28,61
1086,221,28,61
1086,221,28,61
1086,222,32,59
1086,222,32,59
1086,222,32,59
1086,222,32,59
1087,222,32,59
1087,223,32,59
1087,223,32,59
1088,223,32,59
1088,223,32,59
1088,223,32,59
1089,224,31,57
1087,225,31,57
1085,226,31,57
1084,227,31,57
1082,228,31,57
1081,229,31,57
1079,230,31,57
1077,231,31,57
1076,232,31,57
1074,233,31,57
1073,235,31,51
1072,236,31,51
1071,237,31,51
1071,238,31,51
1070,239,31,51
1070,241,31,51
1069,242,31,51
1068,243,31,51
1068,244,31,51
1067,245,31,51
1067,247,33,45
1067,248,33,45
1068,249,33,45
1069,250,33,45
1069,251,33,45
1070,252,33,45
1071,253,33,45
1071,254,33,45
1072,255,33,45
1073,256,33,45
1074,257,36,43
1074,257,36,43
1075,257,36,43
1076,257,36,43
1077,257,36,43
1078,257,36,43
1078,257,36,43
1079,257,36,43
1080,257,36,43
1081,257,36,43
1082,257,36,45
1082,257,36,45
1083,257,36,45
1083,257,36,45
1084,258,36,45
1085,258,36,45
1085,258,36,45
1086,259,36,45
1086,259,36,45
1087,259,36,45
1088,260,37,44
1088,260,37,44
1089,261,37,44
1090,261,37,44
1091,262,37,44
1092,263,37,44
1093,263,37,44
1094,264,37,44
1095,264,37,44
1096,265,37,44
1097,266,37,41
1097,266,37,41
1098,266,37,41
1098,267,37,41
1099,267,37,41
1099,268,37,41
1100,268,37,41
1100,268,37,41
1101,269,37,41
1101,269,37,41
1102,270,39,41
1102,270,39,41
1103,270,39,41
1104,270,39,41
1105,270,39,41
1106,271,39,41
1106,271,39,41
1107,271,39,41
1108,271,39,41
1109,271,39,41
1110,272,43,43
1111,271,43,43
1112,271,43,43
1113,271,43,43
1114,271,43,43
1116,271,43,43
1117,270,43,43
1118,270,43,43
1119,270,43,43
1120,270,43,43
1122,270,41,49
1124,270,41,49
1127,271,41,49
1129,271,41,49
1132,272,41,49
1134,272,41,49
1137,273,41,49
1139,273,41,49
1142,274,41,49
1144,274,41,49
1147,275,37,51
1148,274,37,51
1149,273,37,51
1151,273,37,51
1152,272,37,51
1154,272,37,51
1155,271,37,51
1156,270,37,51
1158,270,37,51
1159,269,37,51
1161,269,35,57
1162,268,35,57
1164,268,35,57
1166,268,35,57
1167,268,35,57
1169,268,35,57
1171,268,35,57
1172,268,35,57
1174,268,35,57
1176,268,35,57
1178,268,36,63
1179,268,36,63
1180,269,36,63
1181,269,36,63
1182,270,36,63
1183,271,36,63
1184,271,36,63
1185,272,36,63
1186,272,36,63
1187,273,36,63
1188,274,33,61
1189,274,33,61
1190,275,33,61
1191,275,33,61
1192,276,33,61
1193,277,33,61
1194,277,33,61
1195,278,33,61
1196,278,33,61
1197,279,33,61
1198,280,33,59
1199,280,33,59
1200,281,33,59
1201,281,33,59
1202,282,33,59
1203,283,33,59
1204,283,33,59
1205,284,33,59
1206,284,33,59
1207,285,33,59
1209,286,37,59
1209,286,37,59
1210,287,37,59
1211,287,37,59
1211,288,37,59
1212,289,37,59
1213,289,37,59
1213,290,37,59
1214,290,37,59
1215,291,37,59
1216,292,31,59
1217,292,31,59
1218,293,31,59
1219,294,31,59
1220,295,31,59
1221,296,31,59
1222,296,31,59
1223,297,31,59
1224,298,31,59
1225,299,31,59
1227,300,34,56
1227,300,34,56
1228,301,34,56
1229,301,34,56
1230,302,34,56
1231,302,34,56
1231,303,34,56
1232,303,34,56
1233,304,34,56
1234,304,34,56
1235,305,32,57
1235,305,32,57
1235,305,32,57
1235,305,32,57
1235,305,32,57
1236,306,32,57
1236,306,32,57
1236,306,32,57
1236,306,32,57
1236,306,32,57
1237,307,34,61
1236,307,34,61
1236,307,34,61
1235,308,34,61
1235,308,34,61
1234,309,34,61
1234,309,34,61
1233,309,34,61
1233,310,34,61
1232,310,34,61
1232,311,35,59
1229,311,35,59
1227,311,35,59
1225,311,35,59
1223,311,35,59
1221,311,35,59
1219,311,35,59
1217,311,35,59
1215,311,35,59
1213,311,35,59
1211,311,35,61
1208,311,35,61
1206,312,35,61
1203,313,35,61
1201,314,35,61
1199,315,35,61
1196,315,35,61
1194,316,35,61
1191,317,35,61
1189,318,35,61
1187,319,35,59
1185,319,35,59
1183,319,35,59
1181,319,35,59
1179,320,35,59
1177,320,35,59
1175,320,35,59
1173,321,35,59
1171,321,35,59
1169,321,35,59
1167,322,37,57
1165,322,37,57
1163,323,37,57
1161,324,37,57
1159,324,37,57
1157,325,37,57
1155,326,37,57
1153,326,37,57
1151,327,37,57
1149,328,37,57
1148,329,34,55
1147,329,34,55
1146,329,34,55
1145,330,34,55
1144,330,34,55
1143,331,34,55
1142,331,34,55
1141,331,34,55
1140,332,34,55
1139,332,34,55
1139,333,34,61
1138,333,34,61
1137,334,34,61
1136,334,34,61
1135,335,34,61
1134,336,34,61
1133,336,34,61
1132,337,34,61
1131,337,34,61
1130,338,34,61
1129,339,38,53
1129,339,38,53
1129,339,38,53
1130,339,38,53
1130,339,38,53
1131,340,38,53
1131,340,38,53
1131,340,38,53
1132,340,38,53
1132,340,38,53
1133,341,38,53
1133,341,38,53
1134,341,38,53
1135,341,38,53
1136,341,38,53
1137,342,38,53
1138,342,38,53
1139,342,38,53
1140,342,38,53
1141,342,38,53
1142,343,40,53
1140,343,40,53
1139,344,40,53
1137,345,40,53
1136,346,40,53
1135,347,40,53
1133,347,40,53
1132,348,40,53
1130,349,40,53
1129,350,40,53
1128,351,39,47
1126,351,39,47
1124,351,39,47
1122,351,39,47
1120,351,39,47
1118,352,39,47
1116,352,39,47
1114,352,39,47
1112,352,39,47
1110,352,39,47
1108,353,41,52
1106,353,41,52
1105,353,41,52
1104,353,41,52
1103,354,41,52
1102,354,41,52
1100,354,41,52
1099,355,41,52
1098,355,41,52
1097,355,41,52
1096,356,40,51
1094,356,40,51
1093,357,40,51
1092,357,40,51
1090,358,40,51
1089,359,40,51
1088,359,40,51
1086,360,40,51
1085,360,40,51
1084,361,40,51
1083,362,43,47
1082,362,43,47
1082,362,43,47
1082,362,43,47
1081,362,43,47
1081,362,43,47
1081,362,43,47
1080,362,43,47
1080,362,43,47
1080,362,43,47
1080,362,42,49
1080,361,42,49
1081,361,42,49
1081,361,42,49
1082,361,42,49
1083,361,42,49
1083,360,42,49
1084,360,42,49
1084,360,42,49
1085,360,42,49
1086,360,41,49
1086,359,41,49
1087,358,41,49
1088,357,41,49
1089,356,41,49
1090,355,41,49
1091,354,41,49
1092,353,41,49
1093,352,41,49
1094,351,41,49
1095,351,45,55
1095,350,45,55
1096,349,45,55
1097,348,45,55
1098,347,45,55
1099,347,45,55
1099,346,45,55
1100,345,45,55
1101,344,45,55
1102,343,45,55
1103,343,37,59
1103,341,37,59
1103,340,37,59
1103,338,37,59
1103,337,37,59
1103,336,37,59
1103,334,37,59
1103,333,37,59
1103,331,37,59
1103,330,37,59
1103,329,35,61
1102,329,35,61
1101,329,35,61
1100,329,35,61
1100,330,35,61
1099,330,35,61
1098,330,35,61
1098,331,35,61
1097,331,35,61
1096,331,35,61
1096,332,39,55
1097,332,39,55
1098,333,39,55
1099,333,39,55
1100,334,39,55
1102,334,39,55
1103,335,39,55
1104,335,39,55
1105,336,39,55
1106,336,39,55
1108,337,39,53
1109,337,39,53
1110,338,39,53
1111,339,39,53
1112,340,39,53
1113,341,39,53
1114,341,39,53
1115,342,39,53
1116,343,39,53
1117,344,39,53
1118,345,45,49
1117,344,45,49
1117,343,45,49
1116,343,45,49
1116,342,45,49
1115,342,45,49
1115,341,45,49
1114,340,45,49
1114,340,45,49
1113,339,45,49
1113,339,39,49
1112,338,39,49
1111,337,39,49
1110,337,39,49
1110,336,39,49
1109,336,39,49
1108,335,39,49
1108,334,39,49
1107,334,39,49
1106,333,39,49
1106,333,31,53
1105,333,31,53
1105,333,31,53
1105,333,31,53
1105,333,31,53
1105,334,31,53
1105,334,31,53
1105,334,31,53
1105,334,31,53
1105,334,31,53
1105,335,31,53
1105,335,31,53
1105,335,31,53
1105,335,31,53
1105,335,31,53
1105,335,31,53
1105,335,31,53
1105,335,31,53
1105,335,31,53
1105,335,31,53
1106,335,27,55
1106,334,27,55
1106,334,27,55
1106,334,27,55
1107,334,27,55
1107,334,27,55
1107,333,27,55
1108,333,27,55
1108,333,27,55
1108,333,27,55
1109,333,29,55
1108,332,29,55
1108,332,29,55
1107,332,29,55
1107,332,29,55
1107,332,29,55
1106,331,29,55
1106,331,29,55
1105,331,29,55
1105,331,29,55
1105,331,29,57
1105,331,29,57
1105,331,29,57
1105,331,29,57
1105,331,29,57
1105,331,29,57
1105,331,29,57
1105,331,29,57
1105,331,29,57
1105,331,29,57
1105,331,33,55
1105,331,33,55
1105,331,33,55
1105,331,33,55
1105,331,33,55
1105,331,33,55
1105,331,33,55
1105,331,33,55
1105,331,33,55
1105,331,33,55
1105,331,31,59
1105,330,31,59
1105,329,31,59
1105,329,31,59
1105,328,31,59
1105,328,31,59
1105,327,31,59
1105,326,31,59
1105,326,31,59
1105,325,31,59
1106,325,33,61
1105,325,33,61
1105,325,33,61
1105,325,33,61
1105,325,33,61
1105,326,33,61
1104,326,33,61
1104,326,33,61
1104,326,33,61
1104,326,33,61
1104,327,27,59
1104,326,27,59
1104,326,27,59
1104,326,27,59
1104,326,27,59
1104,326,27,59
1104,325,27,59
1104,325,27,59
1104,325,27,59
1104,325,27,59
1105,325,31,61
1104,324,31,61
1104,324,31,61
1104,324,31,61
1103,324,31,61
1103,324,31,61
1103,323,31,61
1102,323,31,61
1102,323,31,61
1102,323,31,61
1102,323,29,59
1101,323,29,59
1101,323,29,59
1100,323,29,59
1100,323,29,59
1099,324,29,59
1099,324,29,59
1098,324,29,59
1098,324,29,59
1097,324,29,59
1097,325,33,55
1097,325,33,55
1097,325,33,55
1097,325,33,55
1097,326,33,55
1098,326,33,55
1098,326,33,55
1098,327,33,55
1098,327,33,55
1098,327,33,55
1099,328,37,53
1099,327,37,53
1099,327,37,53
1099,327,37,53
1099,327,37,53
1100,327,37,53
1100,327,37,53
1100,327,37,53
1100,327,37,53
1100,327,37,53
1101,327,39,51
1101,327,39,51
1101,327,39,51
1101,327,39,51
1101,327,39,51
1101,328,39,51
1101,328,39,51
1101,328,39,51
1101,328,39,51
1101,328,39,51
1101,329,35,53
1101,329,35,53
1101,329,35,53
1101,329,35,53
1101,329,35,53
1101,330,35,53
1101,330,35,53
1101,330,35,53
1101,330,35,53
1101,330,35,53
1102,331,35,55
1102,330,35,55
1102,330,35,55
1102,330,35,55
1103,330,35,55
1103,330,35,55
1103,329,35,55
1104,329,35,55
1104,329,35,55
1104,329,35,55
1105,329,29,55
1104,328,29,55
1104,328,29,55
1104,327,29,55
1104,327,29,55
1104,327,29,55
1103,326,29,55
1103,326,29,55
1103,325,29,55
1103,325,29,55
1103,325,31,61
1102,325,31,61
1102,325,31,61
1102,325,31,61
1102,325,31,61
1102,326,31,61
1101,326,31,61
1101,326,31,61
1101,326,31,61
1101,326,31,61
1101,327,33,59
1101,327,33,59
1101,327,33,59
1102,328,33,59
1102,328,33,59
1103,329,33,59
1103,329,33,59
1103,329,33,59
1104,330,33,59
1104,330,33,59
1105,331,32,53
1104,331,32,53
1104,331,32,53
1104,331,32,53
1104,331,32,53
1104,332,32,53
1103,332,32,53
1103,332,32,53
1103,332,32,53
1103,332,32,53
1103,333,31,55
1102,332,31,55
1102,332,31,55
1102,331,31,55
1102,331,31,55
1102,331,31,55
1102,330,31,55
1102,330,31,55
1102,329,31,55
1102,329,31,55
1102,329,31,57
1102,328,31,57
1102,328,31,57
1102,328,31,57
1102,328,31,57
1103,328,31,57
1103,327,31,57
1103,327,31,57
1103,327,31,57
1103,327,31,57
1104,327,29,59
1103,327,29,59
1103,327,29,59
1103,327,29,59
1103,327,29,59
1103,327,29,59
1103,327,29,59
1103,327,29,59
1103,327,29,59
1103,327,29,59
1103,327,27,59
1102,327,27,59
1102,327,27,59
1102,327,27,59
1102,327,27,59
1102,327,27,59
1101,327,27,59
1101,327,27,59
1101,327,27,59
1101,327,27,59
1101,327,33,57
1101,327,33,57
1101,327,33,57
1102,327,33,57
1102,327,33,57
1103,328,33,57
1103,328,33,57
1103,328,33,57
1104,328,33,57
1104,328,33,57
1105,329,33,59
1105,328,33,59
1105,328,33,59
1105,328,33,59
1105,328,33,59
1106,328,33,59
1106,327,33,59
1106,327,33,59
1106,327,33,59
1106,327,33,59
1107,327,30,57
1106,327,30,57
1106,327,30,57
1105,327,30,57
1105,327,30,57
1104,327,30,57
1104,327,30,57
1103,327,30,57
1103,327,30,57
1102,327,30,57
1102,327,34,55
1101,327,34,55
1100,327,34,55
1099,328,34,55
1099,328,34,55
1098,329,34,55
1097,329,34,55
1097,329,34,55
1096,330,34,55
1095,330,34,55
1095,331,39,51
1095,331,39,51
1096,331,39,51
1096,331,39,51
1097,331,39,51
1098,332,39,51
1098,332,39,51
1099,332,39,51
1099,332,39,51
1100,332,39,51
1101,333,39,49
1100,333,39,49
1100,333,39,49
1099,333,39,49
1099,333,39,49
1099,334,39,49
1098,334,39,49
1098,334,39,49
1097,334,39,49
1097,334,39,49
1097,335,39,43
1096,335,39,43
1096,336,39,43
1095,336,39,43
1095,337,39,43
1095,338,39,43
1094,338,39,43
1094,339,39,43
1093,339,39,43
1093,340,39,43
1093,341,43,41
1093,341,43,41
1093,341,43,41
1094,341,43,41
1094,341,43,41
1095,341,43,41
1095,341,43,41
1095,341,43,41
1096,341,43,41
1096,341,43,41
1097,341,45,37
1097,341,45,37
1097,341,45,37
1097,341,45,37
1097,341,45,37
1098,341,45,37
1098,341,45,37
1098,341,45,37
1098,341,45,37
1098,341,45,37
1099,341,43,39
1098,341,43,39
1097,341,43,39
1096,341,43,39
1096,341,43,39
1095,341,43,39
1094,341,43,39
1094,341,43,39
1093,341,43,39
1092,341,43,39
1092,341,43,41
1092,341,43,41
1092,341,43,41
1092,341,43,41
1092,341,43,41
1092,341,43,41
1092,341,43,41
1092,341,43,41
1092,341,43,41
1092,341,43,41
1092,341,45,41
1091,340,45,41
1091,340,45,41
1091,340,45,41
1091,340,45,41
1091,340,45,41
1090,339,45,41
1090,339,45,41
1090,339,45,41
1090,339,45,41
1090,339,43,37
1091,338,43,37
1092,338,43,37
1093,338,43,37
1095,337,43,37
1096,337,43,37
1097,337,43,37
1099,336,43,37
1100,336,43,37
1101,336,43,37
1103,336,33,38
1103,340,33,38
1103,345,33,38
1103,349,33,38
1103,354,33,38
1104,358,33,38
1104,363,33,38
1104,367,33,38
1104,372,33,38
1104,376,33,38
1105,381,29,37
1104,384,29,37
1104,387,29,37
1103,390,29,37
1103,393,29,37
1102,397,29,37
1102,400,29,37
1101,403,29,37
1101,406,29,37
1100,409,29,37
1100,413,31,36
1099,412,31,36
1099,412,31,36
1099,412,31,36
1099,412,31,36
1099,412,31,36
1098,411,31,36
1098,411,31,36
1098,411,31,36
1098,411,31,36
1098,411,31,38
1098,410,31,38
1098,410,31,38
1098,409,31,38
1098,409,31,38
1098,409,31,38
1098,408,31,38
1098,408,31,38
1098,407,31,38
1098,407,31,38
1098,407,29,42
1098,406,29,42
1098,406,29,42
1098,406,29,42
1098,405,29,42
1098,405,29,42
1098,405,29,42
1098,404,29,42
1098,404,29,42
1098,404,29,42
1098,404,31,45
1097,403,31,45
1097,403,31,45
1097,403,31,45
1097,403,31,45
1097,403,31,45
1096,402,31,45
1096,402,31,45
1096,402,31,45
1096,402,31,45
1096,402,35,45
1096,402,35,45
1096,402,35,45
1096,402,35,45
1096,402,35,45
1096,403,35,45
1096,403,35,45
1096,403,35,45
1096,403,35,45
1096,403,35,45
1096,404,33,47
1096,404,33,47
1096,404,33,47
1096,404,33,47
1096,404,33,47
1096,404,33,47
1096,404,33,47
1096,404,33,47
1096,404,33,47
1096,404,33,47
1096,404,33,45
1096,403,33,45
1096,403,33,45
1096,403,33,45
1096,403,33,45
1096,403,33,45
1096,402,33,45
1096,402,33,45
1096,402,33,45
1096,402,33,45
1096,402,31,49
1095,402,31,49
1095,402,31,49
1095,402,31,49
1095,403,31,49
1095,403,31,49
1094,403,31,49
1094,404,31,49
1094,404,31,49
1094,404,31,49
1094,405,35,40
1093,405,35,40
1093,405,35,40
1093,406,35,40
1093,406,35,40
1093,407,35,40
1092,407,35,40
1092,407,35,40
1092,408,35,40
1092,408,35,40
1092,409,35,38
1092,409,35,38
1092,409,35,38
1092,409,35,38
1092,409,35,38
1093,409,35,38
1093,409,35,38
1093,409,35,38
1093,409,35,38
1093,409,35,38
1094,409,33,36
1094,409,33,36
1095,409,33,36
1096,409,33,36
1097,409,33,36
1098,409,33,36
1098,409,33,36
1099,409,33,36
1100,409,33,36
1101,409,33,36
1102,409,29,40
1101,409,29,40
1101,409,29,40
1101,409,29,40
1101,409,29,40
1101,409,29,40
1100,409,29,40
1100,409,29,40
1100,409,29,40
1100,409,29,40
1100,409,29,40
1099,409,29,40
1099,409,29,40
1099,409,29,40
1098,409,29,40
1098,409,29,40
1098,409,29,40
1097,409,29,40
1097,409,29,40
1097,409,29,40
1097,409,33,36
1097,408,33,36
1097,408,33,36
1098,408,33,36
1098,408,33,36
1099,408,33,36
1099,407,33,36
1099,407,33,36
1100,407,33,36
1100,407,33,36
1101,407,29,44
1101,407,29,44
1101,407,29,44
1101,407,29,44
1101,407,29,44
1101,407,29,44
1101,407,29,44
1101,407,29,44
1101,407,29,44
1101,407,29,44
1102,407,31,50
1101,406,31,50
1101,406,31,50
1101,406,31,50
1100,406,31,50
1100,406,31,50
1100,406,31,50
1099,406,31,50
1099,406,31,50
1099,406,31,50
1099,406,30,47
1097,406,30,47
1095,406,30,47
1093,406,30,47
1091,406,30,47
1090,406,30,47
1088,406,30,47
1086,406,30,47
1084,406,30,47
1082,406,30,47
1081,406,31,51
1077,405,31,51
1074,405,31,51
1070,405,31,51
1067,405,31,51
1063,405,31,51
1060,405,31,51
1056,405,31,51
1053,405,31,51
1049,405,31,51
1046,405,29,48
1041,404,29,48
1037,404,29,48
1032,404,29,48
1028,404,29,48
1024,404,29,48
1019,404,29,48
1015,404,29,48
1010,404,29,48
1006,404,29,48
1002,404,29,51
996,403,29,51
990,403,29,51
985,403,29,51
979,403,29,51
974,403,29,51
968,402,29,51
962,402,29,51
957,402,29,51
951,402,29,51
946,402,29,51
942,402,29,51
939,402,29,51
936,402,29,51
933,402,29,51
930,403,29,51
926,403,29,51
923,403,29,51
920,403,29,51
917,403,29,51
914,404,29,54
914,404,29,54
914,404,29,54
915,404,29,54
915,404,29,54
916,404,29,54
916,404,29,54
916,404,29,54
917,404,29,54
917,404,29,54
918,405,29,51
917,405,29,51
917,405,29,51
917,405,29,51
917,405,29,51
917,406,29,51
917,406,29,51
917,406,29,51
917,406,29,51
917,406,29,51
917,407,27,51
917,406,27,51
917,406,27,51
917,406,27,51
917,406,27,51
917,406,27,51
917,405,27,51
917,405,27,51
917,405,27,51
917,405,27,51
918,405,29,51
918,404,29,51
918,404,29,51
918,404,29,51
918,404,29,51
919,404,29,51
919,403,29,51
919,403,29,51
919,403,29,51
919,403,29,51
920,403,29,51
919,402,29,51
919,402,29,51
919,402,29,51
919,402,29,51
919,402,29,51
918,401,29,51
918,401,29,51
918,401,29,51
918,401,29,51
918,401,27,49
918,401,27,49
918,401,27,49
918,402,27,49
918,402,27,49
918,403,27,49
918,403,27,49
918,403,27,49
918,404,27,49
918,404,27,49
918,405,31,48
917,405,31,48
917,405,31,48
916,405,31,48
916,405,31,48
916,406,31,48
915,406,31,48
915,406,31,48
914,406,31,48
914,406,31,48
914,407,35,44
914,407,35,44
914,407,35,44
914,407,35,44
914,407,35,44
915,407,35,44
915,407,35,44
915,407,35,44
915,407,35,44
915,407,35,44
916,407,33,46
923,401,33,46
931,396,33,46
938,391,33,46
946,385,33,46
954,380,33,46
961,375,33,46
969,369,33,46
976,364,33,46
984,359,33,46
992,354,32,51
992,353,32,51
992,353,32,51
992,353,32,51
992,353,32,51
993,353,32,51
993,352,32,51
993,352,32,51
993,352,32,51
993,352,32,51
994,352,30,51
993,352,30,51
993,352,30,51
993,352,30,51
993,352,30,51
993,353,30,51
992,353,30,51
992,353,30,51
992,353,30,51
992,353,30,51
992,354,30,53
992,353,30,53
992,353,30,53
992,353,30,53
992,353,30,53
992,353,30,53
992,352,30,53
992,352,30,53
992,352,30,53
992,352,30,53
992,352,34,53
992,352,34,53
992,352,34,53
992,352,34,53
992,352,34,53
992,352,34,53
992,352,34,53
992,352,34,53
992,352,34,53
992,352,34,53
992,352,32,46
992,352,32,46
992,352,32,46
992,352,32,46
992,352,32,46
992,352,32,46
992,352,32,46
992,352,32,46
992,352,32,46
992,352,32,46
992,352,30,51
992,352,30,51
992,352,30,51
992,352,30,51
992,352,30,51
992,353,30,51
992,353,30,51
992,353,30,51
992,353,30,51
992,353,30,51
992,354,30,47
992,354,30,47
992,354,30,47
993,354,30,47
993,354,30,47
994,354,30,47
994,354,30,47
994,354,30,47
995,354,30,47
995,354,30,47
996,354,30,47
996,353,30,47
996,353,30,47
996,353,30,47
996,353,30,47
996,353,30,47
996,352,30,47
996,352,30,47
996,352,30,47
996,352,30,47
996,352,32,49
995,352,32,49
995,352,32,49
995,352,32,49
995,352,32,49
995,352,32,49
994,352,32,49
994,352,32,49
994,352,32,49
994,352,32,49
994,352,30,51
994,352,30,51
994,352,30,51
994,352,30,51
994,352,30,51
994,353,30,51
994,353,30,51
994,353,30,51
994,353,30,51
994,353,30,51
994,354,30,45
994,354,30,45
994,354,30,45
994,354,30,45
994,354,30,45
994,355,30,45
994,355,30,45
994,355,30,45
994,355,30,45
994,355,30,45
994,356,28,46
994,356,28,46
994,356,28,46
994,356,28,46
994,356,28,46
995,356,28,46
995,356,28,46
995,356,28,46
995,356,28,46
995,356,28,46
996,356,32,49
995,355,32,49
995,355,32,49
995,355,32,49
995,355,32,49
995,355,32,49
994,354,32,49
994,354,32,49
994,354,32,49
994,354,32,49
994,354,32,49
994,354,32,49
994,354,32,49
994,354,32,49
994,354,32,49
994,355,32,49
994,355,32,49
994,355,32,49
994,355,32,49
994,355,32,49
994,356,32,49
993,355,32,49
993,355,32,49
992,355,32,49
992,355,32,49
992,355,32,49
991,354,32,49
991,354,32,49
990,354,32,49
990,354,32,49
990,354,32,49
990,354,32,49
990,354,32,49
990,354,32,49
990,354,32,49
991,355,32,49
991,355,32,49
991,355,32,49
991,355,32,49
991,355,32,49
992,356,32,49
992,356,32,49
992,356,32,49
992,356,32,49
992,356,32,49
992,357,32,49
992,357,32,49
992,357,32,49
992,357,32,49
992,357,32,49
992,358,32,49
991,358,32,49
991,358,32,49
991,358,32,49
991,358,32,49
991,359,32,49
990,359,32,49
990,359,32,49
990,359,32,49
990,359,32,49
990,360,32,49
990,359,32,49
990,359,32,49
990,359,32,49
990,359,32,49
991,359,32,49
991,358,32,49
991,358,32,49
991,358,32,49
991,358,32,49
992,358,32,49
992,358,32,49
992,358,32,49
992,358,32,49
992,358,32,49
992,358,32,49
992,358,32,49
992,358,32,49
992,358,32,49
992,358,32,49
992,358,32,49
991,357,32,49
991,357,32,49
991,357,32,49
991,357,32,49
991,357,32,49
990,356,32,49
990,356,32,49
990,356,32,49
990,356,32,49
990,356,32,49
989,356,32,49
989,356,32,49
989,356,32,49
989,356,32,49
989,356,32,49
988,356,32,49
988,356,32,49
988,356,32,49
988,356,32,49
988,356,32,49
988,355,32,49
988,355,32,49
988,355,32,49
988,355,32,49
989,355,32,49
989,354,32,49
989,354,32,49
989,354,32,49
989,354,32,49
990,354,32,49
989,354,32,49
989,354,32,49
989,355,32,49
989,355,32,49
989,356,32,49
988,356,32,49
988,356,32,49
988,357,32,49
988,357,32,49
988,358,32,49
988,358,32,49
988,358,32,49
988,358,32,49
988,358,32,49
989,358,32,49
989,358,32,49
989,358,32,49
989,358,32,49
989,358,32,49
990,358,32,49
989,358,32,49
989,358,32,49
989,358,32,49
989,358,32,49
989,358,32,49
988,358,32,49
988,358,32,49
988,358,32,49
988,358,32,49
988,358,32,49
988,358,32,49
988,358,32,49
988,358,32,49
988,358,32,49
989,359,32,49
989,359,32,49
989,359,32,49
989,359,32,49
989,359,32,49
990,360,32,49
990,360,32,49
990,360,32,49
990,360,32,49
990,360,32,49
991,360,32,49
991,360,32,49
991,360,32,49
991,360,32,49
991,360,32,49
992,360,32,49
991,360,32,49
991,360,32,49
990,360,32,49
990,360,32,49
990,360,32,49
989,360,32,49
989,360,32,49
988,360,32,49
988,360,32,49
988,360,32,49
988,360,32,49
988,360,32,49
988,360,32,49
988,360,32,49
988,360,32,49
988,360,32,49
988,360,32,49
988,360,32,49
988,360,32,49
988,360,32,49
988,359,32,49
988,359,32,49
988,359,32,49
988,359,32,49
989,359,32,49
989,359,32,49
989,359,32,49
989,359,32,49
989,359,32,49
990,359,32,49
989,359,32,49
989,359,32,49
988,359,32,49
988,359,32,49
988,359,32,49
987,359,32,49
987,359,32,49
986,359,32,49
986,359,32,49
986,360,32,49
986,360,32,49
986,360,32,49
986,360,32,49
986,360,32,49
986,360,32,49
986,360,32,49
986,360,32,49
986,360,32,49
986,360,32,49
986,360,32,49
986,360,32,49
986,360,32,49
986,360,32,49
986,360,32,49
986,360,32,49
986,360,32,49
986,360,32,49
986,360,32,49
986,360,32,49
986,360,32,49
986,360,32,49
986,360,32,49
986,360,32,49
986,360,32,49
986,360,32,49
986,360,32,49
986,360,32,49
986,360,32,49
986,360,32,49
986,360,32,49
986,360,32,49
986,360,32,49
986,360,32,49
986,360,32,49
986,360,32,49
986,360,32,49
986,360,32,49
986,360,32,49
986,360,32,49
986,360,32,49
986,360,32,49
986,360,32,49
986,360,32,49
986,360,32,49
986,360,32,49
986,360,32,49
986,360,32,49
986,360,32,49
986,360,32,49
986,360,32,49
986,360,32,49
986,360,32,49
986,360,32,49
986,360,32,49
986,360,32,49
986,360,32,49
986,360,32,49
986,360,32,49
986,360,32,49
986,360,32,49
986,360,32,49
986,360,32,49
986,360,32,49
986,360,32,49
986,360,32,49
986,360,32,49
986,360,32,49
986,360,32,49
986,360,32,49
986,360,32,49
986,360,32,49
986,360,32,49
986,360,32,49
986,360,32,49
986,360,32,49
986,360,32,49
986,360,32,49
986,360,32,49
986,360,32,49
986,360,32,49
986,360,32,49
986,360,32,49
986,360,32,49
986,360,32,49
986,360,32,49
986,360,32,49
986,360,32,49
986,360,32,49
986,360,32,49
986,360,32,49
986,360,32,49
986,360,32,49
986,360,32,49
986,360,32,49
986,360,32,49
986,360,32,49
986,360,32,49
986,360,32,49
986,360,32,49
986,360,32,49
986,360,32,49
986,360,32,49
986,360,32,49
986,360,32,49
986,360,32,49
986,360,32,49
986,360,32,49
986,360,32,49
986,360,32,49
986,360,32,49
986,360,32,49
986,360,32,49
986,360,32,49
986,360,32,49
986,360,32,49
986,360,32,49
986,360,32,49
986,360,32,49
986,360,32,49
986,360,32,49
986,360,32,49
986,360,32,49
986,360,32,49
986,360,32,49
986,360,32,49
986,360,32,49
986,360,32,49
986,360,32,49
986,360,32,49
986,360,32,49
986,360,32,49
986,360,32,49
986,360,32,49
986,360,32,49
986,360,32,49
986,360,32,49
986,360,32,49
986,360,32,49
986,360,32,49
986,360,32,49
986,360,32,49
986,360,32,49
986,360,32,49
986,360,32,49
986,360,32,49
986,360,32,49
986,360,32,49
986,360,32,49
986,360,32,49
986,360,32,49
986,360,32,49
986,360,32,49
986,360,32,49
986,360,32,49
986,360,32,49
986,360,32,49
986,360,32,49
986,360,32,49
986,360,32,49
986,360,32,49
986,360,32,49
986,360,32,49
986,360,32,49
986,360,32,49
986,360,32,49
986,360,32,49
986,360,32,49
986,360,32,49
986,360,32,49
986,360,32,49
986,360,32,49
986,360,32,49
986,360,32,49
986,360,32,49
986,360,32,49
986,360,32,49
986,360,32,49
986,360,32,49
986,360,32,49
986,360,32,49
986,360,32,49
986,360,32,49
986,360,32,49
986,360,32,49
986,360,32,49
986,360,32,49
986,360,32,49
986,360,32,49
986,360,32,49
986,360,32,49
986,360,32,49
986,360,32,49
986,360,32,49
986,360,32,49
986,360,32,49
986,360,32,49
986,360,32,49
986,360,32,49
986,360,32,49
986,360,32,49
986,360,32,49
986,360,32,49
986,360,32,49
986,360,32,49
986,360,32,49
986,360,32,49
986,360,32,49
986,360,32,49
986,360,32,49
986,360,32,49
986,360,32,49
986,360,32,49
987,360,32,49
987,360,32,49
988,360,32,49
988,360,32,49
988,360,32,49
989,360,32,49
989,360,32,49
990,360,32,49
990,360,32,49
990,360,32,49
990,361,32,49
990,361,32,49
990,362,32,49
990,362,32,49
990,362,32,49
990,363,32,49
990,363,32,49
990,364,32,49
990,364,32,49
990,364,32,49
990,364,32,49
990,364,32,49
990,364,32,49
990,364,32,49
990,364,32,49
990,364,32,49
990,364,32,49
990,364,32,49
990,364,32,49
990,364,32,49
990,364,32,49
990,364,32,49
991,364,32,49
991,364,32,49
991,364,32,49
991,364,32,49
991,364,32,49
992,364,32,49
992,363,32,49
992,363,32,49
992,362,32,49
992,362,32,49
992,362,32,49
992,361,32,49
992,361,32,49
992,360,32,49
992,360,32,49
992,360,32,49
992,360,32,49
992,360,32,49
992,360,32,49
992,360,32,49
992,360,32,49
992,360,32,49
992,360,32,49
992,360,32,49
992,360,32,49
992,360,32,49
992,360,32,49
992,360,32,49
992,360,32,49
992,360,32,49
992,360,32,49
992,360,32,49
992,360,32,49
992,360,32,49
992,360,32,49
992,360,32,49
992,360,32,49
992,360,32,49
992,360,32,49
992,360,32,49
992,360,32,49
992,360,32,49
992,360,32,49
992,360,32,49
992,360,32,49
992,360,32,49
992,360,32,49
992,360,32,49
992,360,32,49
992,360,32,49
992,360,32,49
992,360,32,49
992,360,32,49
992,360,32,49
992,360,32,49
992,360,32,49
992,360,32,49
992,360,32,49
992,360,32,49
992,360,32,49
992,360,32,49
992,360,32,49
992,360,32,49
992,360,32,49
992,360,32,49
992,360,32,49
992,360,32,49
992,360,32,49
992,360,32,49
992,360,32,49
992,360,32,49
992,360,32,49
992,360,32,49
992,360,32,49
992,360,32,49
992,360,32,49
992,360,32,49
992,360,32,49
992,360,32,49
992,360,32,49
992,360,32,49
992,360,32,49
992,360,32,49
992,360,32,49
992,360,32,49
992,360,32,49
992,360,32,49
992,360,32,49
992,360,32,49
992,360,32,49
992,360,32,49
992,360,32,49
992,360,32,49
992,360,32,49
992,360,32,49
992,360,32,49
992,360,32,49
992,360,32,49
992,360,32,49
992,360,32,49
992,360,32,49
992,360,32,49
992,360,32,49
992,360,32,49
992,360,32,49
992,360,32,49
992,360,32,49
992,360,32,49
992,360,32,49
992,360,32,49
992,360,32,49
992,360,32,49
992,360,32,49
992,360,32,49
992,360,32,49
992,360,32,49
992,360,32,49
992,360,32,49
992,360,32,49
992,360,32,49
992,360,32,49
992,360,32,49
992,360,32,49
992,360,32,49
992,360,32,49
992,360,32,49
992,360,32,49
992,360,32,49
992,360,32,49
992,360,32,49
992,360,32,49
992,360,32,49
992,360,32,49
992,360,32,49
992,360,32,49
992,360,32,49
992,360,32,49
992,360,32,49
992,360,32,49
992,360,32,49
992,360,32,49
992,360,32,49
992,360,32,49
992,360,32,49
992,360,32,49
992,360,32,49
992,360,32,49
992,360,32,49
992,360,32,49
992,360,32,49
992,360,32,49
992,360,32,49
992,360,32,49
992,360,32,49
992,360,32,49
992,360,32,49
992,360,32,49
992,360,32,49
992,360,32,49
992,360,32,49
992,360,32,49
992,360,32,49
