1070,502,30,85
1070,499,30,85
1070,497,30,85
1070,495,30,85
1070,493,30,85
1071,491,30,85
1071,489,30,85
1071,487,30,85
1071,485,30,85
1071,483,30,85
1072,481,30,84
1071,480,30,84
1071,480,30,84
1070,479,30,84
1070,479,30,84
1070,479,30,84
1069,478,30,84
1069,478,30,84
1068,477,30,84
1068,477,30,84
1068,477,31,81
1067,477,31,81
1067,477,31,81
1067,477,31,81
1066,477,31,81
1066,477,31,81
1066,477,31,81
1065,477,31,81
1065,477,31,81
1065,477,31,81
1065,477,29,81
1064,476,29,81
1064,476,29,81
1064,476,29,81
1064,476,29,81
1064,476,29,81
1063,476,29,81
1063,476,29,81
1063,476,29,81
1063,476,29,81
1063,476,28,83
1063,475,28,83
1063,474,28,83
1063,474,28,83
1063,473,28,83
1064,473,28,83
1064,472,28,83
1064,471,28,83
1064,471,28,83
1064,470,28,83
1065,470,26,82
1064,469,26,82
1063,469,26,82
1063,469,26,82
1062,469,26,82
1062,469,26,82
1061,468,26,82
1060,468,26,82
1060,468,26,82
1059,468,26,82
1059,468,35,78
1058,468,35,78
1058,468,35,78
1058,468,35,78
1057,468,35,78
1057,468,35,78
1057,468,35,78
1056,468,35,78
1056,468,35,78
1056,468,35,78
1056,468,29,76
1055,467,29,76
1054,467,29,76
1054,467,29,76
1053,467,29,76
1053,467,29,76
1052,467,29,76
1051,467,29,76
1051,467,29,76
1050,467,29,76
1050,467,26,77
1049,466,26,77
1049,466,26,77
1049,466,26,77
1048,466,26,77
1048,466,26,77
1048,465,26,77
1047,465,26,77
1047,465,26,77
1047,465,26,77
1047,465,26,83
1046,464,26,83
1046,464,26,83
1046,464,26,83
1046,463,26,83
1046,463,26,83
1045,463,26,83
1045,462,26,83
1045,462,26,83
1045,462,26,83
1045,462,27,80
1043,462,27,80
1042,462,27,80
1041,462,27,80
1040,463,27,80
1039,463,27,80
1037,463,27,80
1036,464,27,80
1035,464,27,80
1034,464,27,80
1033,465,35,74
1033,465,35,74
1033,465,35,74
1033,465,35,74
1034,465,35,74
1034,465,35,74
1034,465,35,74
1035,465,35,74
1035,465,35,74
1035,465,35,74
1036,466,26,76
1035,466,26,76
1034,466,26,76
1033,466,26,76
1032,466,26,76
1031,466,26,76
1030,466,26,76
1029,466,26,76
1028,466,26,76
1027,466,26,76
1027,467,29,81
1026,466,29,81
1026,466,29,81
1026,465,29,81
1026,465,29,81
1026,465,29,81
1025,464,29,81
1025,464,29,81
1025,463,29,81
1025,463,29,81
1025,463,26,78
1021,461,26,78
1018,460,26,78
1015,458,26,78
1012,457,26,78
1009,456,26,78
1006,454,26,78
1003,453,26,78
1000,451,26,78
997,450,26,78
994,449,30,81
993,448,30,81
993,448,30,81
993,447,30,81
993,447,30,81
993,447,30,81
993,446,30,81
993,446,30,81
993,445,30,81
993,445,30,81
993,445,28,78
992,444,28,78
992,444,28,78
991,444,28,78
991,444,28,78
990,444,28,78
990,444,28,78
989,444,28,78
989,444,28,78
988,444,28,78
988,444,29,82
987,444,29,82
987,444,29,82
987,444,29,82
987,444,29,82
987,444,29,82
986,444,29,82
986,444,29,82
986,444,29,82
986,444,29,82
986,445,26,78
985,445,26,78
985,445,26,78
984,445,26,78
984,445,26,78
983,445,26,78
983,445,26,78
982,445,26,78
982,445,26,78
981,445,26,78
981,445,28,80
980,444,28,80
980,444,28,80
980,443,28,80
980,443,28,80
980,442,28,80
979,442,28,80
979,441,28,80
979,441,28,80
979,440,28,80
979,440,28,78
978,440,28,78
978,440,28,78
978,441,28,78
977,441,28,78
977,442,28,78
977,442,28,78
976,442,28,78
976,443,28,78
976,443,28,78
976,444,29,82
975,443,29,82
974,443,29,82
974,443,29,82
973,443,29,82
973,443,29,82
972,442,29,82
971,442,29,82
971,442,29,82
970,442,29,82
970,442,33,78
969,442,33,78
969,442,33,78
969,442,33,78
969,442,33,78
969,443,33,78
968,443,33,78
968,443,33,78
968,443,33,78
968,443,33,78
968,444,33,84
967,444,33,84
967,444,33,84
967,444,33,84
967,444,33,84
967,444,33,84
966,444,33,84
966,444,33,84
966,444,33,84
966,444,33,84
966,444,32,86
965,444,32,86
965,444,32,86
965,444,32,86
965,444,32,86
965,445,32,86
964,445,32,86
964,445,32,86
964,445,32,86
964,445,32,86
964,446,31,83
963,445,31,83
963,445,31,83
962,445,31,83
962,445,31,83
961,445,31,83
961,445,31,83
960,445,31,83
960,445,31,83
959,445,31,83
959,445,33,82
959,445,33,82
959,445,33,82
959,445,33,82
959,445,33,82
959,446,33,82
959,446,33,82
959,446,33,82
959,446,33,82
959,446,33,82
959,447,28,81
959,447,28,81
959,447,28,81
959,448,28,81
959,448,28,81
959,449,28,81
959,449,28,81
959,449,28,81
959,450,28,81
959,450,28,81
959,451,28,77
958,451,28,77
958,451,28,77
957,451,28,77
957,452,28,77
957,452,28,77
956,452,28,77
956,453,28,77
955,453,28,77
955,453,28,77
955,454,30,81
954,454,30,81
954,454,30,81
953,454,30,81
953,454,30,81
952,454,30,81
952,454,30,81
951,454,30,81
951,454,30,81
950,454,30,81
950,454,29,81
950,454,29,81
950,454,29,81
950,454,29,81
950,455,29,81
950,455,29,81
950,455,29,81
950,456,29,81
950,456,29,81
950,456,29,81
950,457,27,80
949,457,27,80
949,457,27,80
948,458,27,80
948,458,27,80
948,459,27,80
947,459,27,80
947,459,27,80
946,460,27,80
946,460,27,80
946,461,29,83
946,461,29,83
946,461,29,83
946,461,29,83
946,461,29,83
946,461,29,83
946,461,29,83
946,461,29,83
946,461,29,83
946,461,29,83
946,462,30,77
945,462,30,77
944,462,30,77
943,462,30,77
943,462,30,77
942,463,30,77
941,463,30,77
941,463,30,77
940,463,30,77
939,463,30,77
939,464,31,78
938,464,31,78
937,464,31,78
937,464,31,78
936,465,31,78
936,465,31,78
935,465,31,78
934,466,31,78
934,466,31,78
933,466,31,78
933,467,30,82
933,467,30,82
933,468,30,82
933,468,30,82
933,469,30,82
933,469,30,82
933,470,30,82
933,470,30,82
933,471,30,82
933,471,30,82
934,472,28,82
934,472,28,82
934,472,28,82
934,472,28,82
934,472,28,82
934,472,28,82
934,472,28,82
934,472,28,82
934,472,28,82
934,472,28,82
934,472,30,80
933,472,30,80
932,472,30,80
931,473,30,80
930,473,30,80
929,474,30,80
928,474,30,80
927,474,30,80
926,475,30,80
925,475,30,80
925,476,30,79
925,476,30,79
925,476,30,79
925,476,30,79
925,476,30,79
925,477,30,79
925,477,30,79
925,477,30,79
925,477,30,79
925,477,30,79
925,478,30,80
925,478,30,80
926,479,30,80
927,479,30,80
928,480,30,80
929,480,30,80
929,481,30,80
930,481,30,80
931,482,30,80
932,482,30,80
933,483,29,85
933,483,29,85
934,483,29,85
935,483,29,85
935,483,29,85
936,483,29,85
937,483,29,85
937,483,29,85
938,483,29,85
939,483,29,85
940,484,28,81
940,484,28,81
940,484,28,81
940,484,28,81
940,485,28,81
940,485,28,81
940,485,28,81
940,486,28,81
940,486,28,81
940,486,28,81
940,487,28,81
939,487,28,81
938,487,28,81
937,487,28,81
937,488,28,81
936,488,28,81
935,488,28,81
935,489,28,81
934,489,28,81
933,489,28,81
933,490,28,81
932,490,28,81
932,491,28,81
931,491,28,81
931,492,28,81
931,493,28,81
930,493,28,81
930,494,28,81
929,494,28,81
929,495,28,81
929,496,28,80
929,496,28,80
929,496,28,80
929,497,28,80
929,497,28,80
930,498,28,80
930,498,28,80
930,498,28,80
930,499,28,80
930,499,28,80
931,500,28,83
931,500,28,83
931,500,28,83
931,500,28,83
932,501,28,83
932,501,28,83
932,501,28,83
933,502,28,83
933,502,28,83
933,502,28,83
934,503,35,79
934,503,35,79
935,503,35,79
935,503,35,79
936,504,35,79
937,504,35,79
937,504,35,79
938,505,35,79
938,505,35,79
939,505,35,79
940,506,33,84
940,506,33,84
941,507,33,84
942,508,33,84
943,508,33,84
944,509,33,84
945,510,33,84
946,510,33,84
947,511,33,84
948,512,33,84
949,513,28,78
950,513,28,78
951,513,28,78
952,513,28,78
953,513,28,78
954,514,28,78
955,514,28,78
956,514,28,78
957,514,28,78
958,514,28,78
959,515,27,85
960,515,27,85
961,515,27,85
962,515,27,85
963,515,27,85
964,516,27,85
965,516,27,85
966,516,27,85
967,516,27,85
968,516,27,85
970,517,28,80
970,517,28,80
971,517,28,80
971,518,28,80
972,518,28,80
973,519,28,80
973,519,28,80
974,519,28,80
974,520,28,80
975,520,28,80
976,521,28,83
976,521,28,83
976,522,28,83
976,522,28,83
977,523,28,83
977,523,28,83
977,524,28,83
978,524,28,83
978,525,28,83
978,525,28,83
979,526,31,81
980,526,31,81
981,526,31,81
982,527,31,81
984,527,31,81
985,528,31,81
986,528,31,81
988,528,31,81
989,529,31,81
990,529,31,81
992,530,28,84
992,530,28,84
993,531,28,84
994,531,28,84
995,532,28,84
996,532,28,84
996,533,28,84
997,533,28,84
998,534,28,84
999,534,28,84
1000,535,29,82
999,535,29,82
999,535,29,82
998,535,29,82
998,536,29,82
998,536,29,82
997,536,29,82
997,537,29,82
996,537,29,82
996,537,29,82
996,538,34,79
995,538,34,79
994,539,34,79
994,539,34,79
993,540,34,79
993,541,34,79
992,541,34,79
991,542,34,79
991,542,34,79
990,543,34,79
990,544,30,80
990,545,30,80
990,546,30,80
990,547,30,80
990,548,30,80
990,549,30,80
990,550,30,80
990,551,30,80
990,552,30,80
990,553,30,80
991,555,26,81
990,555,26,81
989,555,26,81
988,555,26,81
988,555,26,81
987,556,26,81
986,556,26,81
986,556,26,81
985,556,26,81
984,556,26,81
984,557,28,82
983,557,28,82
982,558,28,82
981,559,28,82
981,560,28,82
980,561,28,82
979,561,28,82
979,562,28,82
978,563,28,82
977,564,28,82
977,565,32,83
975,565,32,83
974,566,32,83
973,567,32,83
972,568,32,83
971,569,32,83
969,570,32,83
968,571,32,83
967,572,32,83
966,573,32,83
965,574,31,76
964,574,31,76
964,575,31,76
963,575,31,76
963,576,31,76
962,576,31,76
962,577,31,76
961,577,31,76
961,578,31,76
960,578,31,76
960,579,30,82
958,579,30,82
957,580,30,82
956,581,30,82
955,582,30,82
954,583,30,82
952,583,30,82
951,584,30,82
950,585,30,82
949,586,30,82
948,587,37,85
947,586,37,85
946,586,37,85
945,586,37,85
944,586,37,85
944,586,37,85
943,586,37,85
942,586,37,85
941,586,37,85
940,586,37,85
940,586,35,88
939,586,35,88
938,587,35,88
937,588,35,88
936,588,35,88
935,589,35,88
934,590,35,88
933,590,35,88
932,591,35,88
931,592,35,88
931,593,39,82
930,593,39,82
930,594,39,82
930,595,39,82
930,595,39,82
930,596,39,82
929,597,39,82
929,597,39,82
929,598,39,82
929,599,39,82
929,600,32,81
929,600,32,81
929,600,32,81
930,601,32,81
930,601,32,81
931,602,32,81
931,602,32,81
931,602,32,81
932,603,32,81
932,603,32,81
933,604,30,85
933,604,30,85
934,604,30,85
935,604,30,85
935,604,30,85
936,605,30,85
937,605,30,85
937,605,30,85
938,605,30,85
939,605,30,85
940,606,30,87
940,606,30,87
941,606,30,87
941,606,30,87
942,606,30,87
943,607,30,87
943,607,30,87
944,607,30,87
944,607,30,87
945,607,30,87
946,608,31,83
947,608,31,83
948,609,31,83
949,609,31,83
951,610,31,83
952,610,31,83
953,611,31,83
955,611,31,83
956,612,31,83
957,612,31,83
959,613,31,85
960,613,31,85
962,613,31,85
963,613,31,85
965,614,31,85
966,614,31,85
968,614,31,85
969,615,31,85
971,615,31,85
972,615,31,85
974,616,31,85
975,616,31,85
976,617,31,85
978,617,31,85
979,618,31,85
981,618,31,85
982,619,31,85
983,619,31,85
985,620,31,85
986,620,31,85
988,621,30,85
989,621,30,85
990,621,30,85
991,621,30,85
992,621,30,85
993,621,30,85
994,621,30,85
995,621,30,85
996,621,30,85
997,621,30,85
998,622,33,83
993,612,33,83
988,603,33,83
983,594,33,83
978,585,33,83
973,576,33,83
968,567,33,83
963,558,33,83
958,549,33,83
953,540,33,83
949,531,31,87
948,530,31,87
947,530,31,87
946,530,31,87
945,530,31,87
945,530,31,87
944,529,31,87
943,529,31,87
942,529,31,87
941,529,31,87
941,529,31,84
940,529,31,84
940,529,31,84
939,529,31,84
939,529,31,84
939,530,31,84
938,530,31,84
938,530,31,84
937,530,31,84
937,530,31,84
937,531,30,85
936,531,30,85
935,531,30,85
935,531,30,85
934,531,30,85
934,532,30,85
933,532,30,85
932,532,30,85
932,532,30,85
931,532,30,85
931,533,30,86
930,532,30,86
929,532,30,86
928,532,30,86
928,532,30,86
927,532,30,86
926,532,30,86
926,532,30,86
925,532,30,86
924,532,30,86
924,532,37,82
923,532,37,82
922,532,37,82
922,532,37,82
921,533,37,82
921,533,37,82
920,533,37,82
919,534,37,82
919,534,37,82
918,534,37,82
918,535,31,82
917,535,31,82
916,535,31,82
915,535,31,82
915,535,31,82
914,535,31,82
913,535,31,82
913,535,31,82
912,535,31,82
911,535,31,82
911,535,31,83
910,535,31,83
910,535,31,83
910,535,31,83
910,535,31,83
910,536,31,83
909,536,31,83
909,536,31,83
909,536,31,83
909,536,31,83
909,537,30,87
908,536,30,87
908,536,30,87
908,536,30,87
908,536,30,87
908,536,30,87
907,536,30,87
907,536,30,87
907,536,30,87
907,536,30,87
907,536,32,83
906,536,32,83
906,536,32,83
905,537,32,83
905,537,32,83
904,538,32,83
904,538,32,83
903,538,32,83
903,539,32,83
902,539,32,83
902,540,29,81
901,540,29,81
900,540,29,81
900,540,29,81
899,540,29,81
899,540,29,81
898,540,29,81
897,540,29,81
897,540,29,81
896,540,29,81
896,541,30,83
895,541,30,83
895,541,30,83
894,541,30,83
894,541,30,83
893,541,30,83
893,541,30,83
892,541,30,83
892,541,30,83
891,541,30,83
891,542,32,87
890,542,32,87
890,542,32,87
890,542,32,87
890,542,32,87
890,542,32,87
889,542,32,87
889,542,32,87
889,542,32,87
889,542,32,87
889,543,31,82
888,543,31,82
887,543,31,82
887,543,31,82
886,544,31,82
886,544,31,82
885,544,31,82
884,545,31,82
884,545,31,82
883,545,31,82
883,546,30,85
882,546,30,85
881,546,30,85
880,546,30,85
880,546,30,85
879,547,30,85
878,547,30,85
878,547,30,85
877,547,30,85
876,547,30,85
876,548,28,83
875,548,28,83
875,548,28,83
875,548,28,83
874,548,28,83
874,548,28,83
874,548,28,83
873,548,28,83
873,548,28,83
873,548,28,83
873,548,26,89
872,548,26,89
872,548,26,89
871,548,26,89
871,548,26,89
870,548,26,89
870,548,26,89
869,548,26,89
869,548,26,89
868,548,26,89
868,549,27,83
867,549,27,83
866,549,27,83
865,549,27,83
864,550,27,83
863,550,27,83
862,550,27,83
861,551,27,83
860,551,27,83
859,551,27,83
859,552,30,83
858,552,30,83
857,552,30,83
856,552,30,83
855,552,30,83
855,552,30,83
854,552,30,83
853,552,30,83
852,552,30,83
851,552,30,83
851,552,29,83
850,552,29,83
849,552,29,83
849,552,29,83
848,552,29,83
848,552,29,83
847,552,29,83
846,552,29,83
846,552,29,83
845,552,29,83
845,552,24,85
844,552,24,85
844,552,24,85
843,552,24,85
843,552,24,85
843,553,24,85
842,553,24,85
842,553,24,85
841,553,24,85
841,553,24,85
841,554,27,83
840,554,27,83
839,554,27,83
838,554,27,83
838,554,27,83
837,554,27,83
836,554,27,83
836,554,27,83
835,554,27,83
834,554,27,83
834,554,32,83
833,554,32,83
833,554,32,83
832,554,32,83
832,554,32,83
831,554,32,83
831,554,32,83
830,554,32,83
830,554,32,83
829,554,32,83
829,554,28,83
828,554,28,83
828,554,28,83
827,554,28,83
827,554,28,83
826,554,28,83
826,554,28,83
825,554,28,83
825,554,28,83
824,554,28,83
824,554,26,85
823,554,26,85
823,554,26,85
823,554,26,85
822,554,26,85
822,555,26,85
822,555,26,85
821,555,26,85
821,555,26,85
821,555,26,85
821,556,24,83
820,556,24,83
819,556,24,83
818,556,24,83
818,556,24,83
817,556,24,83
816,556,24,83
816,556,24,83
815,556,24,83
814,556,24,83
814,556,31,85
813,556,31,85
812,556,31,85
811,556,31,85
811,556,31,85
810,556,31,85
809,556,31,85
809,556,31,85
808,556,31,85
807,556,31,85
807,556,33,87
806,556,33,87
806,556,33,87
805,556,33,87
805,556,33,87
805,556,33,87
804,556,33,87
804,556,33,87
803,556,33,87
803,556,33,87
803,556,32,85
802,556,32,85
802,556,32,85
801,556,32,85
801,556,32,85
800,556,32,85
800,556,32,85
799,556,32,85
799,556,32,85
798,556,32,85
798,556,31,87
798,556,31,87
798,556,31,87
798,556,31,87
798,556,31,87
798,556,31,87
798,556,31,87
798,556,31,87
798,556,31,87
798,556,31,87
798,557,28,82
797,557,28,82
796,557,28,82
795,557,28,82
794,557,28,82
794,557,28,82
793,557,28,82
792,557,28,82
791,557,28,82
790,557,28,82
790,558,35,85
789,557,35,85
789,557,35,85
789,556,35,85
789,556,35,85
789,556,35,85
788,555,35,85
788,555,35,85
788,554,35,85
788,554,35,85
788,554,39,83
787,554,39,83
787,554,39,83
787,555,39,83
787,555,39,83
787,556,39,83
787,556,39,83
787,556,39,83
787,557,39,83
787,557,39,83
787,558,33,87
786,557,33,87
786,557,33,87
786,557,33,87
785,557,33,87
785,557,33,87
785,556,33,87
784,556,33,87
784,556,33,87
784,556,33,87
784,556,30,83
783,555,30,83
783,555,30,83
782,555,30,83
782,555,30,83
781,555,30,83
781,554,30,83
780,554,30,83
780,554,30,83
779,554,30,83
779,554,33,85
778,554,33,85
777,554,33,85
777,554,33,85
776,554,33,85
776,554,33,85
775,554,33,85
774,554,33,85
774,554,33,85
773,554,33,85
773,554,41,87
772,554,41,87
772,554,41,87
772,554,41,87
772,554,41,87
772,555,41,87
772,555,41,87
772,555,41,87
772,555,41,87
772,555,41,87
772,556,37,89
772,555,37,89
772,555,37,89
772,555,37,89
772,555,37,89
772,555,37,89
772,554,37,89
772,554,37,89
772,554,37,89
772,554,37,89
772,554,35,83
771,554,35,83
770,554,35,83
769,554,35,83
768,554,35,83
768,554,35,83
767,554,35,83
766,554,35,83
765,554,35,83
764,554,35,83
764,555,35,86
763,555,35,86
762,555,35,86
761,555,35,86
761,555,35,86
760,556,35,86
759,556,35,86
759,556,35,86
758,556,35,86
757,556,35,86
757,557,37,84
757,557,37,84
757,557,37,84
757,557,37,84
757,557,37,84
757,558,37,84
757,558,37,84
757,558,37,84
757,558,37,84
757,558,37,84
757,559,37,89
756,559,37,89
756,559,37,89
756,559,37,89
756,559,37,89
756,559,37,89
755,559,37,89
755,559,37,89
755,559,37,89
755,559,37,89
755,559,37,84
754,559,37,84
753,559,37,84
752,560,37,84
751,560,37,84
750,561,37,84
749,561,37,84
748,561,37,84
747,562,37,84
746,562,37,84
746,563,39,87
745,563,39,87
745,563,39,87
744,563,39,87
744,564,39,87
744,564,39,87
743,564,39,87
743,565,39,87
742,565,39,87
742,565,39,87
742,566,40,83
741,565,40,83
740,565,40,83
739,565,40,83
738,565,40,83
737,565,40,83
736,565,40,83
735,565,40,83
734,565,40,83
733,565,40,83
733,565,43,89
733,565,43,89
733,566,43,89
734,566,43,89
734,567,43,89
735,567,43,89
735,568,43,89
735,568,43,89
736,569,43,89
736,569,43,89
737,570,37,82
736,569,37,82
736,569,37,82
735,569,37,82
735,569,37,82
735,569,37,82
734,569,37,82
734,569,37,82
733,569,37,82
733,569,37,82
733,569,35,85
732,569,35,85
731,570,35,85
730,570,35,85
730,571,35,85
729,571,35,85
728,572,35,85
728,572,35,85
727,573,35,85
726,573,35,85
726,574,36,82
726,573,36,82
726,573,36,82
726,573,36,82
726,573,36,82
726,573,36,82
726,573,36,82
726,573,36,82
726,573,36,82
726,573,36,82
726,573,33,85
725,573,33,85
725,573,33,85
725,573,33,85
725,573,33,85
725,574,33,85
724,574,33,85
724,574,33,85
724,574,33,85
724,574,33,85
724,575,35,85
724,575,35,85
724,575,35,85
724,575,35,85
724,575,35,85
724,576,35,85
724,576,35,85
724,576,35,85
724,576,35,85
724,576,35,85
724,577,36,83
724,576,36,83
725,576,36,83
726,576,36,83
727,576,36,83
728,576,36,83
729,576,36,83
730,576,36,83
731,576,36,83
732,576,36,83
733,576,35,83
735,576,35,83
737,576,35,83
739,576,35,83
742,576,35,83
744,576,35,83
746,576,35,83
749,576,35,83
751,576,35,83
753,576,35,83
756,576,37,87
758,575,37,87
761,575,37,87
763,575,37,87
766,575,37,87
769,575,37,87
771,574,37,87
774,574,37,87
776,574,37,87
779,574,37,87
782,574,34,85
783,574,34,85
785,574,34,85
787,574,34,85
788,575,34,85
790,575,34,85
792,575,34,85
793,576,34,85
795,576,34,85
797,576,34,85
799,577,34,83
800,576,34,83
801,576,34,83
802,576,34,83
804,576,34,83
805,576,34,83
806,576,34,83
808,576,34,83
809,576,34,83
810,576,34,83
812,576,37,83
813,575,37,83
815,575,37,83
817,575,37,83
819,575,37,83
821,575,37,83
823,575,37,83
825,575,37,83
827,575,37,83
829,575,37,83
831,575,35,89
833,574,35,89
836,573,35,89
839,572,35,89
842,571,35,89
845,570,35,89
847,569,35,89
850,568,35,89
853,567,35,89
856,566,35,89
859,565,32,83
858,565,32,83
857,565,32,83
857,565,32,83
856,565,32,83
856,566,32,83
855,566,32,83
854,566,32,83
854,566,32,83
853,566,32,83
853,567,33,83
852,566,33,83
852,566,33,83
852,565,33,83
851,565,33,83
851,565,33,83
851,564,33,83
850,564,33,83
850,563,33,83
850,563,33,83
850,563,35,83
849,562,35,83
849,562,35,83
849,562,35,83
849,562,35,83
849,562,35,83
848,562,35,83
848,562,35,83
848,562,35,83
848,562,35,83
848,562,35,87
848,561,35,87
848,561,35,87
848,561,35,87
848,560,35,87
848,560,35,87
848,560,35,87
848,559,35,87
848,559,35,87
848,559,35,87
849,559,33,84
848,559,33,84
848,559,33,84
848,559,33,84
848,559,33,84
848,560,33,84
848,560,33,84
848,560,33,84
848,560,33,84
848,560,33,84
848,561,30,87
847,560,30,87
847,560,30,87
846,560,30,87
846,560,30,87
845,560,30,87
845,559,30,87
844,559,30,87
844,559,30,87
843,559,30,87
843,559,34,82
843,559,34,82
843,559,34,82
843,559,34,82
843,559,34,82
843,560,34,82
843,560,34,82
843,560,34,82
843,560,34,82
843,560,34,82
843,561,30,84
843,560,30,84
843,560,30,84
843,559,30,84
843,559,30,84
843,558,30,84
843,558,30,84
843,557,30,84
843,557,30,84
843,556,30,84
844,556,32,81
843,555,32,81
843,555,32,81
843,555,32,81
843,555,32,81
843,555,32,81
843,554,32,81
843,554,32,81
843,554,32,81
843,554,32,81
843,554,31,85
842,554,31,85
841,554,31,85
840,554,31,85
839,554,31,85
839,554,31,85
838,554,31,85
837,554,31,85
836,554,31,85
835,554,31,85
835,554,34,79
834,553,34,79
834,553,34,79
834,553,34,79
834,552,34,79
834,552,34,79
833,552,34,79
833,551,34,79
833,551,34,79
833,551,34,79
833,551,32,81
833,550,32,81
833,550,32,81
833,550,32,81
834,550,32,81
834,550,32,81
834,550,32,81
835,550,32,81
835,550,32,81
835,550,32,81
836,550,32,83
836,549,32,83
836,549,32,83
836,548,32,83
836,548,32,83
836,548,32,83
836,547,32,83
836,547,32,83
836,546,32,83
836,546,32,83
837,546,31,84
836,546,31,84
836,546,31,84
835,546,31,84
835,546,31,84
834,546,31,84
834,546,31,84
833,546,31,84
833,546,31,84
832,546,31,84
832,546,34,86
832,545,34,86
832,545,34,86
832,544,34,86
832,544,34,86
833,543,34,86
833,543,34,86
833,542,34,86
833,542,34,86
833,541,34,86
834,541,32,83
833,541,32,83
833,541,32,83
833,541,32,83
833,541,32,83
833,542,32,83
832,542,32,83
832,542,32,83
832,542,32,83
832,542,32,83
832,543,30,85
832,542,30,85
832,541,30,85
832,541,30,85
832,540,30,85
833,540,30,85
833,539,30,85
833,538,30,85
833,538,30,85
833,537,30,85
834,537,30,83
833,536,30,83
833,536,30,83
833,536,30,83
833,536,30,83
833,536,30,83
832,535,30,83
832,535,30,83
832,535,30,83
832,535,30,83
832,535,32,85
831,535,32,85
831,535,32,85
830,535,32,85
830,535,32,85
829,535,32,85
829,535,32,85
828,535,32,85
828,535,32,85
827,535,32,85
827,535,36,84
827,534,36,84
828,534,36,84
829,534,36,84
830,534,36,84
831,534,36,84
831,533,36,84
832,533,36,84
833,533,36,84
834,533,36,84
835,533,33,84
835,532,33,84
836,532,33,84
837,532,33,84
838,532,33,84
839,532,33,84
840,531,33,84
841,531,33,84
842,531,33,84
843,531,33,84
844,531,32,84
844,530,32,84
845,530,32,84
845,530,32,84
846,530,32,84
846,530,32,84
847,529,32,84
847,529,32,84
848,529,32,84
848,529,32,84
849,529,33,87
849,528,33,87
849,528,33,87
849,528,33,87
849,527,33,87
849,527,33,87
849,527,33,87
849,526,33,87
849,526,33,87
849,526,33,87
850,526,35,85
850,526,35,85
851,526,35,85
852,526,35,85
853,526,35,85
854,526,35,85
854,526,35,85
855,526,35,85
856,526,35,85
857,526,35,85
858,527,34,83
858,526,34,83
858,526,34,83
858,526,34,83
858,526,34,83
858,526,34,83
858,525,34,83
858,525,34,83
858,525,34,83
858,525,34,83
859,525,33,78
858,524,33,78
858,524,33,78
858,523,33,78
858,523,33,78
858,523,33,78
857,522,33,78
857,522,33,78
857,521,33,78
857,521,33,78
857,521,34,82
856,520,34,82
856,520,34,82
855,520,34,82
855,520,34,82
854,520,34,82
854,520,34,82
853,520,34,82
853,520,34,82
852,520,34,82
852,520,35,82
851,519,35,82
851,519,35,82
851,519,35,82
851,519,35,82
851,519,35,82
850,518,35,82
850,518,35,82
850,518,35,82
850,518,35,82
850,518,37,82
850,518,37,82
850,518,37,82
851,518,37,82
851,518,37,82
852,518,37,82
852,518,37,82
852,518,37,82
853,518,37,82
853,518,37,82
854,519,33,79
854,518,33,79
854,518,33,79
854,517,33,79
854,517,33,79
854,517,33,79
854,516,33,79
854,516,33,79
854,515,33,79
854,515,33,79
854,515,31,80
853,514,31,80
852,514,31,80
851,514,31,80
850,514,31,80
850,514,31,80
849,513,31,80
848,513,31,80
847,513,31,80
846,513,31,80
846,513,35,80
846,512,35,80
846,512,35,80
846,512,35,80
846,512,35,80
846,512,35,80
846,511,35,80
846,511,35,80
846,511,35,80
846,511,35,80
846,511,33,80
845,510,33,80
845,510,33,80
845,510,33,80
845,509,33,80
845,509,33,80
845,509,33,80
845,508,33,80
845,508,33,80
845,508,33,80
845,508,35,77
845,507,35,77
845,506,35,77
845,506,35,77
845,505,35,77
845,505,35,77
845,504,35,77
845,503,35,77
845,503,35,77
845,502,35,77
846,502,31,81
845,502,31,81
845,502,31,81
844,502,31,81
844,502,31,81
844,502,31,81
843,502,31,81
843,502,31,81
842,502,31,81
842,502,31,81
842,502,34,81
841,501,34,81
841,501,34,81
841,500,34,81
841,500,34,81
841,500,34,81
840,499,34,81
840,499,34,81
840,498,34,81
840,498,34,81
840,498,34,78
840,497,34,78
840,497,34,78
840,496,34,78
840,496,34,78
840,496,34,78
840,495,34,78
840,495,34,78
840,494,34,78
840,494,34,78
841,494,34,84
840,493,34,84
840,493,34,84
840,493,34,84
840,493,34,84
840,493,34,84
840,493,34,84
840,493,34,84
840,493,34,84
840,493,34,84
840,493,35,77
839,492,35,77
839,492,35,77
839,491,35,77
839,491,35,77
839,491,35,77
838,490,35,77
838,490,35,77
838,489,35,77
838,489,35,77
838,489,37,83
837,488,37,83
837,488,37,83
836,488,37,83
836,488,37,83
836,488,37,83
835,487,37,83
835,487,37,83
834,487,37,83
834,487,37,83
834,487,35,78
834,486,35,78
834,486,35,78
834,486,35,78
835,485,35,78
835,485,35,78
835,485,35,78
836,484,35,78
836,484,35,78
836,484,35,78
837,484,31,84
836,483,31,84
835,483,31,84
835,482,31,84
834,482,31,84
834,482,31,84
833,481,31,84
832,481,31,84
832,480,31,84
831,480,31,84
831,480,36,79
831,479,36,79
831,479,36,79
831,479,36,79
831,478,36,79
832,478,36,79
832,478,36,79
832,477,36,79
832,477,36,79
832,477,36,79
833,477,32,79
832,476,32,79
831,476,32,79
830,476,32,79
829,476,32,79
828,476,32,79
827,476,32,79
826,476,32,79
825,476,32,79
824,476,32,79
824,476,35,80
824,476,35,80
824,476,35,80
824,476,35,80
824,476,35,80
824,476,35,80
824,476,35,80
824,476,35,80
824,476,35,80
824,476,35,80
824,476,31,85
824,476,31,85
824,476,31,85
824,476,31,85
824,476,31,85
824,476,31,85
824,476,31,85
824,476,31,85
824,476,31,85
824,476,31,85
824,476,35,78
823,475,35,78
823,475,35,78
823,474,35,78
823,474,35,78
823,474,35,78
822,473,35,78
822,473,35,78
822,472,35,78
822,472,35,78
822,472,33,84
821,472,33,84
821,472,33,84
820,472,33,84
820,472,33,84
820,472,33,84
819,472,33,84
819,472,33,84
818,472,33,84
818,472,33,84
818,472,32,78
817,472,32,78
817,472,32,78
817,472,32,78
816,472,32,78
816,473,32,78
816,473,32,78
815,473,32,78
815,473,32,78
815,473,32,78
815,474,34,84
815,473,34,84
815,473,34,84
815,473,34,84
815,473,34,84
816,473,34,84
816,472,34,84
816,472,34,84
816,472,34,84
816,472,34,84
817,472,33,80
816,472,33,80
816,472,33,80
816,472,33,80
815,472,33,80
815,473,33,80
815,473,33,80
814,473,33,80
814,473,33,80
814,473,33,80
814,474,33,82
813,473,33,82
813,473,33,82
813,473,33,82
812,473,33,82
812,473,33,82
812,473,33,82
811,473,33,82
811,473,33,82
811,473,33,82
811,473,33,80
811,473,33,80
812,473,33,80
813,473,33,80
813,473,33,80
814,474,33,80
815,474,33,80
815,474,33,80
816,474,33,80
817,474,33,80
818,475,33,83
818,474,33,83
819,474,33,83
819,474,33,83
820,474,33,83
821,474,33,83
821,473,33,83
822,473,33,83
822,473,33,83
823,473,33,83
824,473,35,80
824,473,35,80
824,473,35,80
824,473,35,80
824,473,35,80
825,474,35,80
825,474,35,80
825,474,35,80
825,474,35,80
825,474,35,80
826,475,33,81
825,474,33,81
825,474,33,81
824,474,33,81
824,474,33,81
824,474,33,81
823,474,33,81
823,474,33,81
822,474,33,81
822,474,33,81
822,474,33,81
822,474,33,81
822,474,33,81
822,475,33,81
822,475,33,81
823,476,33,81
823,476,33,81
823,476,33,81
823,477,33,81
823,477,33,81
824,478,31,83
822,480,31,83
820,482,31,83
818,485,31,83
816,487,31,83
814,490,31,83
812,492,31,83
810,494,31,83
808,497,31,83
806,499,31,83
805,502,36,85
804,502,36,85
803,502,36,85
802,502,36,85
802,502,36,85
801,503,36,85
800,503,36,85
800,503,36,85
799,503,36,85
798,503,36,85
798,504,35,81
798,503,35,81
798,503,35,81
798,503,35,81
798,503,35,81
798,503,35,81
798,503,35,81
798,503,35,81
798,503,35,81
798,503,35,81
798,503,33,85
797,502,33,85
797,502,33,85
797,502,33,85
797,501,33,85
797,501,33,85
796,501,33,85
796,500,33,85
796,500,33,85
796,500,33,85
796,500,37,81
796,500,37,81
796,500,37,81
797,500,37,81
797,500,37,81
798,500,37,81
798,500,37,81
798,500,37,81
799,500,37,81
799,500,37,81
800,501,33,85
798,501,33,85
797,501,33,85
796,501,33,85
794,501,33,85
793,501,33,85
792,501,33,85
790,501,33,85
789,501,33,85
788,501,33,85
787,502,40,81
787,501,40,81
787,501,40,81
787,501,40,81
787,501,40,81
787,501,40,81
787,500,40,81
787,500,40,81
787,500,40,81
787,500,40,81
787,500,33,87
787,499,33,87
787,499,33,87
787,499,33,87
787,499,33,87
788,499,33,87
788,499,33,87
788,499,33,87
788,499,33,87
788,499,33,87
789,499,35,81
788,499,35,81
788,499,35,81
788,499,35,81
788,499,35,81
788,499,35,81
787,499,35,81
787,499,35,81
787,499,35,81
787,499,35,81
787,500,35,81
786,499,35,81
786,499,35,81
785,499,35,81
785,499,35,81
785,499,35,81
784,498,35,81
784,498,35,81
783,498,35,81
783,498,35,81
783,498,35,83
783,498,35,83
783,498,35,83
783,498,35,83
783,498,35,83
784,498,35,83
784,498,35,83
784,498,35,83
784,498,35,83
784,498,35,83
785,498,35,87
785,498,35,87
785,498,35,87
785,498,35,87
785,498,35,87
786,498,35,87
786,498,35,87
786,498,35,87
786,498,35,87
786,498,35,87
787,498,35,82
787,497,35,82
787,497,35,82
787,497,35,82
787,497,35,82
788,497,35,82
788,496,35,82
788,496,35,82
788,496,35,82
788,496,35,82
789,496,33,83
788,496,33,83
788,496,33,83
787,496,33,83
787,496,33,83
787,497,33,83
786,497,33,83
786,497,33,83
785,497,33,83
785,497,33,83
785,498,35,82
785,497,35,82
785,497,35,82
785,497,35,82
785,497,35,82
785,497,35,82
785,496,35,82
785,496,35,82
785,496,35,82
785,496,35,82
785,496,35,83
785,496,35,83
785,496,35,83
785,496,35,83
785,496,35,83
785,496,35,83
785,496,35,83
785,496,35,83
785,496,35,83
785,496,35,83
785,497,33,83
785,497,33,83
785,498,33,83
785,498,33,83
785,499,33,83
785,499,33,83
785,500,33,83
785,500,33,83
785,501,33,83
785,501,33,83
785,502,33,81
784,501,33,81
784,501,33,81
784,500,33,81
784,500,33,81
784,500,33,81
784,499,33,81
784,499,33,81
784,498,33,81
784,498,33,81
784,498,33,78
783,498,33,78
783,498,33,78
783,498,33,78
782,498,33,78
782,498,33,78
782,498,33,78
781,498,33,78
781,498,33,78
781,498,33,78
781,499,33,83
781,499,33,83
781,499,33,83
781,499,33,83
781,499,33,83
782,499,33,83
782,499,33,83
782,499,33,83
782,499,33,83
782,499,33,83
783,500,35,81
783,500,35,81
783,500,35,81
783,500,35,81
783,501,35,81
783,501,35,81
783,501,35,81
783,502,35,81
783,502,35,81
783,502,35,81
783,503,35,81
782,503,35,81
781,503,35,81
781,503,35,81
780,503,35,81
780,503,35,81
779,503,35,81
778,503,35,81
778,503,35,81
777,503,35,81
777,503,37,83
777,502,37,83
777,502,37,83
777,502,37,83
777,502,37,83
778,502,37,83
778,502,37,83
778,502,37,83
778,502,37,83
778,502,37,83
779,502,36,83
779,502,36,83
779,502,36,83
779,502,36,83
779,502,36,83
780,503,36,83
780,503,36,83
780,503,36,83
780,503,36,83
780,503,36,83
781,504,37,81
780,504,37,81
780,504,37,81
780,504,37,81
780,504,37,81
780,504,37,81
780,504,37,81
780,504,37,81
780,504,37,81
780,504,37,81
780,504,35,83
779,503,35,83
779,503,35,83
779,503,35,83
779,503,35,83
779,503,35,83
779,502,35,83
779,502,35,83
779,502,35,83
779,502,35,83
779,502,37,87
779,502,37,87
780,502,37,87
780,503,37,87
781,503,37,87
782,504,37,87
782,504,37,87
783,504,37,87
783,505,37,87
784,505,37,87
785,506,33,83
786,506,33,83
787,506,33,83
788,506,33,83
789,507,33,83
790,507,33,83
791,507,33,83
792,508,33,83
793,508,33,83
794,508,33,83
796,509,32,80
796,508,32,80
797,508,32,80
797,508,32,80
798,508,32,80
799,508,32,80
799,507,32,80
800,507,32,80
800,507,32,80
801,507,32,80
802,507,28,86
802,507,28,86
802,507,28,86
802,507,28,86
802,507,28,86
802,508,28,86
802,508,28,86
802,508,28,86
802,508,28,86
802,508,28,86
802,509,25,82
802,509,25,82
802,509,25,82
802,510,25,82
803,510,25,82
803,511,25,82
803,511,25,82
804,511,25,82
804,512,25,82
804,512,25,82
805,513,34,80
805,512,34,80
806,512,34,80
807,512,34,80
808,512,34,80
809,512,34,80
809,511,34,80
810,511,34,80
811,511,34,80
812,511,34,80
813,511,35,82
812,510,35,82
812,510,35,82
811,510,35,82
811,510,35,82
811,510,35,82
810,509,35,82
810,509,35,82
809,509,35,82
809,509,35,82
809,509,39,89
809,508,39,89
810,508,39,89
811,508,39,89
811,508,39,89
812,508,39,89
813,507,39,89
813,507,39,89
814,507,39,89
815,507,39,89
816,507,35,82
816,507,35,82
816,507,35,82
817,507,35,82
817,507,35,82
818,508,35,82
818,508,35,82
818,508,35,82
819,508,35,82
819,508,35,82
820,509,33,84
820,508,33,84
820,508,33,84
820,508,33,84
820,508,33,84
820,508,33,84
820,507,33,84
820,507,33,84
820,507,33,84
820,507,33,84
820,507,37,84
820,506,37,84
820,506,37,84
820,506,37,84
820,506,37,84
821,506,37,84
821,505,37,84
821,505,37,84
821,505,37,84
821,505,37,84
822,505,35,88
822,505,35,88
822,505,35,88
822,505,35,88
822,506,35,88
822,506,35,88
822,506,35,88
822,507,35,88
822,507,35,88
822,507,35,88
822,508,35,84
822,507,35,84
822,507,35,84
823,507,35,84
823,507,35,84
824,507,35,84
824,507,35,84
824,507,35,84
825,507,35,84
825,507,35,84
826,507,37,78
826,507,37,78
826,507,37,78
826,507,37,78
826,507,37,78
827,507,37,78
827,507,37,78
827,507,37,78
827,507,37,78
827,507,37,78
828,507,37,84
827,507,37,84
827,507,37,84
827,507,37,84
827,507,37,84
827,507,37,84
826,507,37,84
826,507,37,84
826,507,37,84
826,507,37,84
826,508,33,87
826,507,33,87
826,507,33,87
826,507,33,87
826,506,33,87
826,506,33,87
826,506,33,87
826,505,33,87
826,505,33,87
826,505,33,87
826,505,37,86
826,505,37,86
827,505,37,86
827,505,37,86
828,505,37,86
828,505,37,86
829,505,37,86
829,505,37,86
830,505,37,86
830,505,37,86
831,505,37,82
830,504,37,82
830,504,37,82
830,504,37,82
830,504,37,82
830,504,37,82
830,503,37,82
830,503,37,82
830,503,37,82
830,503,37,82
830,503,36,84
829,503,36,84
828,503,36,84
828,504,36,84
827,504,36,84
827,505,36,84
826,505,36,84
825,505,36,84
825,506,36,84
824,506,36,84
824,507,37,84
824,507,37,84
824,507,37,84
825,507,37,84
825,507,37,84
826,507,37,84
826,507,37,84
826,507,37,84
827,507,37,84
827,507,37,84
828,507,29,82
827,507,29,82
827,507,29,82
826,507,29,82
826,507,29,82
826,507,29,82
825,507,29,82
825,507,29,82
824,507,29,82
824,507,29,82
824,508,33,83
824,507,33,83
824,507,33,83
824,507,33,83
824,507,33,83
824,507,33,83
824,507,33,83
824,507,33,83
824,507,33,83
824,507,33,83
824,507,35,84
823,507,35,84
822,507,35,84
822,507,35,84
821,507,35,84
821,507,35,84
820,507,35,84
819,507,35,84
819,507,35,84
818,507,35,84
818,508,37,81
818,507,37,81
818,507,37,81
818,507,37,81
818,507,37,81
818,507,37,81
818,507,37,81
818,507,37,81
818,507,37,81
818,507,37,81
818,507,35,86
818,506,35,86
818,506,35,86
818,506,35,86
818,506,35,86
818,506,35,86
818,506,35,86
818,506,35,86
818,506,35,86
818,506,35,86
819,506,35,81
818,505,35,81
818,505,35,81
818,505,35,81
818,505,35,81
818,505,35,81
818,505,35,81
818,505,35,81
818,505,35,81
818,505,35,81
818,505,35,84
818,504,35,84
818,504,35,84
818,504,35,84
818,504,35,84
818,504,35,84
818,504,35,84
818,504,35,84
818,504,35,84
818,504,35,84
818,504,37,81
817,504,37,81
817,504,37,81
816,504,37,81
816,504,37,81
816,505,37,81
815,505,37,81
815,505,37,81
814,505,37,81
814,505,37,81
814,506,32,85
814,505,32,85
814,505,32,85
814,505,32,85
814,505,32,85
815,505,32,85
815,504,32,85
815,504,32,85
815,504,32,85
815,504,32,85
816,504,35,83
816,504,35,83
816,504,35,83
816,504,35,83
817,504,35,83
817,504,35,83
817,504,35,83
818,504,35,83
818,504,35,83
818,504,35,83
819,504,35,85
819,503,35,85
819,503,35,85
819,503,35,85
820,503,35,85
820,503,35,85
820,503,35,85
821,503,35,85
821,503,35,85
821,503,35,85
822,503,35,83
830,503,35,83
839,504,35,83
848,504,35,83
856,505,35,83
865,506,35,83
874,506,35,83
882,507,35,83
891,507,35,83
900,508,35,83
909,509,37,82
909,508,37,82
909,508,37,82
909,508,37,82
909,508,37,82
910,508,37,82
910,508,37,82
910,508,37,82
910,508,37,82
910,508,37,82
911,508,33,85
911,508,33,85
911,509,33,85
911,509,33,85
911,510,33,85
911,510,33,85
911,511,33,85
911,511,33,85
911,512,33,85
911,512,33,85
911,513,37,78
911,512,37,78
911,512,37,78
911,512,37,78
911,512,37,78
912,512,37,78
912,511,37,78
912,511,37,78
912,511,37,78
912,511,37,78
913,511,33,83
912,510,33,83
912,510,33,83
911,509,33,83
911,509,33,83
911,509,33,83
910,508,33,83
910,508,33,83
909,507,33,83
909,507,33,83
909,507,35,80
908,507,35,80
908,507,35,80
907,508,35,80
907,508,35,80
907,509,35,80
906,509,35,80
906,509,35,80
905,510,35,80
905,510,35,80
905,511,35,85
905,510,35,85
905,510,35,85
905,510,35,85
905,510,35,85
906,510,35,85
906,509,35,85
906,509,35,85
906,509,35,85
906,509,35,85
907,509,37,84
907,509,37,84
907,509,37,84
907,509,37,84
907,509,37,84
907,509,37,84
907,509,37,84
907,509,37,84
907,509,37,84
907,509,37,84
907,509,35,85
906,509,35,85
906,509,35,85
905,509,35,85
905,509,35,85
905,509,35,85
904,509,35,85
904,509,35,85
903,509,35,85
903,509,35,85
903,510,33,82
902,510,33,82
902,510,33,82
902,510,33,82
902,511,33,82
902,511,33,82
901,511,33,82
901,512,33,82
901,512,33,82
901,512,33,82
901,513,35,85
900,512,35,85
900,512,35,85
900,512,35,85
900,512,35,85
900,512,35,85
900,512,35,85
900,512,35,85
900,512,35,85
900,512,35,85
900,512,33,81
899,512,33,81
899,513,33,81
898,513,33,81
898,514,33,81
898,514,33,81
897,515,33,81
897,515,33,81
896,516,33,81
896,516,33,81
896,517,35,81
894,517,35,81
893,517,35,81
892,517,35,81
891,517,35,81
890,517,35,81
889,517,35,81
888,517,35,81
887,517,35,81
886,517,35,81
885,518,37,82
884,518,37,82
884,518,37,82
883,518,37,82
883,518,37,82
883,519,37,82
882,519,37,82
882,519,37,82
881,519,37,82
881,519,37,82
881,520,30,84
880,520,30,84
879,521,30,84
879,521,30,84
878,522,30,84
878,523,30,84
877,523,30,84
876,524,30,84
876,524,30,84
875,525,30,84
875,526,29,78
874,526,29,78
873,526,29,78
873,526,29,78
872,526,29,78
872,526,29,78
871,526,29,78
870,526,29,78
870,526,29,78
869,526,29,78
869,526,33,76
868,526,33,76
867,526,33,76
866,526,33,76
865,527,33,76
864,527,33,76
863,527,33,76
862,528,33,76
861,528,33,76
860,528,33,76
860,529,33,75
859,529,33,75
858,529,33,75
857,529,33,75
856,530,33,75
855,530,33,75
854,530,33,75
853,531,33,75
852,531,33,75
851,531,33,75
851,532,31,78
850,532,31,78
850,532,31,78
850,532,31,78
850,532,31,78
850,532,31,78
849,532,31,78
849,532,31,78
849,532,31,78
849,532,31,78
849,533,26,82
848,533,26,82
847,534,26,82
846,534,26,82
846,535,26,82
845,536,26,82
844,536,26,82
844,537,26,82
843,537,26,82
842,538,26,82
842,539,26,79
841,539,26,79
841,539,26,79
840,539,26,79
840,539,26,79
839,539,26,79
839,539,26,79
838,539,26,79
838,539,26,79
837,539,26,79
837,539,29,81
837,539,29,81
837,539,29,81
837,539,29,81
838,539,29,81
838,539,29,81
838,539,29,81
839,539,29,81
839,539,29,81
839,539,29,81
840,540,31,77
840,540,31,77
841,540,31,77
841,540,31,77
842,540,31,77
842,540,31,77
843,540,31,77
843,540,31,77
844,540,31,77
844,540,31,77
845,541,31,77
845,541,31,77
846,542,31,77
846,542,31,77
847,543,31,77
847,544,31,77
848,544,31,77
848,545,31,77
849,545,31,77
849,546,31,77
850,547,31,77
851,546,31,77
853,546,31,77
854,546,31,77
856,546,31,77
857,546,31,77
859,546,31,77
860,546,31,77
862,546,31,77
863,546,31,77
865,546,27,77
866,546,27,77
867,546,27,77
868,547,27,77
869,547,27,77
870,548,27,77
871,548,27,77
872,548,27,77
873,549,27,77
874,549,27,77
876,550,27,77
877,550,27,77
878,550,27,77
879,550,27,77
881,550,27,77
882,550,27,77
883,550,27,77
885,550,27,77
886,550,27,77
887,550,27,77
889,551,27,77
890,551,27,77
891,551,27,77
892,551,27,77
893,551,27,77
894,551,27,77
895,551,27,77
896,551,27,77
897,551,27,77
898,551,27,77
900,552,27,77
901,552,27,77
902,552,27,77
903,552,27,77
905,552,27,77
906,552,27,77
907,552,27,77
909,552,27,77
910,552,27,77
911,552,27,77
913,552,26,83
913,552,26,83
913,552,26,83
913,552,26,83
913,553,26,83
913,553,26,83
913,553,26,83
913,554,26,83
913,554,26,83
913,554,26,83
913,555,37,78
914,554,37,78
916,554,37,78
917,553,37,78
919,553,37,78
921,553,37,78
922,552,37,78
924,552,37,78
925,551,37,78
927,551,37,78
929,551,32,81
929,550,32,81
930,550,32,81
930,550,32,81
931,549,32,81
932,549,32,81
932,549,32,81
933,548,32,81
933,548,32,81
934,548,32,81
935,548,39,87
935,548,39,87
935,548,39,87
936,548,39,87
936,548,39,87
937,548,39,87
937,548,39,87
937,548,39,87
938,548,39,87
938,548,39,87
939,548,31,78
939,547,31,78
939,547,31,78
940,546,31,78
940,546,31,78
941,546,31,78
941,545,31,78
941,545,31,78
942,544,31,78
942,544,31,78
943,544,38,76
943,543,38,76
943,542,38,76
943,541,38,76
943,541,38,76
943,540,38,76
943,539,38,76
943,539,38,76
943,538,38,76
943,537,38,76
943,537,37,78
943,536,37,78
943,535,37,78
943,534,37,78
943,534,37,78
943,533,37,78
943,532,37,78
943,532,37,78
943,531,37,78
943,530,37,78
944,530,35,79
944,529,35,79
944,529,35,79
944,528,35,79
945,528,35,79
945,528,35,79
945,527,35,79
946,527,35,79
946,526,35,79
946,526,35,79
947,526,35,85
947,525,35,85
947,525,35,85
947,524,35,85
948,524,35,85
948,524,35,85
948,523,35,85
949,523,35,85
949,522,35,85
949,522,35,85
950,522,35,86
950,521,35,86
950,520,35,86
950,519,35,86
950,519,35,86
951,518,35,86
951,517,35,86
951,517,35,86
951,516,35,86
951,515,35,86
952,515,35,79
952,514,35,79
952,514,35,79
952,513,35,79
952,513,35,79
953,513,35,79
953,512,35,79
953,512,35,79
953,511,35,79
953,511,35,79
954,511,35,85
954,510,35,85
955,509,35,85
956,508,35,85
956,507,35,85
957,506,35,85
958,505,35,85
958,504,35,85
959,503,35,85
960,502,35,85
961,502,35,83
961,502,35,83
962,502,35,83
962,502,35,83
963,502,35,83
963,502,35,83
964,502,35,83
964,502,35,83
965,502,35,83
965,502,35,83
966,502,34,81
966,501,34,81
967,500,34,81
968,499,34,81
968,498,34,81
969,497,34,81
970,496,34,81
970,495,34,81
971,494,34,81
972,493,34,81
973,493,37,80
973,492,37,80
973,492,37,80
973,492,37,80
974,491,37,80
974,491,37,80
974,491,37,80
975,490,37,80
975,490,37,80
975,490,37,80
976,490,35,85
976,489,35,85
977,488,35,85
977,488,35,85
978,487,35,85
978,487,35,85
979,486,35,85
979,485,35,85
980,485,35,85
980,484,35,85
981,484,32,82
981,483,32,82
982,483,32,82
982,482,32,82
983,482,32,82
984,481,32,82
984,481,32,82
985,480,32,82
985,480,32,82
986,479,32,82
987,479,31,82
987,478,31,82
988,478,31,82
989,478,31,82
989,478,31,82
990,478,31,82
991,478,31,82
991,478,31,82
992,478,31,82
993,478,31,82
994,478,36,76
994,477,36,76
995,477,36,76
995,477,36,76
996,477,36,76
997,477,36,76
997,476,36,76
998,476,36,76
998,476,36,76
999,476,36,76
1000,476,31,81
899,428,31,81
799,380,31,81
699,332,31,81
599,285,31,81
499,237,31,81
399,189,31,81
299,142,31,81
199,94,31,81
99,46,31,81
-1,-1,-1,-1
-1,-1,-1,-1
-1,-1,-1,-1
-1,-1,-1,-1
-1,-1,-1,-1
-1,-1,-1,-1
-1,-1,-1,-1
-1,-1,-1,-1
-1,-1,-1,-1
-1,-1,-1,-1
-1,-1,-1,-1
-1,-1,-1,-1
-1,-1,-1,-1
-1,-1,-1,-1
-1,-1,-1,-1
-1,-1,-1,-1
-1,-1,-1,-1
-1,-1,-1,-1
-1,-1,-1,-1
-1,-1,-1,-1
-1,-1,-1,-1
-1,-1,-1,-1
-1,-1,-1,-1
-1,-1,-1,-1
-1,-1,-1,-1
-1,-1,-1,-1
-1,-1,-1,-1
-1,-1,-1,-1
-1,-1,-1,-1
-1,-1,-1,-1
-1,-1,-1,-1
-1,-1,-1,-1
-1,-1,-1,-1
-1,-1,-1,-1
-1,-1,-1,-1
-1,-1,-1,-1
-1,-1,-1,-1
-1,-1,-1,-1
-1,-1,-1,-1
-1,-1,-1,-1
-1,-1,-1,-1
-1,-1,-1,-1
-1,-1,-1,-1
-1,-1,-1,-1
-1,-1,-1,-1
-1,-1,-1,-1
-1,-1,-1,-1
-1,-1,-1,-1
-1,-1,-1,-1
-1,-1,-1,-1
-1,-1,-1,-1
-1,-1,-1,-1
-1,-1,-1,-1
-1,-1,-1,-1
-1,-1,-1,-1
-1,-1,-1,-1
-1,-1,-1,-1
-1,-1,-1,-1
-1,-1,-1,-1
-1,-1,-1,-1
-1,-1,-1,-1
-1,-1,-1,-1
-1,-1,-1,-1
-1,-1,-1,-1
-1,-1,-1,-1
-1,-1,-1,-1
-1,-1,-1,-1
-1,-1,-1,-1
-1,-1,-1,-1
-1,-1,-1,-1
-1,-1,-1,-1
-1,-1,-1,-1
-1,-1,-1,-1
-1,-1,-1,-1
-1,-1,-1,-1
-1,-1,-1,-1
-1,-1,-1,-1
-1,-1,-1,-1
-1,-1,-1,-1
-1,-1,-1,-1
-1,-1,-1,-1
106,54,-1,-1
213,110,-1,-1
320,166,-1,-1
427,222,-1,-1
534,278,-1,-1
641,333,-1,-1
748,389,-1,-1
855,445,-1,-1
962,501,-1,-1
1069,557,26,78
1066,557,26,78
1064,557,26,78
1061,557,26,78
1059,557,26,78
1056,557,26,78
1054,557,26,78
1051,557,26,78
1049,557,26,78
1046,557,26,78
1044,558,28,71
1041,557,28,71
1039,556,28,71
1036,556,28,71
1034,555,28,71
1032,555,28,71
1029,554,28,71
1027,553,28,71
1024,553,28,71
1022,552,28,71
1020,552,30,72
1018,551,30,72
1016,551,30,72
1014,551,30,72
1012,551,30,72
1010,551,30,72
1008,551,30,72
1006,551,30,72
1004,551,30,72
1002,551,30,72
1000,551,26,77
997,551,26,77
995,551,26,77
992,551,26,77
990,551,26,77
988,551,26,77
985,551,26,77
983,551,26,77
980,551,26,77
978,551,26,77
976,552,29,85
972,552,29,85
969,552,29,85
966,552,29,85
963,552,29,85
960,552,29,85
956,552,29,85
953,552,29,85
950,552,29,85
947,552,29,85
944,553,32,76
944,553,32,76
944,553,32,76
944,553,32,76
944,553,32,76
944,553,32,76
944,553,32,76
944,553,32,76
944,553,32,76
