690,284,12,31
689,284,12,31
688,283,12,31
687,282,12,31
687,282,12,31
686,282,12,31
685,281,12,31
684,281,12,31
684,281,12,31
683,281,12,31
682,281,12,31
681,281,12,31
680,280,12,31
680,280,12,31
679,280,12,31
678,280,12,31
678,280,12,31
677,280,12,31
676,280,12,31
676,280,12,31
675,280,12,31
675,280,12,31
674,280,12,31
674,280,12,31
674,280,12,31
673,280,12,31
673,280,12,31
672,280,12,31
672,279,12,31
671,279,12,31
671,279,12,31
670,279,12,31
669,279,12,31
669,279,12,31
668,279,12,31
667,278,12,31
667,278,12,31
666,278,12,31
666,278,12,31
665,278,12,31
664,278,12,31
664,278,12,31
663,277,12,31
662,277,12,31
662,277,12,31
661,277,12,31
660,277,12,31
659,277,12,31
659,276,12,31
658,276,12,31
658,276,12,31
657,276,12,31
657,276,12,31
657,276,12,31
656,276,12,31
656,275,12,31
655,275,12,31
655,275,12,31
655,275,12,31
654,275,12,31
654,274,12,31
653,274,12,31
652,274,12,31
651,273,12,31
651,273,12,31
650,272,12,31
649,272,12,31
649,272,12,31
648,271,12,31
647,271,12,31
647,271,12,31
646,271,12,31
645,271,12,31
645,271,12,31
644,271,12,31
644,271,12,31
643,271,12,31
642,271,12,31
642,271,12,31
641,271,12,31
641,271,12,31
640,271,12,31
640,270,12,31
640,270,12,31
640,270,12,31
639,270,12,31
639,270,12,31
639,270,12,31
638,269,12,31
638,269,12,31
638,269,12,31
637,269,12,31
637,269,12,31
636,269,12,31
636,269,12,31
635,269,12,31
635,269,12,31
634,269,12,31
634,269,12,31
633,269,12,31
633,268,12,31
632,267,12,31
632,267,12,31
632,266,12,31
631,265,12,31
631,264,12,31
630,263,12,31
630,262,12,31
629,261,12,31
629,260,12,31
628,260,12,31
628,260,12,31
628,260,12,31
628,260,12,31
627,260,12,31
627,260,12,31
627,260,12,31
626,260,12,31
626,260,12,31
626,260,12,31
625,260,12,31
625,260,12,31
624,259,12,31
624,259,12,31
623,259,12,31
623,259,12,31
622,258,12,31
622,258,12,31
621,258,12,31
621,258,12,31
620,258,12,31
620,258,12,31
619,258,12,31
619,258,12,31
618,258,12,31
618,258,12,31
617,258,12,31
617,258,12,31
616,258,12,31
616,258,12,31
615,258,12,31
615,258,12,31
614,258,12,31
613,258,12,31
613,258,12,31
612,258,12,31
612,258,12,31
611,258,12,31
611,258,12,31
610,258,12,31
610,258,12,31
609,258,12,31
609,258,12,31
608,257,12,31
608,257,12,31
608,257,12,31
607,257,12,31
607,257,12,31
606,257,12,31
606,257,12,31
605,257,12,31
605,257,12,31
604,257,12,31
604,257,12,31
604,257,12,31
603,256,12,31
603,256,12,31
602,256,12,31
602,256,12,31
601,256,12,31
601,256,12,31
601,256,12,31
600,256,12,31
600,256,12,31
599,256,12,31
599,256,12,31
598,256,12,31
598,255,12,31
597,255,12,31
597,255,12,31
597,255,12,31
596,255,12,31
596,255,12,31
595,255,12,31
595,254,12,31
594,254,12,31
594,254,12,31
593,254,12,31
593,254,12,31
592,254,12,31
592,254,12,31
591,253,12,31
591,253,12,31
591,253,12,31
590,253,12,31
590,253,12,31
589,253,12,31
589,253,12,31
588,252,12,31
588,252,12,31
587,252,12,31
587,252,12,31
586,252,12,31
585,252,12,31
585,252,12,31
584,252,12,31
584,252,12,31
583,252,12,31
582,252,12,31
582,252,12,31
581,252,12,31
580,252,12,31
580,252,12,31
579,252,12,31
579,252,12,31
578,252,12,31
577,252,12,31
577,252,12,31
576,252,12,31
576,252,12,31
575,252,12,31
574,252,12,31
574,252,12,31
573,252,12,31
572,252,12,31
572,252,12,31
571,252,12,31
571,252,12,31
570,252,12,31
569,252,12,31
569,252,12,31
568,251,12,31
567,251,12,31
567,251,12,31
566,251,12,31
566,251,12,31
565,251,12,31
564,251,12,31
564,251,12,31
563,251,12,31
563,251,12,31
562,251,12,31
562,251,12,31
561,251,12,31
561,251,12,31
560,251,12,31
560,251,12,31
559,251,12,31
559,251,12,31
559,251,12,31
558,251,12,31
558,251,12,31
557,251,12,31
557,251,12,31
556,251,12,31
556,251,12,31
555,251,12,31
555,251,12,31
554,251,12,31
554,251,12,31
553,251,12,31
552,251,12,31
551,251,12,31
551,251,12,31
550,250,12,31
549,250,12,31
548,250,12,31
547,250,12,31
547,250,12,31
546,250,12,31
545,250,12,31
544,250,12,31
543,250,12,31
543,250,12,31
542,250,12,31
541,250,12,31
540,249,12,31
539,249,12,31
539,249,12,31
538,249,12,31
537,249,12,31
537,250,12,31
537,250,12,31
536,250,12,31
536,250,12,31
535,251,12,31
535,251,12,31
535,251,12,31
534,251,12,31
534,252,12,31
533,252,12,31
533,252,12,31
532,252,12,31
532,252,12,31
531,252,12,31
530,252,12,31
530,252,12,31
529,253,12,31
529,253,12,31
528,253,12,31
528,253,12,31
527,253,12,31
527,253,12,31
527,253,12,31
526,253,12,31
526,253,12,31
525,252,12,31
525,252,12,31
525,252,12,31
524,252,12,31
524,252,12,31
523,252,12,31
522,252,12,31
522,252,12,31
521,252,12,31
521,252,12,31
520,252,12,31
520,252,12,31
519,252,12,31
518,252,12,31
518,252,12,31
517,253,12,31
517,253,12,31
516,253,12,31
515,253,12,31
515,253,12,31
514,253,12,31
513,253,12,31
513,253,12,31
512,253,12,31
512,253,12,31
512,253,12,31
511,253,12,31
511,254,12,31
510,254,12,31
510,254,12,31
510,254,12,31
509,254,12,31
509,254,12,31
509,254,12,31
508,254,12,31
508,255,12,31
508,255,12,31
507,255,12,31
507,255,12,31
506,255,12,31
506,255,12,31
506,256,12,31
505,256,12,31
505,256,12,31
505,256,12,31
504,256,12,31
504,256,12,31
503,256,12,31
503,257,12,31
503,257,12,31
502,257,12,31
502,257,12,31
501,257,12,31
501,257,12,31
500,257,12,31
500,258,12,31
499,258,12,31
498,258,12,31
498,258,12,31
497,258,12,31
496,258,12,31
496,258,12,31
495,258,12,31
494,258,12,31
494,258,12,31
493,258,12,31
493,258,12,31
492,258,12,31
491,258,12,31
491,258,12,31
490,258,12,31
490,258,12,31
489,257,12,31
488,257,12,31
488,257,12,31
487,257,12,31
487,257,12,31
486,257,12,31
486,257,12,31
485,257,12,31
485,258,12,31
484,258,12,31
484,258,12,31
483,258,12,31
483,258,12,31
482,258,12,31
482,258,12,31
481,258,12,31
480,258,12,31
480,258,12,31
479,258,12,31
479,258,12,31
478,258,12,31
478,258,12,31
477,258,12,31
477,258,12,31
476,258,12,31
475,258,12,31
475,258,12,31
474,258,12,31
474,258,12,31
473,258,12,31
472,258,12,31
472,258,12,31
471,258,12,31
470,258,12,31
470,258,12,31
469,258,12,31
469,259,12,31
468,259,12,31
467,259,12,31
467,259,12,31
466,259,12,31
466,259,12,31
465,259,12,31
464,259,12,31
464,259,12,31
463,259,12,31
463,259,12,31
462,260,12,31
461,260,12,31
461,260,12,31
460,260,12,31
460,260,12,31
459,260,12,31
458,260,12,31
458,260,12,31
457,260,12,31
456,259,12,31
456,259,12,31
455,259,12,31
455,259,12,31
454,259,12,31
453,259,12,31
453,259,12,31
452,259,12,31
451,259,12,31
451,259,12,31
450,259,12,31
449,259,12,31
449,258,12,31
448,258,12,31
448,258,12,31
447,258,12,31
447,258,12,31
446,258,12,31
446,258,12,31
446,258,12,31
446,258,12,31
445,258,12,31
445,258,12,31
445,258,12,31
444,258,12,31
444,258,12,31
444,258,12,31
444,257,12,31
443,257,12,31
443,257,12,31
443,257,12,31
442,257,12,31
442,257,12,31
442,257,12,31
442,257,12,31
441,257,12,31
441,257,12,31
440,257,12,31
439,257,12,31
439,257,12,31
438,257,12,31
437,257,12,31
437,256,12,31
436,256,12,31
435,256,12,31
435,256,12,31
434,256,12,31
433,256,12,31
433,256,12,31
432,256,12,31
432,256,12,31
431,255,12,31
430,255,12,31
430,255,12,31
429,255,12,31
429,255,12,31
428,255,12,31
427,255,12,31
427,254,12,31
426,254,12,31
426,254,12,31
425,254,12,31
425,254,12,31
424,254,12,31
423,254,12,31
423,254,12,31
422,254,12,31
422,254,12,31
421,254,12,31
420,254,12,31
420,254,12,31
419,254,12,31
419,254,12,31
418,254,12,31
417,254,12,31
417,254,12,31
416,254,12,31
416,254,12,31
415,254,12,31
415,254,12,31
414,254,12,31
413,254,12,31
413,254,12,31
412,254,12,31
412,254,12,31
411,254,12,31
410,254,12,31
410,254,12,31
409,254,12,31
408,254,12,31
407,254,12,31
407,253,12,31
406,253,12,31
405,253,12,31
405,253,12,31
404,253,12,31
403,253,12,31
403,253,12,31
402,252,12,31
401,252,12,31
401,252,12,31
400,252,12,31
400,252,12,31
399,252,12,31
399,252,12,31
398,252,12,31
397,252,12,31
397,252,12,31
396,251,12,31
396,251,12,31
395,251,12,31
395,251,12,31
394,251,12,31
393,251,12,31
393,251,12,31
392,251,12,31
392,251,12,31
391,251,12,31
391,251,12,31
390,251,12,31
389,251,12,31
389,251,12,31
388,251,12,31
388,251,12,31
387,251,12,31
387,251,12,31
386,251,12,31
386,251,12,31
385,251,12,31
384,251,12,31
384,251,12,31
383,251,12,31
383,250,12,31
382,250,12,31
382,250,12,31
381,250,12,31
380,250,12,31
380,250,12,31
379,250,12,31
379,250,12,31
378,250,12,31
378,250,12,31
377,250,12,31
376,250,12,31
376,250,12,31
375,250,12,31
375,250,12,31
375,250,12,31
374,250,12,31
374,251,12,31
374,251,12,31
373,251,12,31
373,251,12,31
373,251,12,31
372,251,12,31
372,251,12,31
372,251,12,31
372,251,12,31
371,251,12,31
371,251,12,31
371,251,12,31
370,251,12,31
370,251,12,31
370,251,12,31
369,251,12,31
369,251,12,31
368,251,12,31
368,251,12,31
367,251,12,31
366,251,12,31
366,251,12,31
365,251,12,31
364,251,12,31
364,251,12,31
363,251,12,31
362,251,12,31
362,251,12,31
361,251,12,31
360,251,12,31
360,251,12,31
359,251,12,31
358,251,12,31
357,251,12,31
357,251,12,31
356,251,12,31
355,251,12,31
355,251,12,31
354,251,12,31
353,251,12,31
353,251,12,31
352,251,12,31
351,251,12,31
351,251,12,31
350,251,12,31
349,251,12,31
349,251,12,31
348,251,12,31
348,251,12,31
347,251,12,31
346,251,12,31
346,251,12,31
345,252,12,31
345,252,12,31
344,252,12,31
344,252,12,31
343,252,12,31
343,252,12,31
342,252,12,31
341,252,12,31
341,252,12,31
340,252,12,31
340,252,12,31
339,252,12,31
339,252,12,31
338,252,12,31
338,252,12,31
337,252,12,31
336,252,12,31
336,252,12,31
335,252,12,31
335,252,12,31
334,253,12,31
334,253,12,31
333,253,12,31
333,253,12,31
332,253,12,31
331,253,12,31
331,253,12,31
330,253,12,31
330,253,12,31
329,253,12,31
329,253,12,31
328,253,12,31
327,253,12,31
327,253,12,31
326,253,12,31
326,253,12,31
325,253,12,31
325,253,12,31
324,253,12,31
323,253,12,31
323,253,12,31
322,253,12,31
322,253,12,31
321,253,12,31
320,253,12,31
320,253,12,31
319,253,12,31
319,253,12,31
318,253,12,31
317,253,12,31
317,253,12,31
316,253,12,31
316,253,12,31
315,253,12,31
314,253,12,31
314,253,12,31
313,253,12,31
313,253,12,31
312,253,12,31
311,253,12,31
311,253,12,31
310,253,12,31
309,253,12,31
309,253,12,31
308,253,12,31
308,253,12,31
307,253,12,31
306,253,12,31
306,253,12,31
305,253,12,31
305,253,12,31
304,252,12,31
303,252,12,31
303,252,12,31
302,252,12,31
302,252,12,31
301,252,12,31
300,252,12,31
300,252,12,31
299,252,12,31
299,252,12,31
298,252,12,31
297,252,12,31
297,252,12,31
296,252,12,31
295,252,12,31
295,252,12,31
294,252,12,31
294,252,12,31
293,252,12,31
292,252,12,31
292,252,12,31
291,252,12,31
291,252,12,31
290,252,12,31
289,252,12,31
289,252,12,31
288,252,12,31
288,252,12,31
287,252,12,31
286,252,12,31
286,252,12,31
285,252,12,31
285,252,12,31
284,252,12,31
283,252,12,31
283,252,12,31
282,252,12,31
282,253,12,31
281,253,12,31
280,253,12,31
280,253,12,31
279,253,12,31
278,253,12,31
278,253,12,31
277,253,12,31
277,253,12,31
276,253,12,31
275,253,12,31
275,253,12,31
274,253,12,31
274,253,12,31
273,253,12,31
272,253,12,31
272,253,12,31
271,253,12,31
271,253,12,31
270,253,12,31
269,253,12,31
269,253,12,31
268,253,12,31
267,253,12,31
267,253,12,31
266,253,12,31
265,253,12,31
265,253,12,31
264,253,12,31
263,253,12,31
263,253,12,31
262,253,12,31
261,253,12,31
261,253,12,31
260,253,12,31
259,253,12,31
259,253,12,31
258,253,12,31
258,253,12,31
257,253,12,31
256,253,12,31
256,252,12,31
255,252,12,31
255,252,12,31
254,252,12,31
254,252,12,31
253,252,12,31
253,251,12,31
252,251,12,31
252,251,12,31
251,251,12,31
251,251,12,31
250,251,12,31
249,251,12,31
248,251,12,31
247,251,12,31
246,251,12,31
246,251,12,31
245,251,12,31
244,251,12,31
244,252,12,31
243,252,12,31
242,252,12,31
241,252,12,31
241,252,12,31
240,252,12,31
240,253,12,31
239,253,12,31
239,254,12,31
239,254,12,31
238,254,12,31
238,255,12,31
237,255,12,31
236,255,12,31
235,255,12,31
234,255,12,31
232,255,12,31
231,255,12,31
230,255,12,31
229,255,12,31
227,255,12,31
226,255,12,31
226,255,12,31
226,255,12,31
226,255,12,31
226,255,12,31
226,255,12,31
226,255,12,31
225,255,12,31
224,256,12,31
223,256,12,31
223,256,12,31
222,256,12,31
221,256,12,31
221,256,12,31
220,256,12,31
219,256,12,31
219,256,12,31
218,256,12,31
217,256,12,31
217,256,12,31
216,256,12,31
216,256,12,31
215,257,12,31
215,257,12,31
214,257,12,31
214,257,12,31
213,257,12,31
212,257,12,31
212,257,12,31
211,257,12,31
210,257,12,31
210,257,12,31
209,257,12,31
209,257,12,31
208,257,12,31
207,257,12,31
207,257,12,31
206,257,12,31
205,257,12,31
205,257,12,31
204,257,12,31
203,257,12,31
203,257,12,31
202,257,12,31
201,257,12,31
201,257,12,31
200,257,12,31
200,257,12,31
200,257,12,31
199,257,12,31
199,257,12,31
198,257,12,31
198,257,12,31
197,257,12,31
197,257,12,31
197,257,12,31
196,257,12,31
195,257,12,31
195,257,12,31
194,258,12,31
193,258,12,31
193,258,12,31
192,258,12,31
191,258,12,31
191,258,12,31
190,259,12,31
189,258,12,31
188,258,12,31
187,258,12,31
187,258,12,31
186,258,12,31
185,258,12,31
184,257,12,31
183,257,12,31
182,257,12,31
182,257,12,31
181,257,12,31
181,257,12,31
180,257,12,31
180,257,12,31
179,257,12,31
179,257,12,31
178,257,12,31
178,257,12,31
177,257,12,31
177,257,12,31
176,257,12,31
176,257,12,31
175,257,12,31
174,257,12,31
174,258,12,31
173,258,12,31
173,258,12,31
172,258,12,31
171,258,12,31
171,258,12,31
170,258,12,31
169,258,12,31
169,258,12,31
168,258,12,31
167,259,12,31
167,259,12,31
166,259,12,31
165,259,12,31
164,259,12,31
164,259,12,31
163,259,12,31
162,259,12,31
162,259,12,31
161,259,12,31
161,259,12,31
160,258,12,31
159,258,12,31
159,258,12,31
158,258,12,31
157,258,12,31
157,258,12,31
156,258,12,31
156,258,12,31
155,258,12,31
154,258,12,31
154,258,12,31
153,258,12,31
153,258,12,31
152,258,12,31
151,258,12,31
151,258,12,31
150,258,12,31
150,258,12,31
149,258,12,31
149,258,12,31
148,258,12,31
147,258,12,31
147,258,12,31
146,259,12,31
146,259,12,31
145,259,12,31
144,259,12,31
144,259,12,31
143,259,12,31
142,259,12,31
141,259,12,31
141,259,12,31
140,259,12,31
139,259,12,31
139,259,12,31
138,259,12,31
137,259,12,31
136,259,12,31
136,259,12,31
135,259,12,31
134,259,12,31
134,259,12,31
133,259,12,31
132,259,12,31
131,259,12,31
131,259,12,31
130,259,12,31
130,259,12,31
129,260,12,31
128,260,12,31
128,260,12,31
127,260,12,31
126,260,12,31
126,260,12,31
125,260,12,31
125,261,12,31
124,261,12,31
124,261,12,31
123,261,12,31
123,261,12,31
122,261,12,31
122,262,12,31
121,262,12,31
121,262,12,31
120,262,12,31
120,262,12,31
119,263,12,31
119,263,12,31
118,263,12,31
118,263,12,31
117,263,12,31
117,263,12,31
116,264,12,31
116,264,12,31
115,264,12,31
115,264,12,31
114,264,12,31
113,264,12,31
113,264,12,31
112,264,12,31
112,264,12,31
111,264,12,31
111,264,12,31
110,264,12,31
109,264,12,31
109,264,12,31
108,264,12,31
108,265,12,31
107,265,12,31
106,265,12,31
106,265,12,31
105,265,12,31
104,265,12,31
104,265,12,31
103,265,12,31
103,265,12,31
102,265,12,31
101,265,12,31
101,265,12,31
100,265,12,31
100,265,12,31
99,265,12,31
98,265,12,31
98,266,12,31
97,266,12,31
96,266,12,31
96,266,12,31
95,266,12,31
95,266,12,31
94,266,12,31
93,266,12,31
93,266,12,31
92,266,12,31
91,266,12,31
91,266,12,31
90,266,12,31
90,266,12,31
89,266,12,31
88,266,12,31
87,267,12,31
87,267,12,31
86,267,12,31
85,267,12,31
85,267,12,31
84,267,12,31
83,267,12,31
83,267,12,31
82,267,12,31
81,267,12,31
81,267,12,31
80,267,12,31
79,267,12,31
79,267,12,31
78,267,12,31
77,267,12,31
77,267,12,31
76,267,12,31
76,268,12,31
75,268,12,31
75,268,12,31
74,268,12,31
74,268,12,31
73,268,12,31
73,268,12,31
72,268,12,31
72,268,12,31
71,268,12,31
70,268,12,31
70,268,12,31
69,268,12,31
68,268,12,31
68,268,12,31
67,268,12,31
66,268,12,31
66,268,12,31
65,268,12,31
65,268,12,31
64,268,12,31
63,268,12,31
63,268,12,31
62,268,12,31
61,268,12,31
61,268,12,31
60,268,12,31
60,268,12,31
59,268,12,31
58,268,12,31
58,268,12,31
57,268,12,31
56,269,12,31
56,269,12,31
55,269,12,31
54,269,12,31
54,269,12,31
53,269,12,31
52,269,12,31
52,269,12,31
51,269,12,31
50,269,12,31
50,269,12,31
49,269,12,31
48,269,12,31
47,270,12,31
47,270,12,31
46,270,12,31
46,270,12,31
45,270,12,31
45,270,12,31
44,270,12,31
44,270,12,31
44,270,12,31
43,270,12,31
43,270,12,31
42,270,12,31
42,270,12,31
41,270,12,31
40,270,12,31
40,270,12,31
39,271,12,31
38,271,12,31
38,271,12,31
37,271,12,31
36,271,12,31
36,271,12,31
35,271,12,31
34,271,12,31
34,271,12,31
33,272,12,31
32,272,12,31
31,272,12,31
31,272,12,31
30,272,12,31
29,272,12,31
29,272,12,31
28,272,12,31
27,273,12,31
27,273,12,31
26,273,12,31
25,273,12,31
25,273,12,31
24,273,12,31
23,273,12,31
22,273,12,31
22,273,12,31
21,274,12,31
20,274,12,31
20,274,12,31
19,274,12,31
18,274,12,31
18,274,12,31
17,274,12,31
16,274,12,31
16,274,12,31
15,274,12,31
14,274,12,31
14,274,12,31
13,275,12,31
13,275,12,31
12,275,12,31
11,275,12,31
11,275,12,31
10,275,12,31
9,275,12,31
9,275,12,31
8,275,12,31
7,275,12,31
7,275,12,31
6,275,12,31
6,275,12,31
5,275,12,31
4,275,12,31
4,275,12,31
3,275,12,31
3,275,12,31
2,275,12,31
2,275,12,31
1,275,12,31
1,275,12,31
1,275,12,31
0,275,12,31
0,275,12,31
0,275,12,31
0,275,12,31
-1,275,12,31
-2,276,12,31
-3,274,12,31
-9,279,12,31
713,311,12,31
713,311,12,31
713,311,12,31
712,310,12,31
712,310,12,31
712,310,12,31
712,310,12,31
712,309,12,31
711,309,12,31
711,309,12,31
711,309,12,31
711,309,12,31
711,308,12,31
711,308,12,31
710,308,12,31
710,308,12,31
710,307,12,31
710,307,12,31
709,307,12,31
708,307,12,31
707,307,12,31
706,307,12,31
705,306,12,31
705,306,12,31
704,306,12,31
704,306,12,31
703,306,12,31
703,306,12,31
702,305,12,31
701,305,12,31
700,305,12,31
699,305,12,31
699,305,12,31
698,305,12,31
697,305,12,31
696,304,12,31
695,304,12,31
694,304,12,31
694,304,12,31
694,304,12,31
693,304,12,31
693,304,12,31
693,304,12,31
692,304,12,31
692,304,12,31
692,304,12,31
692,304,12,31
691,304,12,31
691,304,12,31
690,304,12,31
690,304,12,31
689,304,12,31
688,303,12,31
688,303,12,31
687,303,12,31
687,303,12,31
686,303,12,31
685,303,12,31
685,303,12,31
684,303,12,31
684,303,12,31
683,302,12,31
683,302,12,31
682,302,12,31
681,302,12,31
681,302,12,31
680,302,12,31
680,302,12,31
679,302,12,31
678,302,12,31
678,302,12,31
677,302,12,31
677,302,12,31
676,302,12,31
675,302,12,31
675,302,12,31
674,302,12,31
674,302,12,31
673,302,12,31
672,302,12,31
672,302,12,31
671,302,12,31
671,302,12,31
670,302,12,31
669,302,12,31
669,302,12,31
668,302,12,31
668,302,12,31
667,302,12,31
666,302,12,31
666,302,12,31
665,302,12,31
665,302,12,31
664,302,12,31
663,302,12,31
663,302,12,31
662,302,12,31
662,302,12,31
661,302,12,31
660,302,12,31
660,302,12,31
659,302,12,31
659,302,12,31
658,302,12,31
657,302,12,31
657,302,12,31
656,302,12,31
656,302,12,31
655,302,12,31
655,302,12,31
654,302,12,31
653,302,12,31
653,302,12,31
652,302,12,31
652,301,12,31
651,301,12,31
651,301,12,31
650,301,12,31
649,301,12,31
649,301,12,31
648,301,12,31
648,301,12,31
647,301,12,31
647,301,12,31
646,301,12,31
645,301,12,31
645,301,12,31
644,301,12,31
644,301,12,31
643,301,12,31
643,301,12,31
642,301,12,31
641,301,12,31
641,301,12,31
640,301,12,31
640,301,12,31
639,300,12,31
639,300,12,31
638,300,12,31
638,300,12,31
637,300,12,31
637,300,12,31
636,300,12,31
636,300,12,31
635,300,12,31
634,300,12,31
634,300,12,31
633,300,12,31
633,300,12,31
632,300,12,31
632,300,12,31
631,300,12,31
631,300,12,31
630,299,12,31
630,299,12,31
629,299,12,31
629,299,12,31
628,299,12,31
627,299,12,31
627,299,12,31
626,299,12,31
626,299,12,31
625,299,12,31
625,299,12,31
624,299,12,31
624,299,12,31
623,299,12,31
623,299,12,31
622,299,12,31
621,299,12,31
621,299,12,31
620,299,12,31
620,298,12,31
619,298,12,31
619,298,12,31
618,298,12,31
617,298,12,31
617,298,12,31
616,298,12,31
616,298,12,31
615,298,12,31
615,298,12,31
614,298,12,31
613,298,12,31
613,298,12,31
612,298,12,31
612,298,12,31
611,298,12,31
611,298,12,31
610,298,12,31
610,298,12,31
609,298,12,31
608,298,12,31
608,298,12,31
607,298,12,31
607,298,12,31
606,298,12,31
606,297,12,31
605,297,12,31
605,297,12,31
604,297,12,31
604,297,12,31
603,297,12,31
603,297,12,31
602,297,12,31
602,297,12,31
601,297,12,31
601,297,12,31
600,297,12,31
600,297,12,31
599,297,12,31
599,297,12,31
598,297,12,31
598,297,12,31
597,297,12,31
597,296,12,31
596,296,12,31
596,296,12,31
595,296,12,31
594,296,12,31
594,296,12,31
593,296,12,31
593,296,12,31
592,296,12,31
591,296,12,31
591,296,12,31
590,295,12,31
590,295,12,31
589,295,12,31
588,295,12,31
588,295,12,31
587,295,12,31
587,295,12,31
586,295,12,31
585,295,12,31
585,295,12,31
584,295,12,31
584,294,12,31
583,294,12,31
583,294,12,31
582,294,12,31
582,294,12,31
581,294,12,31
581,294,12,31
580,294,12,31
580,294,12,31
579,294,12,31
579,293,12,31
579,293,12,31
578,293,12,31
578,293,12,31
577,293,12,31
577,293,12,31
576,293,12,31
576,293,12,31
575,293,12,31
575,293,12,31
574,292,12,31
574,292,12,31
573,292,12,31
573,292,12,31
572,292,12,31
572,292,12,31
571,292,12,31
571,292,12,31
570,292,12,31
570,292,12,31
569,292,12,31
569,292,12,31
568,291,12,31
568,291,12,31
567,291,12,31
567,291,12,31
566,291,12,31
566,291,12,31
565,291,12,31
565,291,12,31
564,291,12,31
564,291,12,31
563,291,12,31
563,290,12,31
562,290,12,31
562,290,12,31
561,290,12,31
561,290,12,31
560,290,12,31
560,290,12,31
559,290,12,31
558,290,12,31
558,290,12,31
557,290,12,31
557,290,12,31
556,289,12,31
556,289,12,31
555,289,12,31
555,289,12,31
554,289,12,31
554,289,12,31
553,289,12,31
553,289,12,31
552,289,12,31
552,289,12,31
551,289,12,31
551,289,12,31
550,289,12,31
549,289,12,31
549,289,12,31
548,289,12,31
548,288,12,31
547,288,12,31
547,288,12,31
546,288,12,31
546,288,12,31
545,288,12,31
545,288,12,31
544,288,12,31
543,288,12,31
543,288,12,31
542,288,12,31
542,288,12,31
541,288,12,31
541,288,12,31
540,288,12,31
540,288,12,31
539,288,12,31
539,288,12,31
538,288,12,31
537,288,12,31
537,288,12,31
536,287,12,31
536,287,12,31
535,287,12,31
535,287,12,31
534,287,12,31
534,287,12,31
533,287,12,31
532,287,12,31
532,287,12,31
531,287,12,31
531,287,12,31
530,287,12,31
530,287,12,31
529,287,12,31
529,287,12,31
528,287,12,31
528,287,12,31
527,287,12,31
527,287,12,31
526,287,12,31
526,287,12,31
525,287,12,31
525,287,12,31
525,287,12,31
524,286,12,31
524,286,12,31
523,286,12,31
523,286,12,31
522,286,12,31
522,286,12,31
521,286,12,31
521,286,12,31
521,286,12,31
520,286,12,31
520,285,12,31
520,285,12,31
519,285,12,31
519,285,12,31
518,285,12,31
518,285,12,31
518,285,12,31
517,285,12,31
517,285,12,31
516,285,12,31
516,285,12,31
516,285,12,31
515,285,12,31
515,285,12,31
515,285,12,31
514,285,12,31
-1,-1,-1,-1
-1,-1,-1,-1
-1,-1,-1,-1
-1,-1,-1,-1
-1,-1,-1,-1
-1,-1,-1,-1
-1,-1,-1,-1
-1,-1,-1,-1
-1,-1,-1,-1
-1,-1,-1,-1
-1,-1,-1,-1
-1,-1,-1,-1
-1,-1,-1,-1
-1,-1,-1,-1
-1,-1,-1,-1
-1,-1,-1,-1
-1,-1,-1,-1
-1,-1,-1,-1
-1,-1,-1,-1
-1,-1,-1,-1
-1,-1,-1,-1
-1,-1,-1,-1
-1,-1,-1,-1
-1,-1,-1,-1
-1,-1,-1,-1
-1,-1,-1,-1
-1,-1,-1,-1
-1,-1,-1,-1
-1,-1,-1,-1
-1,-1,-1,-1
-1,-1,-1,-1
-1,-1,-1,-1
-1,-1,-1,-1
-1,-1,-1,-1
-1,-1,-1,-1
-1,-1,-1,-1
-1,-1,-1,-1
-1,-1,-1,-1
-1,-1,-1,-1
-1,-1,-1,-1
-1,-1,-1,-1
-1,-1,-1,-1
-1,-1,-1,-1
-1,-1,-1,-1
-1,-1,-1,-1
-1,-1,-1,-1
-1,-1,-1,-1
-1,-1,-1,-1
-1,-1,-1,-1
-1,-1,-1,-1
-1,-1,-1,-1
-1,-1,-1,-1
-1,-1,-1,-1
-1,-1,-1,-1
-1,-1,-1,-1
-1,-1,-1,-1
-1,-1,-1,-1
-1,-1,-1,-1
-1,-1,-1,-1
-1,-1,-1,-1
-1,-1,-1,-1
-1,-1,-1,-1
-1,-1,-1,-1
-1,-1,-1,-1
-1,-1,-1,-1
-1,-1,-1,-1
-1,-1,-1,-1
-1,-1,-1,-1
-1,-1,-1,-1
-1,-1,-1,-1
-1,-1,-1,-1
-1,-1,-1,-1
-1,-1,-1,-1
-1,-1,-1,-1
-1,-1,-1,-1
-1,-1,-1,-1
-1,-1,-1,-1
-1,-1,-1,-1
-1,-1,-1,-1
-1,-1,-1,-1
-1,-1,-1,-1
-1,-1,-1,-1
-1,-1,-1,-1
-1,-1,-1,-1
-1,-1,-1,-1
-1,-1,-1,-1
-1,-1,-1,-1
-1,-1,-1,-1
-1,-1,-1,-1
-1,-1,-1,-1
-1,-1,-1,-1
-1,-1,-1,-1
-1,-1,-1,-1
-1,-1,-1,-1
-1,-1,-1,-1
-1,-1,-1,-1
-1,-1,-1,-1
-1,-1,-1,-1
-1,-1,-1,-1
-1,-1,-1,-1
-1,-1,-1,-1
-1,-1,-1,-1
-1,-1,-1,-1
-1,-1,-1,-1
-1,-1,-1,-1
-1,-1,-1,-1
-1,-1,-1,-1
-1,-1,-1,-1
-1,-1,-1,-1
-1,-1,-1,-1
-1,-1,-1,-1
-1,-1,-1,-1
-1,-1,-1,-1
-1,-1,-1,-1
-1,-1,-1,-1
-1,-1,-1,-1
-1,-1,-1,-1
-1,-1,-1,-1
-1,-1,-1,-1
-1,-1,-1,-1
-1,-1,-1,-1
-1,-1,-1,-1
-1,-1,-1,-1
-1,-1,-1,-1
-1,-1,-1,-1
-1,-1,-1,-1
-1,-1,-1,-1
-1,-1,-1,-1
-1,-1,-1,-1
-1,-1,-1,-1
-1,-1,-1,-1
-1,-1,-1,-1
-1,-1,-1,-1
-1,-1,-1,-1
-1,-1,-1,-1
-1,-1,-1,-1
-1,-1,-1,-1
-1,-1,-1,-1
-1,-1,-1,-1
-1,-1,-1,-1
-1,-1,-1,-1
-1,-1,-1,-1
-1,-1,-1,-1
-1,-1,-1,-1
-1,-1,-1,-1
-1,-1,-1,-1
-1,-1,-1,-1
-1,-1,-1,-1
-1,-1,-1,-1
-1,-1,-1,-1
-1,-1,-1,-1
-1,-1,-1,-1
-1,-1,-1,-1
-1,-1,-1,-1
-1,-1,-1,-1
-1,-1,-1,-1
-1,-1,-1,-1
-1,-1,-1,-1
-1,-1,-1,-1
-1,-1,-1,-1
-1,-1,-1,-1
-1,-1,-1,-1
-1,-1,-1,-1
-1,-1,-1,-1
-1,-1,-1,-1
-1,-1,-1,-1
-1,-1,-1,-1
-1,-1,-1,-1
-1,-1,-1,-1
-1,-1,-1,-1
-1,-1,-1,-1
-1,-1,-1,-1
-1,-1,-1,-1
-1,-1,-1,-1
-1,-1,-1,-1
-1,-1,-1,-1
-1,-1,-1,-1
-1,-1,-1,-1
-1,-1,-1,-1
-1,-1,-1,-1
-1,-1,-1,-1
-1,-1,-1,-1
-1,-1,-1,-1
-1,-1,-1,-1
-1,-1,-1,-1
-1,-1,-1,-1
-1,-1,-1,-1
-1,-1,-1,-1
-1,-1,-1,-1
-1,-1,-1,-1
-1,-1,-1,-1
-1,-1,-1,-1
-1,-1,-1,-1
-1,-1,-1,-1
-1,-1,-1,-1
-1,-1,-1,-1
-1,-1,-1,-1
-1,-1,-1,-1
-1,-1,-1,-1
-1,-1,-1,-1
-1,-1,-1,-1
-1,-1,-1,-1
-1,-1,-1,-1
-1,-1,-1,-1
-1,-1,-1,-1
-1,-1,-1,-1
-1,-1,-1,-1
-1,-1,-1,-1
-1,-1,-1,-1
-1,-1,-1,-1
-1,-1,-1,-1
-1,-1,-1,-1
-1,-1,-1,-1
-1,-1,-1,-1
-1,-1,-1,-1
-1,-1,-1,-1
-1,-1,-1,-1
-1,-1,-1,-1
-1,-1,-1,-1
-1,-1,-1,-1
-1,-1,-1,-1
-1,-1,-1,-1
-1,-1,-1,-1
-1,-1,-1,-1
-1,-1,-1,-1
-1,-1,-1,-1
-1,-1,-1,-1
-1,-1,-1,-1
-1,-1,-1,-1
-1,-1,-1,-1
-1,-1,-1,-1
-1,-1,-1,-1
-1,-1,-1,-1
-1,-1,-1,-1
-1,-1,-1,-1
-1,-1,-1,-1
-1,-1,-1,-1
-1,-1,-1,-1
-1,-1,-1,-1
-1,-1,-1,-1
-1,-1,-1,-1
-1,-1,-1,-1
-1,-1,-1,-1
-1,-1,-1,-1
-1,-1,-1,-1
-1,-1,-1,-1
-1,-1,-1,-1
-1,-1,-1,-1
-1,-1,-1,-1
-1,-1,-1,-1
-1,-1,-1,-1
-1,-1,-1,-1
-1,-1,-1,-1
-1,-1,-1,-1
-1,-1,-1,-1
-1,-1,-1,-1
-1,-1,-1,-1
-1,-1,-1,-1
-1,-1,-1,-1
-1,-1,-1,-1
-1,-1,-1,-1
-1,-1,-1,-1
-1,-1,-1,-1
-1,-1,-1,-1
-1,-1,-1,-1
-1,-1,-1,-1
-1,-1,-1,-1
-1,-1,-1,-1
-1,-1,-1,-1
-1,-1,-1,-1
-1,-1,-1,-1
-1,-1,-1,-1
-1,-1,-1,-1
-1,-1,-1,-1
-1,-1,-1,-1
-1,-1,-1,-1
-1,-1,-1,-1
-1,-1,-1,-1
-1,-1,-1,-1
-1,-1,-1,-1
-1,-1,-1,-1
-1,-1,-1,-1
-1,-1,-1,-1
-1,-1,-1,-1
-1,-1,-1,-1
-1,-1,-1,-1
-1,-1,-1,-1
-1,-1,-1,-1
-1,-1,-1,-1
-1,-1,-1,-1
-1,-1,-1,-1
-1,-1,-1,-1
-1,-1,-1,-1
-1,-1,-1,-1
-1,-1,-1,-1
-1,-1,-1,-1
-1,-1,-1,-1
-1,-1,-1,-1
-1,-1,-1,-1
-1,-1,-1,-1
-1,-1,-1,-1
-1,-1,-1,-1
-1,-1,-1,-1
-1,-1,-1,-1
-1,-1,-1,-1
-1,-1,-1,-1
-1,-1,-1,-1
-1,-1,-1,-1
-1,-1,-1,-1
-1,-1,-1,-1
-1,-1,-1,-1
-1,-1,-1,-1
-1,-1,-1,-1
-1,-1,-1,-1
-1,-1,-1,-1
-1,-1,-1,-1
-1,-1,-1,-1
-1,-1,-1,-1
-1,-1,-1,-1
-1,-1,-1,-1
-1,-1,-1,-1
-1,-1,-1,-1
-1,-1,-1,-1
-1,-1,-1,-1
-1,-1,-1,-1
-1,-1,-1,-1
-1,-1,-1,-1
-1,-1,-1,-1
-1,-1,-1,-1
-1,-1,-1,-1
-1,-1,-1,-1
-1,-1,-1,-1
-1,-1,-1,-1
-1,-1,-1,-1
-1,-1,-1,-1
-1,-1,-1,-1
-1,-1,-1,-1
-1,-1,-1,-1
-1,-1,-1,-1
-1,-1,-1,-1
-1,-1,-1,-1
-1,-1,-1,-1
-1,-1,-1,-1
-1,-1,-1,-1
-1,-1,-1,-1
-1,-1,-1,-1
-1,-1,-1,-1
-1,-1,-1,-1
-1,-1,-1,-1
-1,-1,-1,-1
-1,-1,-1,-1
-1,-1,-1,-1
-1,-1,-1,-1
-1,-1,-1,-1
-1,-1,-1,-1
-1,-1,-1,-1
-1,-1,-1,-1
-1,-1,-1,-1
-1,-1,-1,-1
-1,-1,-1,-1
-1,-1,-1,-1
-1,-1,-1,-1
-1,-1,-1,-1
-1,-1,-1,-1
-1,-1,-1,-1
-1,-1,-1,-1
-1,-1,-1,-1
-1,-1,-1,-1
-1,-1,-1,-1
-1,-1,-1,-1
-1,-1,-1,-1
323,268,12,31
322,268,12,31
322,268,12,31
321,268,12,31
321,268,12,31
320,267,12,31
320,267,12,31
319,267,12,31
319,267,12,31
319,267,12,31
318,267,12,31
318,267,12,31
317,267,12,31
317,267,12,31
317,267,12,31
316,267,12,31
316,267,12,31
315,267,12,31
315,267,12,31
315,267,12,31
314,267,12,31
314,267,12,31
313,267,12,31
313,266,12,31
313,266,12,31
312,266,12,31
312,266,12,31
311,266,12,31
311,266,12,31
311,266,12,31
310,266,12,31
310,266,12,31
310,266,12,31
309,266,12,31
309,266,12,31
308,266,12,31
308,266,12,31
308,266,12,31
307,266,12,31
307,266,12,31
306,265,12,31
306,265,12,31
306,265,12,31
305,265,12,31
305,265,12,31
304,265,12,31
304,265,12,31
304,265,12,31
303,265,12,31
303,265,12,31
302,265,12,31
302,265,12,31
302,265,12,31
301,265,12,31
301,265,12,31
301,265,12,31
300,265,12,31
300,265,12,31
299,264,12,31
299,264,12,31
299,264,12,31
298,264,12,31
298,264,12,31
297,264,12,31
297,264,12,31
297,264,12,31
296,264,12,31
296,264,12,31
295,264,12,31
295,264,12,31
295,264,12,31
294,264,12,31
294,264,12,31
294,264,12,31
293,264,12,31
293,263,12,31
292,263,12,31
292,263,12,31
292,263,12,31
291,263,12,31
291,263,12,31
290,263,12,31
290,263,12,31
290,263,12,31
289,263,12,31
289,263,12,31
288,263,12,31
288,263,12,31
288,263,12,31
287,263,12,31
287,263,12,31
286,263,12,31
286,263,12,31
285,263,12,31
285,263,12,31
284,263,12,31
284,263,12,31
283,263,12,31
283,263,12,31
282,263,12,31
282,263,12,31
281,263,12,31
281,263,12,31
280,263,12,31
280,263,12,31
279,263,12,31
279,263,12,31
278,263,12,31
278,263,12,31
277,263,12,31
277,263,12,31
276,263,12,31
276,263,12,31
275,263,12,31
275,263,12,31
274,263,12,31
273,262,12,31
273,262,12,31
272,262,12,31
272,262,12,31
271,262,12,31
271,262,12,31
270,262,12,31
270,262,12,31
269,262,12,31
269,262,12,31
268,262,12,31
268,262,12,31
268,262,12,31
267,262,12,31
267,262,12,31
266,262,12,31
266,262,12,31
265,262,12,31
265,262,12,31
264,262,12,31
264,262,12,31
263,262,12,31
263,262,12,31
262,262,12,31
262,262,12,31
261,262,12,31
261,262,12,31
260,262,12,31
260,262,12,31
259,262,12,31
259,262,12,31
258,262,12,31
258,262,12,31
258,262,12,31
257,262,12,31
257,262,12,31
256,262,12,31
256,262,12,31
255,262,12,31
255,262,12,31
254,262,12,31
254,262,12,31
253,262,12,31
253,262,12,31
252,262,12,31
252,262,12,31
251,262,12,31
251,262,12,31
250,262,12,31
250,262,12,31
249,261,12,31
249,261,12,31
249,261,12,31
248,261,12,31
248,261,12,31
247,261,12,31
247,261,12,31
246,261,12,31
246,261,12,31
245,261,12,31
245,261,12,31
244,261,12,31
244,261,12,31
243,261,12,31
243,261,12,31
242,261,12,31
242,261,12,31
241,261,12,31
241,261,12,31
240,261,12,31
240,261,12,31
240,261,12,31
239,261,12,31
239,261,12,31
238,261,12,31
238,261,12,31
237,261,12,31
237,261,12,31
236,261,12,31
236,261,12,31
235,261,12,31
235,261,12,31
234,261,12,31
234,261,12,31
233,261,12,31
233,261,12,31
232,261,12,31
232,261,12,31
231,261,12,31
231,261,12,31
230,261,12,31
230,261,12,31
230,261,12,31
229,260,12,31
229,260,12,31
228,260,12,31
228,260,12,31
227,260,12,31
227,260,12,31
226,260,12,31
226,260,12,31
225,260,12,31
225,260,12,31
224,260,12,31
224,260,12,31
223,260,12,31
223,260,12,31
222,260,12,31
222,260,12,31
221,260,12,31
221,260,12,31
221,260,12,31
220,260,12,31
220,260,12,31
219,260,12,31
219,260,12,31
218,260,12,31
218,260,12,31
217,260,12,31
217,260,12,31
216,260,12,31
216,260,12,31
215,260,12,31
215,260,12,31
214,260,12,31
213,260,12,31
213,260,12,31
212,260,12,31
212,260,12,31
211,260,12,31
211,260,12,31
210,260,12,31
210,260,12,31
209,260,12,31
209,260,12,31
208,260,12,31
208,259,12,31
207,259,12,31
207,259,12,31
206,259,12,31
206,259,12,31
205,259,12,31
205,259,12,31
204,259,12,31
204,259,12,31
203,259,12,31
203,259,12,31
202,259,12,31
202,259,12,31
201,259,12,31
201,259,12,31
200,259,12,31
200,259,12,31
199,259,12,31
199,259,12,31
198,259,12,31
198,259,12,31
197,259,12,31
197,259,12,31
196,259,12,31
196,259,12,31
195,259,12,31
195,259,12,31
195,259,12,31
194,259,12,31
194,259,12,31
194,259,12,31
193,259,12,31
192,259,12,31
192,259,12,31
191,259,12,31
191,259,12,31
191,259,12,31
190,259,12,31
190,259,12,31
190,259,12,31
190,259,12,31
