6,270,11,35
7,270,11,35
7,270,11,35
8,270,11,35
9,270,11,35
10,270,11,35
10,270,11,35
11,270,11,35
12,270,11,35
12,270,11,35
13,270,11,35
13,270,11,35
14,270,11,35
14,270,11,35
15,270,11,35
15,270,11,35
16,270,11,35
16,270,11,35
17,270,11,35
17,270,11,35
18,270,11,35
19,270,11,35
19,270,11,35
20,270,11,35
21,270,11,35
21,270,11,35
22,270,11,35
22,270,11,35
23,270,11,35
24,270,11,35
24,270,11,35
25,270,11,35
25,270,11,35
26,270,11,35
26,270,11,35
27,270,11,35
27,270,11,35
28,270,11,35
28,269,11,35
29,269,11,35
29,269,11,35
30,269,11,35
31,269,11,35
31,269,11,35
32,269,11,35
32,269,11,35
33,269,11,35
33,269,11,35
34,269,11,35
35,269,11,35
35,269,11,35
36,269,11,35
36,269,11,35
37,269,11,35
37,269,11,35
38,269,11,35
39,269,11,35
39,269,11,35
40,269,11,35
40,269,11,35
41,269,11,35
42,269,11,35
42,269,11,35
43,269,11,35
44,269,11,35
44,269,11,35
45,269,11,35
46,269,11,35
46,269,11,35
47,269,11,35
47,269,11,35
48,269,11,35
48,269,11,35
49,268,11,35
49,268,11,35
50,268,11,35
50,268,11,35
51,268,11,35
51,268,11,35
52,268,11,35
52,268,11,35
53,268,11,35
54,268,11,35
54,268,11,35
55,268,11,35
56,268,11,35
56,268,11,35
57,268,11,35
58,268,11,35
58,268,11,35
59,268,11,35
59,268,11,35
60,268,11,35
60,268,11,35
61,268,11,35
61,268,11,35
62,269,11,35
62,269,11,35
63,269,11,35
63,269,11,35
64,269,11,35
64,269,11,35
65,269,11,35
66,268,11,35
66,268,11,35
67,268,11,35
68,268,11,35
69,268,11,35
69,268,11,35
70,268,11,35
70,268,11,35
71,268,11,35
71,268,11,35
72,268,11,35
72,268,11,35
73,268,11,35
73,268,11,35
74,268,11,35
74,268,11,35
75,268,11,35
75,269,11,35
76,269,11,35
76,269,11,35
77,269,11,35
77,269,11,35
78,270,11,35
79,270,11,35
79,270,11,35
80,270,11,35
80,270,11,35
81,270,11,35
81,270,11,35
82,271,11,35
83,271,11,35
83,271,11,35
84,271,11,35
84,271,11,35
85,271,11,35
85,271,11,35
86,271,11,35
86,271,11,35
87,271,11,35
87,271,11,35
88,271,11,35
88,271,11,35
89,271,11,35
89,271,11,35
90,271,11,35
90,271,11,35
91,271,11,35
91,271,11,35
92,271,11,35
92,271,11,35
93,271,11,35
93,271,11,35
93,271,11,35
94,271,11,35
94,271,11,35
95,271,11,35
95,271,11,35
96,271,11,35
96,271,11,35
97,271,11,35
97,271,11,35
97,271,11,35
98,271,11,35
98,271,11,35
99,271,11,35
99,271,11,35
99,271,11,35
100,271,11,35
100,271,11,35
101,271,11,35
101,271,11,35
102,271,11,35
102,271,11,35
103,271,11,35
103,271,11,35
104,271,11,35
104,271,11,35
105,271,11,35
105,271,11,35
106,271,11,35
106,271,11,35
106,271,11,35
107,272,11,35
107,272,11,35
108,272,11,35
108,272,11,35
109,272,11,35
109,272,11,35
110,272,11,35
111,272,11,35
111,272,11,35
112,272,11,35
113,272,11,35
113,272,11,35
114,272,11,35
114,272,11,35
115,272,11,35
115,272,11,35
116,272,11,35
116,272,11,35
117,272,11,35
117,272,11,35
118,272,11,35
118,272,11,35
118,272,11,35
119,271,11,35
119,271,11,35
120,272,11,35
120,272,11,34
121,272,11,34
122,272,11,34
122,272,11,34
123,272,11,34
123,273,11,33
124,273,11,33
124,273,11,33
125,273,11,33
126,273,11,33
126,273,11,33
127,273,11,33
127,274,11,33
128,274,11,33
128,274,11,33
129,274,11,33
130,274,11,33
130,274,11,33
131,275,11,33
131,275,11,33
132,275,11,33
132,275,11,33
133,275,11,33
133,275,11,33
134,275,11,33
134,275,11,33
135,275,11,33
135,275,11,33
136,275,11,33
136,275,11,33
137,275,11,33
137,275,11,33
138,275,11,33
138,275,11,33
139,275,11,33
139,275,11,33
140,275,11,33
141,275,11,33
141,275,11,33
142,275,11,33
142,275,11,33
142,275,11,33
143,275,11,33
143,275,11,33
144,275,11,33
144,275,11,33
145,275,11,33
145,275,11,33
146,275,11,33
146,275,11,33
147,275,11,33
147,275,11,33
148,275,11,33
148,275,11,33
149,275,11,33
149,275,11,33
150,275,11,33
150,275,11,33
151,275,11,33
151,275,11,33
152,276,11,33
152,276,11,33
153,276,11,33
153,276,11,33
153,277,11,33
154,277,11,33
154,277,11,33
155,277,11,33
155,278,11,33
156,277,11,33
156,277,11,33
157,277,11,33
157,277,11,33
158,277,11,33
158,276,11,33
159,276,11,33
160,276,11,33
160,276,11,33
161,276,11,33
161,276,11,33
162,276,11,33
162,276,11,33
163,276,11,33
163,276,11,33
164,276,11,33
164,276,11,33
165,276,11,33
165,276,11,33
165,276,11,33
166,276,11,33
166,276,11,33
167,277,11,33
167,277,11,33
168,277,11,33
168,277,11,33
169,277,11,33
169,277,11,33
170,278,11,33
170,278,11,33
170,278,12,33
171,278,12,33
171,278,12,33
171,278,12,33
171,278,12,33
172,278,13,33
172,278,13,33
172,278,13,33
172,278,13,33
173,278,14,33
173,278,14,33
174,278,14,33
174,278,14,33
175,278,14,33
176,278,14,33
176,278,14,33
177,278,14,33
177,278,14,33
178,278,14,33
178,278,14,33
179,278,13,33
180,278,13,33
180,278,13,33
181,278,13,33
181,278,13,33
182,278,13,33
183,278,13,33
183,278,12,33
184,278,12,33
185,278,12,33
186,278,12,33
186,278,12,33
187,278,12,33
188,278,12,33
189,278,12,33
190,279,12,33
191,279,12,33
191,279,12,33
192,279,12,33
193,279,12,33
194,279,12,33
194,279,12,33
195,279,12,33
195,279,12,33
196,279,12,33
196,279,12,33
197,279,12,33
197,279,12,33
198,279,12,33
198,279,12,33
199,279,12,33
199,279,12,33
200,279,12,33
200,279,12,33
201,279,12,33
201,279,12,33
202,279,12,33
202,279,12,33
203,279,12,33
203,279,12,33
204,279,12,33
204,279,12,33
205,279,12,33
205,279,12,33
206,279,12,33
206,279,12,33
207,279,12,33
208,279,12,33
208,279,12,33
209,279,12,33
209,279,12,33
210,279,12,33
210,279,12,33
211,279,12,33
211,279,12,33
212,279,12,33
212,279,12,33
213,279,12,33
213,279,12,33
214,279,12,33
214,279,12,33
215,279,12,33
215,279,12,33
216,279,12,33
216,279,12,33
217,279,12,33
217,279,12,33
218,279,12,33
218,279,12,33
219,279,12,33
219,279,12,33
220,279,12,33
221,279,12,33
221,279,12,33
222,279,12,33
222,279,12,33
223,279,12,33
223,279,12,33
224,279,12,33
224,279,12,33
225,279,12,33
225,279,12,33
226,279,12,33
226,279,12,33
227,279,12,33
227,280,12,33
227,280,12,33
228,280,12,33
228,280,12,33
229,280,12,33
229,280,12,33
230,280,12,33
230,280,12,33
231,280,12,33
232,280,12,33
232,280,12,33
233,280,12,33
234,280,12,33
234,280,12,33
235,280,12,33
235,280,12,33
236,280,11,33
237,280,11,33
237,280,11,33
238,280,11,33
239,280,11,33
239,280,11,33
240,280,11,33
240,280,11,33
241,280,11,33
241,280,11,33
242,280,11,33
242,280,11,33
243,280,11,33
243,280,11,33
244,280,11,33
244,280,11,33
245,280,11,33
245,280,11,33
246,280,11,33
246,280,11,33
247,280,11,33
248,280,11,33
248,280,11,33
249,279,11,33
249,279,11,33
250,279,11,33
250,279,11,33
251,280,11,33
251,280,11,33
252,280,11,33
253,280,11,33
253,280,11,33
254,280,11,33
254,280,11,33
255,281,11,33
256,281,11,33
256,281,11,33
257,281,11,33
257,281,11,33
258,281,11,33
259,281,11,33
259,282,11,33
260,282,11,33
260,282,11,33
261,282,11,33
261,282,11,33
262,282,11,33
263,282,11,33
263,282,11,33
264,282,11,33
264,283,11,33
265,283,11,33
266,283,11,33
266,283,11,33
267,283,11,33
267,283,11,33
268,283,11,33
268,283,11,33
269,283,11,33
270,283,11,33
270,283,11,33
271,283,11,33
271,283,11,33
272,283,11,33
272,283,11,33
273,283,11,33
273,283,11,33
274,283,11,33
275,283,11,33
275,282,11,33
276,282,11,33
276,282,11,33
277,281,11,33
278,281,11,33
278,281,11,33
279,281,11,33
280,280,11,33
280,280,11,33
281,280,11,33
281,280,11,33
282,280,11,33
283,280,11,33
284,280,11,33
284,280,11,33
285,280,11,33
286,281,11,33
286,281,11,33
287,281,11,33
288,281,11,33
288,281,11,33
289,281,11,33
290,281,11,33
290,281,11,33
291,281,11,33
291,282,11,33
291,282,11,33
292,282,11,33
292,282,11,33
293,282,11,33
293,282,11,33
294,282,11,33
294,282,11,33
295,282,11,33
295,282,11,33
295,282,11,33
296,282,11,33
296,282,11,33
297,282,11,33
297,282,11,33
298,282,11,33
299,282,11,33
299,282,11,33
300,282,11,33
300,282,11,33
301,282,11,33
301,282,11,33
302,282,11,33
302,282,11,33
303,282,11,33
304,283,11,33
304,283,11,33
305,283,11,33
305,283,11,33
306,283,11,33
306,283,11,33
307,283,11,33
307,283,11,33
308,283,11,33
308,283,11,33
309,283,11,33
310,283,11,33
310,283,11,33
311,283,11,33
311,283,11,33
312,283,11,33
312,283,11,33
313,283,11,33
313,283,11,33
314,283,11,33
315,283,11,33
315,283,11,33
316,283,11,33
316,283,11,33
317,283,11,33
317,283,11,33
318,283,11,33
318,283,11,33
319,283,11,33
320,283,11,33
320,283,11,33
321,283,11,33
321,283,11,33
322,283,11,33
322,283,11,33
323,283,11,33
323,283,11,33
324,283,11,33
324,283,11,33
325,283,11,33
326,283,11,33
326,283,11,33
327,283,11,33
327,283,11,33
328,283,11,33
328,283,11,33
329,283,11,33
329,283,11,33
330,283,11,33
331,283,11,33
331,283,11,33
332,283,11,33
332,283,11,33
333,283,11,33
333,283,11,33
334,283,11,33
334,283,11,33
335,283,11,33
336,283,11,33
336,283,11,33
337,283,11,33
337,283,11,33
338,283,11,33
338,283,11,33
339,283,11,33
339,283,11,33
340,283,11,33
340,283,11,33
341,283,11,33
342,283,11,33
342,283,11,33
343,283,11,33
343,284,11,33
344,284,11,33
344,284,11,33
345,284,11,33
345,284,11,33
346,284,11,33
346,284,11,33
347,284,11,33
347,284,11,33
348,284,11,33
348,284,11,33
349,284,11,33
349,284,11,33
350,284,11,33
350,284,11,33
351,284,11,33
351,284,11,33
352,285,11,33
352,285,11,33
353,285,11,33
353,285,11,33
354,285,11,33
354,285,11,33
355,285,11,33
355,285,11,33
356,285,11,33
356,285,11,33
357,285,11,33
357,285,11,33
358,285,11,33
358,285,11,33
358,285,11,33
359,285,11,33
359,285,11,33
360,285,11,33
360,286,11,33
361,286,11,33
361,286,11,33
362,286,11,33
362,286,11,33
363,286,11,33
363,286,11,33
364,286,11,33
364,286,11,33
365,286,11,33
365,286,11,33
366,286,11,33
366,286,11,33
367,286,11,33
367,286,11,33
368,286,11,33
368,286,11,33
369,287,11,33
369,287,11,33
370,287,11,33
370,287,11,33
371,287,11,33
371,287,11,33
372,287,11,33
372,287,11,33
373,287,11,33
373,287,11,33
374,287,11,33
374,287,11,33
375,287,11,33
375,287,11,33
376,287,11,33
376,287,11,33
377,287,11,33
377,287,11,33
378,288,11,33
379,288,11,33
379,288,11,33
380,288,11,33
380,288,11,33
381,288,11,33
382,288,11,33
382,288,11,33
383,288,11,33
383,288,11,33
384,289,11,33
384,289,11,33
385,289,11,33
386,289,11,33
386,289,11,33
387,289,11,33
387,289,11,33
388,289,11,33
389,289,11,33
389,290,11,33
390,290,11,33
390,290,12,33
390,290,12,33
391,290,12,33
391,290,13,33
391,290,13,33
392,290,13,33
392,290,14,33
392,290,14,33
393,291,14,33
393,291,15,33
393,291,15,33
394,291,15,33
394,291,16,33
394,291,16,33
395,291,16,33
395,291,16,33
396,291,16,33
396,291,16,33
397,291,16,34
397,291,16,34
398,291,16,34
398,291,16,34
399,291,16,35
399,291,16,35
400,292,16,35
400,292,16,35
401,292,16,36
401,292,16,36
402,292,16,36
402,292,16,36
403,292,16,36
404,292,16,36
405,292,15,36
406,292,15,36
406,292,15,36
407,292,14,36
408,292,14,36
409,292,14,36
410,292,13,36
411,292,13,36
411,292,13,36
412,292,13,36
412,292,13,36
413,292,13,36
413,292,13,36
414,292,13,36
415,293,13,36
415,293,13,36
416,293,13,36
416,293,13,36
417,293,13,36
417,293,13,36
418,293,13,36
418,293,13,36
419,294,13,35
419,294,13,35
420,294,13,35
421,294,13,35
421,294,13,35
422,294,13,34
422,294,13,34
423,294,13,34
423,294,13,33
424,294,13,33
425,294,13,33
425,295,13,32
426,295,13,32
426,295,13,32
427,295,13,31
427,295,13,31
428,295,13,31
429,294,13,31
429,294,13,31
430,294,13,31
431,294,13,31
431,294,13,31
432,294,13,31
433,294,13,31
434,294,13,31
434,294,13,31
435,294,13,31
435,294,13,31
436,294,13,31
437,294,13,31
437,294,13,31
438,294,13,31
439,294,13,31
439,295,13,31
440,295,13,31
440,295,13,31
441,295,13,31
442,295,13,31
442,295,13,31
443,295,13,31
444,295,13,31
444,295,13,31
445,295,13,31
446,295,13,31
446,296,13,31
447,296,13,31
447,296,13,31
448,296,13,31
449,296,13,31
449,296,13,31
450,296,13,31
450,296,13,31
451,296,13,31
452,296,13,31
452,297,13,31
453,297,13,31
453,297,13,31
454,297,13,31
454,297,13,31
455,297,13,31
456,297,13,31
456,297,13,31
457,297,13,31
457,297,13,31
458,297,13,31
458,297,13,31
459,298,13,31
459,298,13,31
460,298,13,31
461,298,13,31
461,298,13,31
462,298,13,31
462,298,13,31
463,298,13,31
463,298,13,31
464,298,13,31
464,298,13,31
465,298,13,31
465,298,13,31
466,298,13,31
466,298,13,31
467,298,13,31
467,298,13,31
468,298,13,31
469,298,13,31
469,299,13,31
470,299,13,31
470,299,13,31
471,299,13,31
472,299,13,31
472,299,13,31
473,299,13,31
473,299,13,31
474,299,13,31
475,299,13,31
475,299,13,31
476,299,13,31
476,299,13,31
477,299,13,31
477,299,13,31
478,299,13,31
478,299,13,31
479,299,13,31
480,299,13,31
480,299,13,31
481,299,13,31
481,299,13,31
482,299,13,31
482,299,13,31
483,299,13,31
483,299,13,31
484,299,13,31
485,299,13,31
485,299,13,31
486,299,13,31
486,299,13,31
487,299,13,31
488,299,13,31
488,299,13,31
489,299,13,31
489,299,13,31
490,299,13,31
491,299,13,31
491,299,13,31
491,299,13,31
492,299,13,31
492,299,13,31
493,299,13,31
493,299,13,31
493,299,13,31
494,299,13,31
495,298,16,31
496,298,16,31
497,298,16,31
498,298,16,31
498,298,16,31
499,298,16,31
500,298,16,31
501,298,16,31
501,298,16,31
502,298,16,31
503,298,16,31
504,298,16,31
504,298,16,31
505,298,16,31
505,298,16,31
506,298,16,31
506,298,16,31
507,298,16,31
507,298,16,31
508,298,16,31
508,298,16,31
509,298,16,31
509,298,16,31
510,298,16,31
510,298,16,31
510,299,16,31
511,299,16,31
511,299,16,31
512,299,16,31
512,299,16,31
513,299,16,31
513,299,16,31
514,299,16,31
514,299,16,31
515,299,16,31
516,299,16,31
517,299,16,31
517,299,16,31
518,299,16,31
519,299,16,31
520,299,16,31
520,299,16,31
521,300,16,31
522,300,16,31
522,300,16,31
523,301,16,31
523,301,16,31
524,301,16,31
525,302,16,31
525,302,16,31
526,302,16,31
526,303,16,31
527,303,16,31
528,303,16,31
528,303,16,31
529,303,16,31
529,303,16,31
530,303,16,31
530,303,16,31
531,303,16,31
532,303,16,31
532,303,16,31
533,303,16,31
534,303,16,31
534,303,16,31
535,304,16,31
536,304,16,31
536,304,16,31
537,304,16,31
538,305,16,31
538,305,16,31
539,305,16,31
540,305,16,31
540,305,16,31
541,305,16,31
541,305,16,31
542,305,16,31
542,305,16,31
543,305,16,31
544,305,16,31
544,305,16,31
545,305,16,31
545,305,16,31
546,305,16,31
547,305,16,31
547,305,16,31
548,305,16,31
549,305,16,31
549,305,16,31
550,305,16,31
551,305,16,31
551,305,16,31
552,305,16,31
553,305,16,31
553,305,16,31
554,304,16,31
555,304,16,31
555,304,16,31
556,304,16,31
556,304,16,31
557,304,16,31
558,304,16,31
558,304,16,31
558,304,16,31
559,305,16,31
559,305,16,31
560,305,16,31
560,305,16,31
561,305,16,31
561,305,16,31
561,306,16,31
562,306,16,31
563,306,16,31
563,306,16,31
564,306,16,31
565,306,16,31
566,306,16,31
566,306,16,31
567,306,16,31
567,306,16,31
568,306,16,31
568,306,16,31
569,306,16,31
569,306,16,31
569,306,16,31
570,306,16,31
570,306,16,31
571,306,16,31
571,306,16,31
572,306,16,31
573,305,16,31
573,305,16,31
574,305,16,31
575,305,16,31
575,305,16,31
576,305,16,31
576,305,16,31
577,305,16,31
578,305,16,31
578,305,16,31
579,305,16,31
580,305,16,31
580,305,16,31
581,305,16,31
582,306,16,31
582,306,16,31
583,306,16,31
584,306,16,31
584,306,16,31
585,307,16,31
586,307,16,31
586,307,16,31
587,307,16,31
587,307,16,31
588,307,16,31
589,308,16,31
589,308,16,31
590,308,15,31
591,308,15,31
591,308,15,31
592,308,15,31
593,308,15,31
594,308,15,31
594,308,15,31
595,308,15,31
596,308,14,31
596,308,14,31
597,308,14,31
598,308,14,31
598,308,14,31
599,308,14,31
599,308,14,31
600,308,14,31
600,308,14,31
601,308,14,31
601,308,14,31
602,308,14,31
602,308,14,31
603,308,14,31
603,308,14,31
604,307,14,31
604,307,14,31
604,307,14,31
605,307,14,31
605,307,14,31
606,308,14,31
606,308,14,31
606,308,14,31
607,308,14,31
608,308,14,31
609,308,14,31
609,308,14,31
610,308,14,31
611,308,14,31
611,308,14,31
612,308,14,31
613,308,14,31
613,308,14,31
614,308,14,31
615,308,14,31
615,308,14,31
616,308,14,31
617,309,14,31
617,309,14,31
618,309,14,31
619,309,14,31
619,309,14,31
620,309,14,31
621,309,14,31
621,309,14,31
622,309,14,31
623,309,14,31
623,309,14,31
624,309,14,31
624,309,14,31
625,309,14,31
625,309,14,31
626,309,14,31
626,309,14,31
627,309,14,31
627,309,14,31
628,309,14,31
628,309,14,31
629,309,14,31
629,309,14,31
630,309,14,31
630,309,14,31
631,309,14,31
632,309,14,31
632,309,14,31
633,309,14,31
633,309,14,31
634,309,14,31
635,309,14,31
635,309,14,31
636,310,14,31
636,310,14,31
637,310,14,31
638,310,14,31
638,310,14,31
639,310,14,31
639,310,14,31
640,310,14,31
641,310,14,31
641,310,14,31
642,310,14,31
643,311,14,31
643,311,14,31
644,311,14,31
644,311,14,31
645,311,14,31
646,311,14,31
646,311,14,31
647,311,14,31
647,311,14,31
648,311,14,31
649,311,14,31
649,312,14,31
650,312,14,31
650,312,14,31
651,312,14,31
652,312,14,31
652,312,14,31
653,312,14,31
654,312,14,31
654,312,14,31
655,312,14,31
655,313,14,31
656,313,14,31
657,313,14,31
657,313,14,31
658,313,14,31
658,313,14,31
659,313,14,31
660,313,14,31
660,313,14,31
661,313,14,31
661,313,14,31
662,314,14,31
663,314,14,31
663,314,14,31
664,314,14,31
664,314,14,31
665,314,14,31
666,314,14,31
666,314,14,31
667,314,14,31
667,314,14,31
668,314,14,31
668,314,14,31
669,314,14,31
670,314,14,31
670,314,14,31
671,314,14,31
671,314,14,31
672,315,14,31
673,315,14,31
673,315,14,31
674,315,14,31
675,315,14,31
676,315,14,31
676,315,14,31
677,315,14,31
678,315,14,31
678,315,14,31
679,315,14,31
680,315,14,31
681,315,14,31
681,315,14,31
682,315,14,31
683,315,14,31
683,315,14,31
684,315,14,31
684,315,14,31
685,316,14,31
686,316,14,31
686,316,14,31
687,316,14,31
687,316,14,31
688,316,14,31
688,316,14,31
689,316,14,31
689,317,14,31
690,317,14,31
690,317,14,31
691,317,14,31
692,317,14,31
692,317,14,31
693,317,14,31
693,318,14,31
694,318,14,31
694,318,14,31
695,318,14,31
695,318,14,31
696,318,14,31
697,318,14,31
697,318,14,31
698,318,14,31
699,318,14,31
700,318,14,31
701,319,14,31
702,319,14,31
702,319,14,31
703,319,14,31
703,319,14,31
704,318,14,31
704,318,14,31
704,318,14,31
704,318,14,31
705,318,14,31
705,318,14,31
705,318,14,31
705,318,14,31
706,318,13,32
707,318,12,33
708,318,11,34
709,318,10,34
710,318,9,34
711,318,8,34
712,318,7,34
714,318,6,34
714,323,4,27
0,370,6,32
0,370,7,32
0,370,7,32
0,370,7,32
0,370,8,32
0,370,8,32
0,370,8,32
0,370,9,32
0,370,9,32
0,370,9,32
1,370,9,32
1,369,9,32
2,369,9,32
2,369,9,32
2,369,9,32
3,369,9,32
4,369,9,32
4,370,9,32
5,370,9,32
6,370,9,32
6,370,9,32
7,370,9,32
8,371,9,32
8,371,9,32
9,371,9,32
10,371,9,32
10,371,9,32
11,371,9,32
11,371,9,32
12,371,9,32
13,371,9,32
13,370,9,32
14,370,9,32
14,370,9,32
15,370,9,32
16,370,9,32
16,370,9,32
17,370,9,32
17,370,9,32
18,370,10,32
18,370,10,32
18,370,10,32
19,370,10,32
19,370,11,32
20,370,11,32
20,370,11,32
20,370,11,32
21,370,12,32
21,370,12,32
22,370,12,32
22,370,12,32
23,369,12,32
23,369,12,32
24,369,12,32
25,369,12,32
25,369,12,32
26,369,12,32
26,369,12,32
27,369,12,32
27,369,12,32
28,369,12,32
29,369,12,32
29,369,12,32
30,369,12,32
30,369,12,32
31,369,12,32
32,369,12,32
32,369,12,32
33,368,12,32
33,368,12,32
34,368,12,32
35,368,12,32
35,368,12,32
36,368,12,32
36,368,12,32
37,368,12,32
37,368,12,32
38,368,12,32
39,368,12,32
39,368,12,32
40,368,12,32
40,368,12,32
41,368,12,32
42,368,12,32
42,368,12,32
43,368,12,32
43,367,12,32
44,367,12,32
45,367,12,32
45,367,12,32
46,367,12,32
46,367,12,32
47,367,12,32
47,367,12,32
48,367,12,32
49,367,12,32
49,367,12,32
50,367,12,32
50,367,12,32
51,367,12,32
52,367,12,32
52,367,12,32
53,367,12,32
53,367,12,32
54,367,12,32
54,367,12,32
55,367,12,32
56,367,12,32
56,367,12,32
57,367,12,32
57,366,12,32
58,366,12,32
59,366,12,32
59,366,12,32
60,366,12,32
61,366,12,32
61,366,12,32
62,366,12,32
62,366,12,32
63,366,12,32
64,366,12,32
64,366,12,32
65,366,12,32
66,366,12,32
66,366,12,32
67,366,12,32
67,366,12,32
68,366,12,32
68,366,12,32
69,366,12,32
70,366,12,32
70,366,12,32
71,366,12,32
71,366,12,32
72,366,12,32
72,366,12,32
73,366,12,32
73,366,12,32
74,366,12,32
75,366,12,32
75,366,12,32
76,366,12,32
76,367,12,32
77,367,12,32
77,367,12,32
78,367,12,32
78,368,12,32
79,368,12,32
79,368,12,32
80,368,12,32
80,368,12,32
81,368,12,32
82,368,12,32
82,368,12,32
83,368,13,32
83,368,13,32
84,368,13,32
84,368,13,32
85,368,13,32
85,368,13,32
86,368,13,32
87,368,13,32
87,368,13,32
88,368,13,32
88,368,14,32
89,368,14,33
89,368,14,33
90,368,14,33
91,368,14,33
91,368,14,33
92,368,14,33
92,368,14,33
93,368,14,33
93,368,14,33
94,368,15,33
95,368,15,33
95,368,15,33
96,368,15,33
96,368,15,33
97,368,15,33
97,367,15,33
98,367,15,33
98,367,15,33
99,367,15,33
99,367,15,33
100,367,15,33
100,367,15,33
101,367,15,33
101,367,15,33
102,367,15,33
102,367,15,33
103,367,15,33
103,367,15,33
104,367,15,33
104,367,15,33
105,367,15,33
105,367,15,33
106,367,15,33
106,366,15,33
106,366,15,33
107,366,15,33
107,366,15,33
108,366,15,33
108,366,15,33
109,366,15,33
109,366,15,33
110,366,15,33
110,366,16,33
111,366,16,33
111,366,16,33
112,366,16,33
112,366,16,33
113,366,16,33
114,366,17,33
114,366,17,33
115,366,17,33
115,366,17,33
116,366,17,33
116,366,17,33
117,366,18,33
117,366,18,33
118,366,18,33
119,366,17,33
119,366,17,33
120,366,17,33
121,366,17,33
122,366,17,33
122,366,17,33
123,366,17,33
124,366,17,33
124,366,17,33
125,366,17,33
126,366,16,33
127,366,16,33
127,366,16,33
128,366,16,33
129,366,16,33
129,366,16,33
130,365,16,33
130,365,16,33
131,365,16,33
131,365,16,33
132,365,16,34
132,364,16,34
133,364,16,34
134,364,16,34
134,364,16,34
135,364,16,34
135,363,16,34
136,363,16,34
136,363,16,34
137,363,16,35
137,363,16,35
138,362,16,35
138,362,16,35
139,362,16,35
139,362,16,35
140,362,16,35
141,362,15,35
141,362,15,35
142,362,15,35
142,362,15,35
143,362,15,35
143,362,15,35
144,362,14,35
144,362,14,35
145,362,14,35
145,362,14,35
146,362,14,35
146,362,14,35
147,362,14,35
147,362,14,35
147,362,14,35
148,362,15,35
148,362,15,35
148,362,15,35
149,362,16,35
149,362,16,35
150,362,16,35
150,362,17,35
150,362,16,35
151,362,16,35
152,361,16,35
152,361,15,35
153,361,15,35
153,361,14,35
154,361,14,35
154,361,14,35
155,360,13,35
156,360,13,35
156,360,14,35
156,360,14,35
157,360,15,35
157,360,15,35
157,360,16,35
157,360,16,35
158,360,17,35
158,360,17,35
158,360,18,35
159,360,18,35
159,360,18,35
160,360,17,35
161,360,17,35
162,360,16,35
162,360,16,35
163,360,15,35
164,360,15,35
165,360,14,35
165,360,14,35
166,360,13,35
166,360,13,35
167,360,14,35
167,360,14,35
168,360,14,35
168,360,15,35
168,360,15,35
169,360,16,35
169,360,16,35
170,360,16,35
170,360,17,35
171,360,16,35
171,360,16,35
172,360,15,35
173,360,15,35
174,360,14,35
174,360,14,35
175,360,13,35
176,360,13,35
176,360,12,35
177,360,12,35
177,360,12,35
178,360,13,35
178,360,13,35
178,360,13,35
179,360,14,35
179,360,14,35
180,360,14,35
180,360,15,35
180,360,15,35
181,360,16,35
181,360,16,35
182,360,16,35
182,360,17,35
183,360,16,35
184,360,15,35
185,360,15,35
186,360,14,35
186,360,14,35
187,360,13,35
188,360,12,35
189,360,12,35
190,360,11,35
191,360,10,35
191,360,11,35
191,360,12,35
192,359,12,35
192,359,13,35
192,359,14,35
192,359,14,35
193,358,15,35
193,358,15,35
193,358,16,35
194,358,17,35
194,358,16,35
195,358,16,35
196,358,15,35
196,358,15,35
197,358,14,35
198,358,14,35
198,358,13,35
199,358,13,35
200,358,12,35
201,358,12,35
201,358,11,35
202,358,12,35
202,358,12,35
202,358,12,35
203,358,12,35
203,358,13,35
203,358,13,35
203,358,13,35
204,358,14,35
204,358,14,35
204,358,14,35
205,358,14,35
205,358,15,35
206,357,14,35
206,357,14,35
207,357,13,35
208,357,13,35
209,357,12,35
209,357,12,35
210,356,11,35
211,356,11,35
212,356,10,35
212,356,11,35
212,356,12,35
212,356,12,35
213,355,13,35
213,355,13,35
213,355,14,35
213,355,14,35
214,355,15,35
214,355,16,35
215,355,15,35
215,355,15,35
216,355,14,35
217,355,14,35
218,355,14,35
218,355,13,35
219,355,13,35
220,355,12,35
221,355,12,35
221,354,13,35
221,354,14,35
221,354,14,35
221,354,15,35
221,354,16,35
222,354,17,35
222,354,18,35
222,354,18,35
222,354,19,35
223,354,19,35
224,354,18,35
225,354,17,35
226,354,17,35
227,354,16,35
228,354,15,35
229,354,15,34
230,354,14,34
231,354,13,34
232,354,13,34
232,354,12,34
233,354,12,34
233,354,13,34
233,354,13,34
233,354,13,34
233,354,14,34
234,354,14,34
234,354,14,34
234,354,15,34
234,354,15,34
234,354,16,34
235,354,16,34
235,354,16,34
235,354,17,34
236,353,16,34
237,353,16,34
238,353,15,34
239,353,15,34
239,353,14,34
240,353,14,34
241,353,13,34
242,353,12,34
243,352,12,34
243,352,13,34
243,352,13,34
244,352,14,34
244,352,14,34
244,352,15,34
244,352,15,34
245,352,16,34
245,352,17,34
245,352,17,34
245,352,18,34
246,352,17,34
247,352,17,34
248,352,16,34
249,352,15,34
250,352,15,34
250,352,14,34
251,352,14,34
252,352,13,34
253,351,13,34
254,351,12,34
254,351,12,34
254,351,13,34
255,351,13,34
255,351,14,34
255,351,14,34
256,351,15,34
256,351,15,34
256,351,16,34
257,351,16,34
257,351,17,34
258,351,16,34
258,351,16,34
259,351,16,34
260,351,15,34
261,351,15,34
261,351,15,34
262,351,14,34
263,351,14,34
264,351,14,34
264,351,13,34
265,351,13,34
266,351,12,34
266,351,13,34
266,351,14,34
267,351,14,34
267,351,15,34
268,351,16,34
268,351,16,34
268,351,17,34
269,351,18,34
269,351,17,34
270,351,17,34
271,351,16,34
271,351,16,34
272,351,15,34
273,351,15,34
273,351,14,34
274,351,14,34
275,351,13,34
275,351,13,34
276,351,12,34
277,351,12,34
277,351,11,34
278,351,11,34
279,351,10,34
279,351,11,34
279,351,12,34
279,351,12,34
279,351,13,34
279,351,14,34
280,351,14,34
280,351,15,34
280,351,16,34
280,351,16,34
280,351,17,34
281,351,17,34
282,351,16,34
283,351,15,34
284,351,15,34
285,351,14,34
286,351,13,34
288,351,13,34
289,351,12,34
290,350,11,34
290,350,12,34
290,350,13,34
290,350,14,34
290,350,15,34
290,350,16,34
290,350,17,34
290,350,18,34
290,350,19,34
290,350,19,34
290,350,20,34
291,350,20,34
292,350,19,34
293,350,18,34
294,350,18,34
295,350,17,34
296,350,16,34
297,350,15,34
298,350,15,34
299,350,14,34
300,350,14,34
300,350,14,34
301,350,15,34
301,350,15,34
301,350,15,34
302,350,15,34
302,350,16,34
302,350,16,34
303,350,16,34
303,350,16,34
303,350,16,34
304,350,17,34
305,350,16,34
306,350,15,34
307,350,15,34
308,350,14,34
309,350,13,34
310,350,13,34
311,350,12,34
312,350,11,34
312,350,12,34
312,350,13,34
312,350,13,34
312,350,14,34
312,350,15,34
313,350,15,34
313,350,16,34
313,350,16,34
313,350,17,34
313,350,18,34
314,350,17,34
315,350,16,34
316,350,15,34
317,350,14,34
318,350,13,34
319,350,13,34
320,350,12,34
321,350,11,34
322,350,11,34
322,350,12,34
322,350,13,34
323,350,13,34
323,350,14,34
323,350,14,34
324,350,15,34
324,350,15,34
324,350,16,34
325,350,17,34
325,350,17,34
326,350,17,34
327,350,16,34
327,350,15,34
328,350,15,34
329,350,14,34
330,350,14,34
331,350,13,34
331,350,13,34
332,350,12,34
333,350,11,34
334,350,11,34
334,351,11,34
334,351,11,34
335,351,11,34
335,351,12,34
335,351,12,34
336,351,12,34
336,351,12,34
336,352,12,34
337,352,13,34
337,352,13,34
337,352,13,34
338,352,13,34
338,352,13,34
338,352,14,34
339,353,13,34
340,353,13,34
341,353,13,34
342,353,12,34
343,353,12,34
343,353,12,34
344,353,11,34
344,353,12,34
344,353,12,34
345,353,13,34
345,353,13,34
345,353,13,34
345,353,14,34
345,353,14,34
345,353,14,34
346,353,15,34
346,353,15,34
347,353,15,34
347,353,15,34
348,353,15,34
349,353,14,34
350,353,14,34
351,353,14,34
352,353,13,34
353,354,13,34
354,354,12,34
355,355,11,34
356,355,10,34
356,355,11,34
356,355,12,34
357,354,12,34
357,354,13,34
357,354,13,34
357,354,14,34
357,354,14,34
357,353,15,34
358,353,16,34
358,353,16,34
359,353,16,34
359,353,15,34
360,353,15,34
361,353,14,34
362,353,14,34
363,353,13,34
364,353,13,34
365,353,12,34
366,353,12,34
366,353,11,34
367,353,12,34
367,353,13,34
367,353,13,34
367,354,14,34
367,354,15,34
367,354,15,34
367,354,16,34
367,354,16,34
367,354,17,34
367,355,18,34
368,354,17,34
370,354,16,34
371,354,15,34
372,354,15,34
374,354,14,34
375,353,13,34
376,353,12,34
377,353,11,34
378,353,12,34
378,353,12,34
378,353,12,34
378,354,13,34
378,354,13,34
378,354,14,34
379,354,14,34
379,354,14,34
379,354,15,34
379,354,15,34
379,354,15,34
379,355,16,34
381,354,15,34
382,354,15,34
383,354,14,34
384,354,14,34
385,354,13,34
386,354,12,34
387,354,12,34
388,354,11,34
389,354,11,34
390,354,10,34
390,354,11,34
390,354,11,34
390,354,12,34
390,354,12,34
390,354,13,34
390,354,14,34
390,354,14,34
390,354,15,34
390,354,15,34
390,354,16,34
391,354,15,34
392,354,15,34
393,354,14,34
394,353,14,34
395,353,13,34
396,353,12,34
397,353,12,34
398,353,11,34
399,353,11,34
400,352,10,34
400,352,11,34
400,352,12,34
400,352,12,34
400,352,13,34
400,352,13,34
400,352,14,34
400,352,14,34
400,352,15,34
400,352,16,34
400,352,16,34
401,352,15,34
402,352,15,34
404,352,14,34
405,352,13,34
406,352,13,34
407,352,12,34
408,352,11,34
409,352,11,34
410,352,10,34
411,352,9,34
411,352,10,34
411,352,10,34
411,352,11,34
412,352,11,34
412,352,12,34
412,352,12,34
412,352,13,34
412,352,14,34
412,352,14,34
412,352,15,34
413,352,14,34
414,352,14,34
415,352,14,34
416,352,13,34
416,351,13,34
417,351,13,34
418,351,12,34
419,351,12,34
420,351,12,34
421,350,11,34
421,350,12,34
421,350,12,34
421,350,13,34
421,350,13,34
421,350,14,34
421,350,14,34
421,350,14,34
421,350,15,34
421,350,15,34
421,350,16,34
422,350,15,34
423,350,15,34
424,350,14,34
425,350,14,34
426,350,13,34
427,350,13,34
428,350,12,34
429,350,12,34
430,350,11,34
431,350,11,34
431,350,11,34
431,350,12,34
431,350,12,34
431,350,13,34
431,350,13,34
431,350,14,34
431,350,14,34
431,350,15,34
431,350,15,34
431,350,16,34
432,350,15,34
433,350,15,34
434,350,14,34
434,350,14,34
435,350,14,34
436,350,13,34
437,350,13,34
438,350,12,34
439,349,12,34
440,349,11,34
440,349,12,34
440,349,13,34
440,349,13,34
440,349,14,34
440,349,15,34
440,349,16,34
440,349,16,34
440,349,17,34
440,349,18,34
440,349,18,34
441,349,18,34
442,349,17,34
443,349,16,34
444,349,16,34
445,349,15,34
446,349,14,34
447,349,14,34
448,349,13,34
449,349,12,34
450,349,12,34
451,349,11,34
451,349,11,34
451,349,12,34
451,349,12,34
451,349,12,34
452,349,12,34
452,349,13,34
452,349,13,34
452,349,13,34
452,349,14,34
453,349,13,34
454,348,13,34
454,348,13,34
455,348,12,34
456,348,12,34
457,348,12,34
457,347,11,34
458,347,11,34
459,347,11,34
459,347,10,34
460,347,11,34
460,347,11,34
460,347,12,34
460,347,12,34
460,347,12,34
460,347,13,34
460,347,13,34
460,347,14,34
460,347,14,34
461,347,15,34
461,347,15,34
462,347,15,34
462,347,15,34
463,347,15,34
463,347,15,34
464,347,15,34
465,347,15,34
465,347,15,34
466,347,15,34
466,347,15,34
467,347,15,34
467,347,15,34
467,347,15,34
468,347,15,34
468,347,15,34
468,347,15,34
469,347,15,34
469,347,15,34
469,347,15,34
470,347,15,34
470,347,15,34
471,347,15,34
471,347,15,34
472,347,14,34
473,347,14,34
473,347,13,34
474,347,13,34
475,346,12,34
476,346,12,34
477,346,12,34
478,346,11,34
478,346,11,34
479,346,10,34
479,346,11,34
479,346,12,34
479,346,12,34
479,346,13,34
479,346,14,34
479,346,14,34
479,346,15,34
480,346,15,34
481,346,15,34
481,346,14,34
482,346,14,34
483,346,14,34
483,346,13,34
484,346,13,34
484,346,13,34
485,346,13,34
486,346,12,34
486,346,12,34
487,346,12,34
488,346,11,34
488,346,11,34
489,346,11,34
489,346,12,34
489,346,12,34
489,346,13,34
489,346,14,34
489,346,14,34
489,346,15,34
489,346,16,34
489,346,16,34
489,346,17,34
489,346,18,34
489,346,18,34
490,346,17,34
492,346,17,34
493,346,16,34
494,346,15,34
495,346,14,34
496,346,13,34
498,346,13,34
499,346,12,34
500,346,11,34
500,346,11,34
500,346,12,34
500,346,12,34
500,346,13,34
500,346,14,34
500,346,14,34
501,346,15,34
501,346,15,34
501,346,16,34
501,346,16,34
501,346,17,34
501,346,17,34
501,346,18,34
502,346,17,34
503,347,17,34
504,347,17,34
505,347,16,33
506,347,16,33
506,348,16,33
507,348,15,33
508,348,15,32
509,348,15,32
510,349,14,32
511,349,14,32
511,349,14,32
512,349,14,32
513,349,13,32
513,348,13,32
514,348,13,32
514,348,13,32
515,348,13,32
516,348,12,32
516,348,12,33
517,348,12,33
517,348,12,33
518,348,12,33
519,348,12,33
519,347,11,33
520,347,11,33
520,347,11,33
520,347,12,33
520,347,12,33
521,347,13,33
521,347,13,33
521,347,14,33
521,347,14,33
521,347,15,33
521,347,16,33
521,347,16,33
522,347,16,33
523,347,15,33
524,347,15,33
524,347,15,33
525,347,15,33
526,347,14,33
527,347,14,33
527,347,14,33
528,347,13,33
529,347,13,33
530,347,13,33
530,347,12,33
531,347,12,33
531,347,12,33
531,347,13,33
532,347,13,33
532,347,13,33
532,347,14,33
532,347,14,33
532,347,15,33
532,347,15,33
532,347,15,33
533,347,16,33
533,347,16,33
534,347,16,33
535,347,15,33
535,347,15,33
536,347,14,33
537,347,14,33
538,347,14,33
539,347,13,33
540,347,13,33
541,347,12,33
542,347,12,33
543,347,11,33
543,348,12,33
543,348,12,33
543,348,13,32
543,349,13,32
543,349,14,32
543,350,14,32
544,350,14,31
544,350,15,31
544,351,15,31
544,351,16,30
544,351,16,30
545,351,16,30
546,351,15,30
547,351,15,30
548,351,15,30
549,351,14,30
549,351,14,30
550,351,14,31
551,351,13,31
552,351,13,31
553,351,12,31
553,351,13,31
554,351,14,31
554,351,14,31
554,351,15,32
554,351,15,32
555,351,16,32
555,351,16,32
555,351,17,33
555,351,18,33
556,351,18,33
557,351,18,33
557,351,17,33
558,351,17,33
559,351,16,33
560,351,16,33
561,351,15,33
562,351,15,33
563,351,14,33
564,351,14,33
565,351,13,33
565,351,13,34
565,351,14,34
565,351,14,34
566,351,14,35
566,351,15,35
566,351,15,35
566,351,15,35
566,351,16,36
566,351,16,36
566,351,16,36
567,352,16,36
568,352,16,36
569,352,16,36
570,352,15,35
571,353,15,35
571,353,15,35
572,353,15,35
573,354,14,34
574,354,14,34
575,354,14,34
575,354,14,34
575,354,15,34
576,354,15,34
576,354,16,34
576,354,16,34
576,354,16,34
577,354,17,34
577,354,17,34
577,354,17,34
577,354,18,34
578,354,17,34
578,354,17,34
579,354,17,34
579,354,16,34
580,354,16,34
581,354,16,34
581,354,16,34
582,354,15,34
582,354,15,34
583,354,15,34
583,354,15,34
584,354,15,34
584,354,16,34
585,354,16,34
585,354,16,34
586,354,16,34
586,354,17,34
587,354,17,34
587,354,17,34
588,354,18,34
589,354,17,34
590,354,16,34
590,354,16,34
591,354,15,34
592,354,14,34
593,354,14,34
594,354,13,34
595,354,12,34
596,354,12,34
597,354,11,34
598,354,10,34
598,354,11,34
598,354,11,34
598,354,11,34
599,354,11,34
599,353,12,34
599,353,12,34
599,353,12,34
600,353,12,34
600,353,12,34
600,353,12,34
601,353,12,34
602,353,12,34
602,353,12,34
603,353,12,34
604,353,11,34
604,353,11,34
605,353,11,34
605,353,11,34
606,353,11,34
606,353,12,34
606,353,12,34
606,353,13,34
606,353,13,34
606,353,13,34
606,353,14,34
607,353,14,34
607,353,15,34
607,353,15,34
607,353,16,34
608,353,15,34
609,353,15,34
610,353,14,34
611,353,14,34
612,353,13,34
613,353,12,34
614,353,12,34
615,353,11,34
616,353,11,34
617,353,10,34
617,353,11,34
617,353,12,34
617,353,12,34
617,353,13,34
617,353,14,34
617,353,14,34
617,353,15,34
617,353,16,34
617,353,16,34
617,353,17,34
618,353,17,34
619,353,16,34
620,353,15,34
621,353,15,34
622,353,14,34
622,353,14,34
623,353,13,34
624,353,13,34
625,353,12,34
626,353,11,34
626,353,12,34
626,353,13,34
626,353,13,34
626,353,14,34
626,353,14,34
626,353,15,34
626,353,15,34
626,353,16,34
626,353,17,34
626,353,17,34
626,353,18,34
627,353,17,34
629,353,16,34
630,353,15,34
631,353,14,34
632,353,13,34
634,353,12,34
635,353,11,34
636,353,10,34
637,353,9,34
637,353,10,34
637,353,10,34
637,353,11,34
637,353,11,34
637,353,12,34
637,353,12,34
637,353,13,34
637,353,14,34
637,353,14,34
637,353,15,34
637,353,15,34
638,353,15,34
639,352,14,34
640,352,14,35
641,352,13,35
642,352,13,35
643,351,12,36
644,351,12,36
645,351,11,36
645,350,11,36
645,350,11,36
645,350,12,36
645,350,12,36
645,350,13,36
645,350,14,36
645,350,14,36
645,350,15,36
645,350,15,36
645,350,16,36
645,350,16,36
646,350,16,36
647,350,15,36
648,350,14,35
649,350,14,35
650,350,13,35
651,350,13,35
652,350,12,34
653,350,12,34
654,350,11,34
655,350,10,33
656,350,10,33
657,350,10,33
657,350,10,33
658,350,10,33
658,350,10,33
659,350,10,33
659,350,10,33
659,350,11,33
659,350,11,33
659,350,12,32
659,350,12,32
659,350,13,32
659,350,14,32
659,350,14,31
659,350,15,31
661,350,14,31
662,349,13,31
663,349,12,31
664,349,11,31
665,349,11,31
666,348,10,31
666,348,10,31
667,348,9,31
667,348,9,31
667,348,9,31
667,348,9,31
