672,349,14,30
671,349,14,30
670,349,14,30
669,349,14,30
669,348,14,30
668,348,14,30
667,348,14,30
667,348,14,30
666,348,14,30
666,348,14,30
664,348,14,30
663,348,14,30
662,348,14,30
661,348,14,30
659,348,14,30
659,348,14,30
658,348,14,30
657,348,14,30
657,348,14,30
656,348,14,30
655,348,14,30
655,348,14,30
654,348,14,30
653,348,14,30
653,348,14,30
652,348,14,30
651,348,14,30
650,348,14,30
649,348,14,30
648,348,14,30
647,348,14,30
646,348,14,30
646,348,14,30
645,348,14,30
644,348,14,30
643,347,14,30
642,347,14,30
641,347,14,30
640,347,14,30
639,347,14,30
639,347,14,30
638,347,14,30
637,347,14,30
636,347,14,30
636,347,14,30
635,347,14,30
634,347,14,30
633,347,14,30
633,347,14,30
632,347,14,30
631,346,14,30
630,346,14,30
629,346,14,30
628,346,14,30
628,346,14,30
627,346,14,30
626,346,14,30
625,346,14,30
624,346,14,30
623,346,14,30
622,346,14,30
622,346,14,30
621,345,14,30
620,345,14,30
619,345,14,30
618,345,14,30
617,345,14,30
616,345,14,30
615,345,14,30
615,345,14,30
614,345,14,30
613,345,14,30
613,345,14,30
612,345,14,30
611,345,14,30
611,345,14,30
610,345,14,30
610,345,14,30
609,345,14,30
608,345,14,30
608,345,14,30
607,345,14,30
606,345,14,30
605,346,14,30
604,346,14,30
603,346,14,30
602,346,14,30
602,346,14,30
601,346,14,30
600,347,14,30
599,346,14,30
598,346,14,30
598,346,14,30
597,346,14,30
596,346,14,30
595,346,14,30
595,346,14,30
594,346,14,30
593,346,14,30
592,346,14,30
591,346,14,30
591,346,14,30
590,346,14,30
589,346,14,30
588,346,14,30
588,346,14,30
587,346,14,30
586,346,14,30
585,346,14,30
584,346,14,30
584,346,14,30
583,346,14,30
582,346,14,30
581,346,14,30
580,346,14,30
579,346,14,30
579,346,14,30
578,345,14,30
577,345,14,30
576,345,14,30
575,345,14,30
575,345,14,30
574,345,14,30
573,345,14,30
572,345,14,30
571,345,14,30
570,345,14,30
570,345,14,30
569,345,14,30
568,345,14,30
567,345,14,30
566,345,14,30
566,345,14,30
565,345,14,30
564,345,14,30
564,345,14,30
563,345,14,30
562,345,14,30
562,345,14,30
561,345,14,30
560,345,14,30
560,345,14,30
559,345,14,30
558,345,14,30
557,345,14,30
557,345,14,30
556,345,14,30
555,345,14,30
555,345,14,30
554,345,14,30
553,344,14,30
553,344,14,30
552,344,14,30
551,344,14,30
550,344,14,30
550,344,14,30
549,344,14,30
548,344,14,30
547,344,14,30
547,344,14,30
546,344,14,30
545,344,14,30
544,344,14,30
544,343,14,30
543,343,14,30
542,343,14,30
542,343,14,30
541,343,14,30
540,343,14,30
539,343,14,30
539,343,14,30
538,343,14,30
537,343,14,30
536,343,14,30
535,343,14,30
535,343,14,30
534,344,14,30
533,344,14,30
532,344,14,30
532,344,14,30
531,344,14,30
530,344,14,30
529,344,14,30
528,344,14,30
527,345,14,30
526,345,14,30
525,345,14,30
524,345,14,30
523,345,14,30
522,345,14,30
521,345,14,30
520,346,14,30
520,346,14,30
519,346,14,30
518,346,14,30
517,346,14,30
516,346,14,30
516,347,14,30
515,347,14,30
514,347,14,30
513,347,14,30
512,347,14,30
512,347,14,30
511,348,14,30
510,348,14,30
509,348,14,30
509,348,14,30
508,348,14,30
507,348,14,30
506,348,14,30
505,348,14,30
505,348,14,30
504,348,14,30
503,348,14,30
502,348,14,30
501,348,14,30
500,348,14,30
500,348,14,30
499,348,14,30
498,348,14,30
497,348,14,30
496,348,14,30
496,348,14,30
495,348,14,30
494,348,14,30
493,348,14,30
492,348,14,30
492,348,14,30
491,348,14,30
490,348,14,30
489,348,14,30
488,348,14,30
488,348,14,30
487,349,14,30
486,349,14,30
485,349,14,30
485,349,14,30
484,349,14,30
483,349,14,30
482,349,14,30
481,349,14,30
480,349,14,30
480,349,14,30
479,349,14,30
478,349,14,30
477,350,14,30
476,350,14,30
475,350,14,30
474,350,14,30
473,350,14,30
473,350,14,30
472,350,14,30
471,350,14,30
470,350,14,30
469,350,14,30
468,350,14,30
467,350,14,30
466,350,14,30
466,350,14,30
465,350,14,30
464,350,14,30
463,350,14,30
462,351,14,30
461,351,14,30
460,351,14,30
459,351,14,30
459,351,14,30
458,351,14,30
457,351,14,30
456,351,14,30
455,351,14,30
454,351,14,30
453,351,14,30
452,351,14,30
452,351,14,30
451,351,14,30
450,351,14,30
449,351,14,30
448,351,14,30
447,352,14,30
446,352,14,30
445,351,14,30
445,351,14,30
444,351,14,30
443,351,14,30
442,351,14,30
441,351,14,30
441,351,14,30
440,351,14,30
439,351,14,30
438,351,14,30
437,351,14,30
436,351,14,30
436,351,14,30
435,351,14,30
434,351,14,30
433,351,14,30
432,351,14,30
431,351,14,30
431,351,14,30
430,351,14,30
429,351,14,30
428,351,14,30
427,351,14,30
427,351,14,30
426,351,14,30
425,351,14,30
424,351,14,30
423,351,14,30
422,351,14,30
421,351,14,30
420,351,14,30
419,351,14,30
418,352,14,30
417,352,14,30
416,352,14,30
415,352,14,30
414,352,14,30
413,352,14,30
412,352,14,30
411,352,14,30
410,352,14,30
409,352,14,30
408,352,14,30
407,353,14,30
405,353,14,30
404,353,14,30
403,353,14,30
402,353,14,30
401,353,14,30
400,353,14,30
399,354,14,30
399,354,14,30
398,354,14,30
397,355,14,30
396,355,14,30
395,355,14,30
394,356,14,30
394,356,14,30
393,356,14,30
392,356,14,30
391,356,14,30
390,356,14,30
389,356,14,30
388,356,14,30
388,356,14,30
387,356,14,30
386,356,14,30
385,356,14,30
384,356,14,30
383,356,14,30
383,356,14,30
382,356,14,30
381,356,14,30
380,356,14,30
379,356,14,30
378,356,14,30
377,356,14,30
377,356,14,30
376,356,14,30
375,356,14,30
374,356,14,30
373,356,14,30
372,357,14,30
371,357,14,30
370,357,14,30
369,357,14,30
368,357,14,30
367,357,14,30
366,357,14,30
366,357,14,30
365,357,14,30
364,357,14,30
363,357,14,30
362,358,14,30
361,358,14,30
360,358,14,30
359,358,14,30
358,358,14,30
357,358,14,30
356,358,14,30
356,358,14,30
355,358,14,30
354,358,14,30
353,358,14,30
352,358,14,30
351,358,14,30
351,358,14,30
350,359,14,30
349,359,14,30
348,359,14,30
347,359,14,30
347,359,14,30
346,359,14,30
345,359,14,30
344,359,14,30
343,359,14,30
342,359,14,30
342,359,14,30
341,359,14,30
340,359,14,30
339,359,14,30
338,359,14,30
337,359,14,30
337,359,14,30
336,359,14,30
335,359,14,30
334,360,14,30
333,360,14,30
333,360,14,30
332,360,14,30
331,360,14,30
330,360,14,30
329,361,14,30
328,361,14,30
327,361,14,30
326,361,14,30
325,361,14,30
324,362,14,30
323,362,14,30
322,362,14,30
321,362,14,30
320,363,14,30
320,363,14,30
319,363,14,30
318,363,14,30
317,364,14,30
316,364,14,30
315,364,14,30
314,364,14,30
313,364,14,30
312,365,14,30
311,365,14,30
310,365,14,30
309,365,14,30
308,366,14,30
308,366,14,30
307,366,14,30
306,366,14,30
305,367,14,30
304,367,14,30
303,367,14,30
302,367,14,30
301,367,14,30
300,368,14,30
299,368,14,30
298,368,14,30
297,368,14,30
296,369,14,30
295,369,14,30
295,369,14,30
294,369,14,30
293,369,14,30
292,369,14,30
291,369,14,30
290,369,14,30
289,369,14,30
288,369,14,30
287,369,14,30
286,369,14,30
285,369,14,30
285,369,14,30
284,369,14,30
283,369,14,30
282,369,14,30
281,369,14,30
280,369,14,30
279,369,14,30
278,369,14,30
277,369,14,30
276,369,14,30
275,369,14,30
275,369,14,30
274,369,14,30
273,369,14,30
272,369,14,30
271,369,14,30
270,369,14,30
269,369,14,30
268,369,14,30
267,369,14,30
266,369,14,30
265,369,14,30
265,369,14,30
264,369,14,30
263,369,14,30
262,369,14,30
261,369,14,30
260,369,14,30
259,369,14,30
258,369,14,30
257,369,14,30
256,369,14,30
255,369,14,30
255,369,14,30
254,369,14,30
253,369,14,30
252,369,14,30
251,369,14,30
250,369,14,30
249,369,14,30
248,369,14,30
247,369,14,30
246,369,14,30
245,369,14,30
245,369,14,30
244,369,14,30
243,369,14,30
242,369,14,30
241,369,14,30
240,369,14,30
239,369,14,30
238,369,14,30
237,369,14,30
236,369,14,30
235,369,14,30
235,369,14,30
234,369,14,30
233,369,14,30
232,369,14,30
231,369,14,30
230,369,14,30
229,370,14,30
228,370,14,30
227,370,14,30
226,370,14,30
225,370,14,30
224,370,14,30
223,370,14,30
222,370,14,30
221,370,14,30
220,370,14,30
219,371,14,30
218,371,14,30
217,371,14,30
216,371,14,30
215,371,14,30
214,371,14,30
213,371,14,30
212,371,14,30
211,371,14,30
210,371,14,30
209,371,14,30
209,371,14,30
208,371,14,30
207,371,14,30
206,371,14,30
205,372,14,30
204,372,14,30
203,372,14,30
202,372,14,30
201,372,14,30
201,372,14,30
200,372,14,30
199,372,14,30
198,372,14,30
197,372,14,30
196,372,14,30
195,372,14,30
194,372,14,30
193,372,14,30
193,372,14,30
192,372,14,30
191,372,14,30
190,372,14,30
189,372,14,30
188,372,14,30
187,372,14,30
186,372,14,30
186,373,14,30
185,373,14,30
184,373,14,30
183,373,14,30
182,373,14,30
181,373,14,30
180,373,14,30
179,373,14,30
178,373,14,30
178,373,14,30
177,373,14,30
176,373,14,30
175,373,14,30
174,373,14,30
173,374,14,30
172,374,14,30
171,374,14,30
170,374,14,30
169,374,14,30
168,374,14,30
167,374,14,30
166,374,14,30
165,374,14,30
164,374,14,30
163,374,14,30
162,375,14,30
161,375,14,30
160,375,14,30
159,375,14,30
158,375,14,30
157,375,14,30
156,375,14,30
155,375,14,30
154,375,14,30
154,375,14,30
153,375,14,30
152,375,14,30
151,375,14,30
150,374,14,30
149,374,14,30
149,374,14,30
148,374,14,30
147,374,14,30
146,374,14,30
145,374,14,30
145,374,14,30
144,374,14,30
143,374,14,30
142,374,14,30
141,374,14,30
140,374,14,30
139,374,14,30
139,374,14,30
138,374,14,30
137,374,14,30
136,374,14,30
135,374,14,30
134,374,14,30
133,374,14,30
132,375,14,30
131,375,14,30
130,375,14,30
129,375,14,30
128,375,14,30
127,375,14,30
126,375,14,30
125,375,14,30
124,375,14,30
124,375,14,30
123,375,14,30
122,375,14,30
121,375,14,30
120,375,14,30
119,375,14,30
118,375,14,30
117,375,14,30
116,375,14,30
115,375,14,30
114,375,14,30
113,375,14,30
112,375,14,30
111,375,14,30
110,375,14,30
109,375,14,30
109,375,14,30
108,376,14,30
107,376,14,30
106,376,14,30
105,376,14,30
104,376,14,30
103,376,14,30
102,376,14,30
101,376,14,30
100,376,14,30
99,376,14,30
99,377,14,30
98,377,14,30
97,377,14,30
96,377,14,30
95,377,14,30
94,377,14,30
93,377,14,30
92,377,14,30
91,377,14,30
90,377,14,30
89,377,14,30
88,378,14,30
88,378,14,30
87,378,14,30
86,378,14,30
85,378,14,30
84,378,14,30
83,378,14,30
82,378,14,30
81,378,14,30
80,378,14,30
79,379,14,30
78,379,14,30
77,379,14,30
76,379,14,30
76,379,14,30
75,379,14,30
74,379,14,30
73,379,14,30
72,379,14,30
71,379,14,30
70,379,14,30
69,379,14,30
68,379,14,30
68,379,14,30
67,379,14,30
66,379,14,30
65,379,14,30
64,379,14,30
63,379,14,30
62,379,14,30
61,379,14,30
60,379,14,30
60,379,14,30
59,379,14,30
58,379,14,30
57,379,14,30
56,379,14,30
55,379,14,30
54,379,14,30
53,379,14,30
52,379,14,30
52,379,14,30
51,379,14,30
50,379,14,30
49,379,14,30
48,379,14,30
47,379,14,30
46,379,14,30
45,379,14,30
44,379,14,30
43,379,14,30
42,379,14,30
41,379,14,30
40,379,14,30
39,379,14,30
38,379,14,30
37,379,14,30
36,379,14,30
35,379,14,30
35,379,14,30
34,379,14,30
33,379,14,30
32,379,14,30
31,379,14,30
30,379,14,30
29,379,14,30
28,379,14,30
27,379,14,30
26,379,14,30
25,379,14,30
24,379,14,30
23,379,14,30
22,379,14,30
21,379,14,30
20,379,14,30
19,379,14,30
19,379,14,30
18,379,14,30
17,379,14,30
16,379,14,30
15,379,14,30
14,379,14,30
13,379,14,30
13,379,14,30
12,379,14,30
11,379,14,30
10,379,14,30
9,379,14,30
8,379,14,30
7,379,14,30
6,379,14,30
6,379,14,30
5,379,14,30
4,379,14,30
3,379,14,30
2,379,14,30
1,380,14,30
0,380,14,30
-1,380,14,30
-2,380,14,30
-3,380,14,30
-3,380,14,30
-4,380,14,30
-4,380,14,30
-1,-1,-1,-1
-1,-1,-1,-1
-1,-1,-1,-1
-1,-1,-1,-1
-1,-1,-1,-1
-1,-1,-1,-1
-1,-1,-1,-1
-1,-1,-1,-1
-1,-1,-1,-1
-1,-1,-1,-1
-1,-1,-1,-1
-1,-1,-1,-1
-1,-1,-1,-1
-1,-1,-1,-1
702,413,14,30
701,413,14,30
700,413,14,30
700,413,14,30
699,412,14,30
698,412,14,30
697,412,14,30
696,412,14,30
695,412,14,30
694,412,14,30
694,412,14,30
693,412,14,30
692,412,14,30
691,412,14,30
690,411,14,30
689,411,14,30
688,411,14,30
687,411,14,30
686,411,14,30
686,411,14,30
685,411,14,30
684,411,14,30
683,411,14,30
682,411,14,30
681,411,14,30
680,411,14,30
679,411,14,30
678,411,14,30
677,411,14,30
675,411,14,30
674,411,14,30
672,411,14,30
671,410,14,30
671,410,14,30
670,410,14,30
669,409,14,30
668,409,14,30
667,409,14,30
666,409,14,30
665,408,14,30
664,408,14,30
663,408,14,30
662,407,14,30
661,407,14,30
660,407,14,30
659,407,14,30
658,406,14,30
657,406,14,30
657,406,14,30
656,406,14,30
655,406,14,30
654,406,14,30
654,406,14,30
653,405,14,30
652,405,14,30
651,405,14,30
651,405,14,30
650,405,14,30
649,405,14,30
648,405,14,30
648,405,14,30
647,405,14,30
646,404,14,30
645,404,14,30
645,404,14,30
644,404,14,30
643,404,14,30
642,404,14,30
641,404,14,30
640,404,14,30
639,404,14,30
638,403,14,30
638,403,14,30
637,403,14,30
636,403,14,30
635,403,14,30
634,403,14,30
633,403,14,30
632,402,14,30
631,402,14,30
631,402,14,30
630,402,14,30
629,402,14,30
628,401,14,30
627,401,14,30
627,401,14,30
626,401,14,30
625,401,14,30
624,401,14,30
623,400,14,30
623,400,14,30
622,400,14,30
621,400,14,30
620,400,14,30
619,399,14,30
618,399,14,30
618,399,14,30
617,399,14,30
616,399,14,30
615,398,14,30
615,398,14,30
614,398,14,30
613,398,14,30
612,397,14,30
612,397,14,30
611,397,14,30
610,397,14,30
609,397,14,30
609,396,14,30
608,396,14,30
607,396,14,30
606,396,14,30
606,396,14,30
605,395,14,30
604,395,14,30
603,395,14,30
603,395,14,30
602,395,14,30
601,395,14,30
600,394,14,30
599,394,14,30
598,394,14,30
598,394,14,30
597,394,14,30
596,394,14,30
595,394,14,30
594,394,14,30
593,393,14,30
593,393,14,30
592,393,14,30
591,393,14,30
591,393,13,30
590,393,13,30
589,392,13,30
589,392,13,30
588,392,13,30
587,392,13,30
587,392,12,30
586,392,12,30
585,392,12,30
585,391,12,30
584,391,12,30
583,391,12,30
583,391,12,30
582,391,11,30
581,391,11,30
581,390,11,30
580,390,11,30
579,390,11,30
578,390,11,30
577,390,12,30
576,390,12,30
575,390,12,30
574,389,12,30
573,389,12,30
572,389,12,30
571,389,12,30
570,389,12,30
569,389,12,30
568,388,13,30
567,388,13,30
566,388,13,30
565,388,13,30
564,388,13,30
563,388,13,30
562,388,13,30
561,387,13,30
560,387,13,30
559,387,13,30
558,387,13,30
558,387,13,30
557,387,13,30
556,387,13,30
556,387,13,30
555,387,13,30
554,387,13,30
554,387,13,30
553,387,13,30
552,387,13,30
551,387,13,30
551,386,13,30
550,386,13,30
549,386,13,30
548,386,13,30
548,386,13,30
547,386,13,30
546,385,13,30
545,385,13,30
545,385,13,30
544,385,13,30
543,385,13,30
542,385,13,30
541,385,13,30
540,385,13,30
539,384,13,30
539,384,13,30
538,384,13,30
537,384,13,30
536,384,13,30
535,384,13,30
534,384,13,30
534,383,13,30
533,383,13,30
532,383,13,30
531,383,13,30
530,383,13,30
529,383,13,30
529,383,13,30
528,382,13,30
527,382,13,30
526,382,13,30
525,382,13,30
525,382,13,30
524,381,13,30
523,381,13,30
522,381,13,30
521,381,13,30
521,381,13,30
520,380,13,30
519,380,13,30
518,380,13,30
517,380,13,30
517,380,13,30
516,379,13,30
515,379,13,30
514,379,13,30
513,379,13,30
513,379,13,30
512,379,13,30
511,378,13,30
511,378,13,30
510,378,13,30
509,378,13,30
509,378,13,30
508,378,13,30
507,377,13,30
507,377,13,30
506,377,13,30
505,377,13,30
504,377,13,30
504,376,13,30
503,376,13,30
502,376,13,30
502,376,13,30
501,376,13,30
500,376,13,30
500,375,13,30
499,375,13,30
498,375,13,30
497,375,13,30
496,375,13,30
496,375,13,30
495,375,13,30
494,375,13,30
493,375,13,30
492,375,13,30
491,375,13,30
491,375,13,30
490,375,13,30
489,375,13,30
488,375,13,30
487,375,13,30
487,375,13,30
486,375,13,30
485,375,13,30
484,375,13,30
483,375,13,30
483,375,13,30
482,375,13,30
481,374,13,30
480,374,13,30
480,374,13,30
479,373,13,30
478,373,13,30
478,373,13,30
477,373,13,30
476,372,13,30
475,372,13,30
475,372,13,30
474,372,13,30
473,371,13,30
472,371,13,30
472,371,13,30
471,370,13,30
470,370,13,30
469,370,13,30
469,370,13,30
468,369,13,30
467,369,13,30
467,369,13,30
466,369,13,30
465,369,13,30
465,369,13,30
464,369,13,30
463,368,13,30
462,368,13,30
462,368,13,30
461,368,13,30
460,368,13,30
460,368,13,30
459,367,13,30
458,367,13,30
458,367,13,30
457,367,13,30
456,367,13,30
456,367,13,30
455,367,13,30
454,366,13,30
453,366,13,30
453,366,13,30
452,366,13,30
451,366,13,30
451,366,13,30
450,365,13,30
449,365,13,30
448,365,13,30
448,365,13,30
447,365,13,30
446,364,13,30
446,364,13,30
445,364,13,30
444,364,13,30
443,364,13,30
443,364,13,30
442,363,13,30
441,363,13,30
441,363,13,30
440,363,13,30
439,363,13,30
438,363,13,30
438,363,13,30
437,363,13,30
436,363,13,30
436,362,13,30
435,362,13,30
434,362,13,30
433,362,13,30
433,362,13,30
432,362,13,30
431,362,13,30
431,362,13,30
430,362,13,30
429,362,13,30
428,361,13,30
428,361,13,30
427,361,13,30
426,361,13,30
426,361,13,30
425,361,13,30
424,361,13,30
423,360,13,30
423,360,13,30
422,360,13,30
421,360,13,30
421,359,13,30
420,359,13,30
419,359,13,30
419,359,13,30
418,359,13,30
417,358,13,30
417,358,13,30
416,358,13,30
415,358,13,30
414,358,13,30
414,357,13,30
413,357,13,30
412,357,13,30
412,357,13,30
411,357,13,30
410,357,13,30
409,357,13,30
409,357,13,30
408,356,13,30
407,356,13,30
406,356,13,30
406,356,13,30
405,356,13,30
404,356,13,30
403,356,13,30
403,356,13,30
402,356,13,30
401,356,13,30
400,356,13,30
400,356,13,30
399,356,13,30
398,355,13,30
397,355,13,30
397,355,13,30
396,355,13,30
395,354,13,30
394,354,13,30
393,354,13,30
393,354,13,30
392,353,13,30
391,353,13,30
390,353,13,30
390,352,13,30
389,352,13,30
388,352,13,30
388,352,13,30
387,352,13,30
386,352,13,30
386,352,13,30
385,351,13,30
385,351,13,30
384,351,13,30
383,351,13,30
383,351,13,30
382,351,13,30
381,351,13,30
381,351,13,30
380,351,13,30
379,350,13,30
379,350,13,30
378,350,13,30
378,350,13,30
377,350,13,30
376,350,13,30
375,350,13,30
374,349,13,30
373,349,13,30
372,349,13,30
372,349,13,30
371,349,13,30
370,348,13,30
369,348,13,30
368,348,13,30
367,348,13,30
367,348,13,30
366,348,13,30
365,348,13,30
365,348,13,30
364,348,13,30
364,348,13,30
363,347,13,30
362,347,13,30
362,347,13,30
361,347,13,30
360,347,13,30
360,347,13,30
359,347,13,30
358,347,13,30
358,347,13,30
357,347,13,30
357,347,13,30
356,347,13,30
355,347,13,30
354,347,13,30
354,347,13,30
353,347,13,30
352,347,13,30
351,347,13,30
351,347,13,30
350,347,13,30
349,347,13,30
348,347,13,30
347,347,13,30
347,347,13,30
346,347,13,30
345,347,13,30
344,347,13,30
343,347,13,30
343,347,13,30
342,347,13,30
341,347,13,30
340,347,13,30
339,347,13,30
339,346,13,30
338,346,13,30
337,346,13,30
337,346,13,30
336,346,13,30
335,346,13,30
334,346,13,30
334,346,13,30
333,346,13,30
332,346,13,30
332,345,13,30
331,345,13,30
330,345,13,30
329,345,13,30
329,345,13,30
328,345,13,30
327,345,13,30
327,345,13,30
326,345,13,30
325,345,13,30
325,345,13,30
324,344,13,30
323,344,13,30
322,344,13,30
322,344,13,30
321,344,13,30
320,344,13,30
320,344,13,30
319,344,13,30
318,344,13,30
318,344,13,30
317,344,13,30
316,344,13,30
316,344,13,30
315,344,13,30
314,344,13,30
314,344,13,30
313,344,13,30
312,343,13,30
312,343,13,30
311,343,13,30
310,343,13,30
309,343,13,30
308,343,13,30
308,343,13,30
307,343,13,30
306,343,13,30
305,342,13,30
304,342,13,30
304,342,13,30
303,342,13,30
302,342,13,30
301,342,13,30
301,342,13,30
300,342,13,30
299,342,13,30
298,342,13,30
298,342,13,30
297,342,13,30
296,341,13,30
296,341,13,30
295,341,13,30
295,341,13,30
294,341,13,30
293,341,13,30
293,341,13,30
292,341,13,30
292,340,13,30
291,340,13,30
290,340,13,30
290,340,13,30
289,340,13,30
289,340,13,30
288,340,13,30
288,339,13,30
287,339,13,30
286,339,13,30
286,339,13,30
285,339,13,30
285,339,13,30
284,338,13,30
284,338,13,30
283,338,13,30
283,338,13,30
282,337,13,30
282,337,13,30
281,337,13,30
281,336,13,30
280,336,13,30
280,336,13,30
280,336,13,30
280,336,13,30
280,336,13,30
279,337,13,30
279,337,13,30
279,337,13,30
279,337,13,30
279,337,13,30
279,337,13,30
279,338,13,30
279,338,13,30
279,337,13,30
279,337,13,30
279,337,13,30
278,337,13,30
278,337,13,30
278,337,13,30
278,337,13,30
278,337,13,30
278,337,13,30
274,336,13,30
271,335,13,30
268,335,13,30
265,334,13,30
262,333,13,30
261,333,13,30
260,333,13,30
260,333,13,30
259,333,13,30
258,333,13,30
257,332,13,30
257,332,13,30
256,332,13,30
255,332,13,30
255,332,13,30
254,332,13,30
253,331,13,30
253,331,13,30
252,331,13,30
251,331,13,30
251,331,13,30
250,331,13,30
250,330,13,30
249,330,13,30
248,330,13,30
248,330,13,30
247,330,13,30
246,329,13,30
246,329,13,30
245,329,13,30
245,329,13,30
244,329,13,30
244,329,13,30
243,329,13,30
243,329,13,30
242,329,13,30
242,329,13,30
242,329,13,30
241,329,13,30
241,329,13,30
240,329,13,30
239,329,13,30
238,329,13,30
238,329,13,30
237,329,13,30
237,329,13,30
236,329,13,30
236,329,13,30
236,329,13,30
235,329,13,30
235,329,13,30
234,329,13,30
233,329,13,30
230,328,13,30
230,328,13,30
229,328,13,30
229,328,13,30
228,328,13,30
228,328,13,30
228,328,13,30
227,328,13,30
227,328,13,30
226,328,13,30
226,328,13,30
225,328,13,30
225,328,13,30
224,327,13,30
224,327,13,30
224,327,13,30
223,327,13,30
223,327,13,30
222,327,13,30
222,327,13,30
221,327,13,30
221,327,13,30
220,327,13,30
220,327,13,30
220,327,13,30
219,327,13,30
219,327,13,30
218,327,13,30
218,326,13,30
217,326,13,30
217,326,13,30
216,326,13,30
216,326,13,30
216,326,13,30
215,326,13,30
215,326,13,30
214,326,13,30
214,326,13,30
213,326,13,30
213,326,13,30
212,326,13,30
212,326,13,30
212,326,13,30
211,325,13,30
211,325,13,30
210,325,13,30
210,325,13,30
209,325,13,30
208,325,13,30
208,325,13,30
207,325,13,30
206,325,13,30
205,325,13,30
205,325,13,30
204,325,13,30
203,325,13,30
202,325,13,30
202,325,13,30
201,325,13,30
200,325,13,30
199,325,13,30
199,325,13,30
198,325,13,30
197,325,13,30
196,325,13,30
196,325,13,30
195,325,13,30
194,325,13,30
194,325,13,30
194,325,13,30
194,325,13,30
193,325,13,30
193,325,13,30
193,325,13,30
192,325,13,30
192,325,13,30
192,325,13,30
192,325,13,30
191,325,13,30
191,325,13,30
191,325,13,30
190,325,13,30
190,325,13,30
190,325,13,30
190,325,13,30
189,325,13,30
189,325,13,30
189,325,13,30
188,325,13,30
188,325,13,30
188,325,13,30
188,325,13,30
187,325,13,30
187,325,13,30
187,325,13,30
186,325,13,30
186,325,13,30
186,325,13,30
186,325,13,30
185,325,13,30
185,325,13,30
185,325,13,30
184,325,13,30
184,325,13,30
184,325,13,30
183,325,13,30
183,325,13,30
183,324,13,30
182,324,13,30
181,324,13,30
181,324,13,30
180,324,13,30
179,324,13,30
179,324,13,30
178,324,13,30
178,323,13,30
177,323,13,30
176,323,13,30
176,323,13,30
175,323,13,30
174,323,13,30
174,323,13,30
173,323,13,30
173,323,13,30
172,323,13,30
171,323,13,30
171,323,13,30
170,323,13,30
169,323,13,30
169,323,13,30
168,323,13,30
168,323,13,30
167,323,13,30
166,322,13,30
166,322,13,30
165,322,13,30
164,322,13,30
164,322,13,30
163,322,13,30
163,322,13,30
162,322,13,30
161,322,13,30
161,322,13,30
160,322,13,30
159,322,13,30
159,322,13,30
158,322,13,30
158,322,13,30
157,321,13,30
157,321,13,30
156,321,13,30
156,321,13,30
155,321,13,30
155,320,13,30
154,320,13,30
154,320,13,30
153,320,13,30
153,320,13,30
153,319,13,30
152,319,13,30
152,319,13,30
151,319,13,30
151,319,13,30
150,319,13,30
150,318,13,30
149,318,13,30
149,318,13,30
148,318,13,30
148,318,13,30
147,317,13,30
146,317,13,30
146,317,13,30
145,317,13,30
145,317,13,30
144,316,13,30
143,316,13,30
143,316,13,30
142,316,13,30
142,316,13,30
141,315,13,30
140,315,13,30
140,315,13,30
139,315,13,30
139,315,13,30
138,314,13,30
137,314,13,30
137,314,13,30
136,314,13,30
136,314,13,30
135,314,13,30
135,314,13,30
134,314,13,30
134,314,13,30
133,314,13,30
133,314,13,30
132,314,13,30
131,314,13,30
131,314,13,30
130,314,13,30
130,314,13,30
129,314,13,30
129,314,13,30
128,313,13,30
128,313,13,30
127,313,13,30
127,313,13,30
126,313,13,30
126,313,13,30
125,313,13,30
125,313,13,30
124,313,13,30
124,313,13,30
123,312,13,30
123,312,13,30
122,312,13,30
122,312,13,30
121,312,13,30
121,312,13,30
120,312,13,30
119,312,13,30
119,312,13,30
118,312,13,30
118,312,13,30
117,312,13,30
117,312,13,30
116,312,13,30
115,312,13,30
115,312,13,30
114,312,13,30
114,312,13,30
113,312,13,30
113,312,13,30
112,312,13,30
112,312,13,30
111,312,13,30
110,312,13,30
110,312,13,30
109,312,13,30
109,311,13,30
108,311,13,30
108,311,13,30
107,311,13,30
106,311,13,30
106,311,13,30
105,311,13,30
105,310,13,30
104,310,13,30
104,310,13,30
103,310,13,30
102,310,13,30
102,310,13,30
101,309,13,30
101,309,13,30
100,309,13,30
99,309,13,30
99,309,13,30
98,309,13,30
98,309,13,30
98,308,13,30
97,308,13,30
97,308,13,30
97,308,13,30
96,308,13,30
96,308,13,30
96,308,13,30
95,308,13,30
95,308,13,30
94,308,13,30
94,308,13,30
94,307,13,30
93,307,13,30
93,307,13,30
93,307,13,30
92,307,13,30
92,307,13,30
92,307,13,30
91,307,13,30
91,307,13,30
91,307,13,30
90,307,13,30
90,307,13,30
90,307,13,30
90,307,13,30
89,306,13,30
89,306,13,30
89,306,13,30
88,306,13,30
88,306,13,30
88,306,13,30
88,306,13,30
87,306,13,30
87,306,13,30
87,306,13,30
86,306,13,30
86,306,13,30
86,306,13,30
86,306,13,30
85,306,13,30
85,306,13,30
84,306,13,30
84,306,13,30
84,306,13,30
83,305,13,30
83,305,13,30
82,305,13,30
82,305,13,30
82,305,13,30
81,305,13,30
81,305,13,30
80,305,13,30
80,305,13,30
79,305,13,30
79,304,13,30
79,304,13,30
78,304,13,30
78,304,13,30
77,304,13,30
77,304,13,30
77,304,13,30
77,304,13,30
76,304,13,30
76,303,13,30
76,303,13,30
75,303,13,30
75,303,13,30
75,303,13,30
74,303,13,30
74,303,13,30
74,303,13,30
73,303,13,30
73,302,13,30
73,302,13,30
73,302,13,30
72,302,13,30
72,302,13,30
72,302,13,30
71,302,13,30
71,302,13,30
71,301,13,30
71,301,13,30
70,301,13,30
70,301,13,30
70,301,13,30
70,300,13,30
69,300,13,30
69,300,13,30
69,300,13,30
69,300,13,30
69,299,13,30
68,299,13,30
68,299,13,30
68,299,13,30
68,299,13,30
67,298,13,30
67,298,13,30
67,298,13,30
67,298,13,30
66,298,13,30
66,298,13,30
66,298,13,30
65,298,13,30
65,298,13,30
65,298,13,30
65,297,13,30
64,297,13,30
64,297,13,30
64,297,13,30
63,297,13,30
63,297,13,30
63,297,13,30
63,297,13,30
62,297,13,30
62,297,13,30
62,297,13,30
61,297,13,30
61,297,13,30
61,297,13,30
60,297,13,30
60,297,13,30
60,296,13,30
59,296,13,30
59,296,13,30
58,296,13,30
58,296,13,30
57,296,13,30
57,296,13,30
57,296,13,30
56,296,13,30
55,296,13,30
55,296,13,30
54,296,13,30
54,296,13,30
53,296,13,30
53,296,13,30
52,296,13,30
52,296,13,30
52,296,13,30
51,296,13,30
50,296,13,30
50,296,13,30
49,296,13,30
48,296,13,30
48,296,13,30
47,296,13,30
47,296,13,30
47,296,13,30
46,296,13,30
45,296,13,30
45,296,13,30
44,296,13,30
43,296,13,30
43,296,13,30
42,296,13,30
41,296,13,30
40,296,13,30
40,296,13,30
39,296,13,30
38,296,13,30
38,296,13,30
37,296,13,30
37,296,13,30
36,296,13,30
36,295,13,30
35,295,13,30
35,295,13,30
34,295,13,30
33,295,13,30
33,295,13,30
32,295,13,30
32,296,13,30
31,296,13,30
31,296,13,30
30,296,13,30
30,296,13,30
29,296,13,30
29,297,13,30
28,297,13,30
27,297,13,30
26,297,13,30
25,297,13,30
23,297,13,30
22,297,13,30
21,297,13,30
20,297,13,30
19,297,13,30
18,297,13,30
16,297,13,30
15,297,13,30
14,296,13,30
13,296,13,30
12,296,13,30
11,296,13,30
10,296,13,30
8,296,13,30
7,296,13,30
6,296,13,30
5,296,13,30
3,296,13,30
