120,315,22,33
121,315,22,33
122,315,22,33
122,315,22,33
123,315,22,33
124,315,22,33
125,315,22,33
126,315,22,33
127,315,22,33
127,315,22,33
128,315,22,33
129,315,22,33
131,315,22,33
132,315,22,33
133,315,22,33
134,315,22,33
135,315,22,33
137,315,22,33
138,315,22,33
138,316,22,33
139,316,22,33
140,316,22,33
141,316,22,33
142,316,22,33
143,317,22,33
144,317,22,33
145,317,22,33
146,317,22,33
147,317,22,33
148,317,22,33
149,317,22,33
151,317,22,33
152,317,22,33
153,317,22,33
155,318,22,33
156,318,22,33
157,318,22,33
159,318,22,33
160,319,22,33
161,319,22,33
161,319,22,33
162,319,22,33
162,320,22,33
163,320,22,33
164,320,22,33
164,320,22,33
165,321,22,33
165,321,22,33
166,321,22,33
167,321,22,33
169,321,22,33
170,321,22,33
171,321,22,33
172,321,22,33
173,321,22,33
174,321,22,33
175,321,22,33
177,321,22,33
178,321,22,33
179,321,22,33
180,321,22,33
181,321,22,33
182,321,22,33
183,321,22,33
184,321,22,33
185,321,22,33
187,321,22,33
188,322,22,33
189,322,22,33
190,322,22,33
191,322,22,33
192,322,22,33
193,322,22,33
194,322,22,33
195,322,22,33
196,322,22,33
197,322,22,33
198,322,22,33
200,322,22,33
201,322,22,33
202,322,22,33
203,322,22,33
204,322,22,33
205,322,22,33
206,322,22,33
207,323,22,33
208,323,22,33
209,323,22,33
210,323,22,33
211,323,22,33
212,323,22,33
212,323,22,33
213,323,22,33
214,323,22,33
214,323,22,33
215,323,22,33
216,323,22,33
217,323,22,33
217,323,22,33
218,323,22,33
219,323,22,33
221,323,22,33
222,323,22,33
223,323,22,33
225,323,22,33
226,323,22,33
227,324,22,33
228,324,22,33
229,324,22,33
230,324,22,33
231,325,22,33
232,325,22,33
233,325,22,33
234,325,22,33
235,325,22,33
235,325,22,33
236,325,22,33
237,325,22,33
238,325,22,33
239,325,22,33
240,326,22,33
241,326,22,33
242,327,22,33
244,328,22,33
245,328,22,33
246,329,22,33
247,329,22,33
248,330,22,33
249,331,22,33
250,331,22,33
251,331,22,33
252,331,22,33
253,331,22,33
254,331,22,33
255,331,22,33
256,331,22,33
257,330,22,33
259,330,22,33
260,330,22,33
261,329,22,33
262,329,22,33
263,329,22,33
264,328,22,33
266,328,22,33
267,328,22,33
268,328,22,33
269,328,22,33
271,328,22,33
272,328,22,33
273,328,22,33
274,328,22,33
275,328,22,33
277,329,22,33
278,329,22,33
279,329,22,33
280,329,22,33
281,329,22,33
283,330,22,33
284,330,22,33
285,330,22,33
286,330,22,33
287,330,22,33
288,330,22,33
289,330,22,33
290,330,22,33
290,330,22,33
292,330,22,33
293,330,22,33
294,330,22,33
295,330,22,33
297,330,22,33
298,330,22,33
299,330,22,33
300,330,22,33
301,330,22,33
303,330,22,33
304,330,22,33
305,329,22,33
307,329,22,33
308,329,22,33
310,328,22,33
311,328,22,33
312,328,22,33
314,328,22,33
315,327,22,33
317,327,22,33
318,327,22,33
319,327,22,33
320,327,22,33
321,327,22,33
322,327,22,33
323,327,22,33
324,327,22,33
325,327,22,33
326,327,22,33
327,327,22,33
328,327,22,33
329,327,22,33
331,327,22,33
332,327,22,33
334,327,22,33
335,326,22,33
336,326,22,33
338,326,22,33
339,326,22,33
341,326,22,33
342,325,22,33
343,325,22,33
345,325,22,33
346,325,22,33
347,325,22,33
348,325,22,33
349,325,22,33
351,325,22,33
352,325,22,33
353,325,22,33
354,325,22,33
356,325,22,33
357,325,22,33
358,325,22,33
359,325,22,33
360,325,22,33
361,325,22,33
363,326,22,33
364,326,22,33
365,326,22,33
366,326,22,33
367,326,22,33
369,326,22,33
370,326,22,33
372,326,22,33
373,326,22,33
374,326,22,33
376,326,22,33
377,326,22,33
379,326,22,33
380,326,22,33
381,326,22,33
382,326,22,33
382,326,22,33
383,326,22,33
384,326,22,33
385,326,22,33
386,326,22,33
386,326,22,33
387,326,22,33
389,326,22,33
390,326,22,33
392,326,22,33
393,326,22,33
395,325,22,33
396,325,22,33
398,325,22,33
399,325,22,33
400,325,22,33
402,325,22,33
403,325,22,33
405,325,22,33
406,325,22,33
408,324,22,33
409,324,22,33
410,324,22,33
412,324,22,33
413,324,22,33
415,324,22,33
416,324,22,33
417,323,22,33
418,323,22,33
419,323,22,33
420,323,22,33
421,323,22,33
422,323,22,33
423,323,22,33
424,323,22,33
424,323,22,33
425,323,22,33
426,323,22,33
427,323,22,33
428,323,22,33
429,323,22,33
430,323,22,33
431,323,22,33
432,323,22,33
433,323,22,33
434,323,22,33
435,323,22,33
436,323,22,33
437,323,22,33
438,323,22,33
439,323,22,33
441,323,22,33
442,323,22,33
443,323,22,33
444,323,22,33
446,323,22,33
447,323,22,33
448,323,22,33
449,323,22,33
451,323,22,33
452,323,22,33
453,323,22,33
454,323,22,33
456,323,22,33
457,323,22,33
458,323,22,33
460,322,22,33
461,322,22,33
463,322,22,33
465,321,22,33
466,321,22,33
468,321,22,33
469,321,22,33
471,320,22,33
473,320,22,33
474,320,22,33
476,320,22,33
478,319,22,33
478,320,22,33
479,320,22,33
480,320,22,33
480,320,22,33
481,320,22,33
482,320,22,33
482,321,22,33
483,321,22,33
484,321,22,33
484,321,22,33
485,321,22,33
486,322,22,33
487,322,22,33
488,322,22,33
489,322,22,33
491,322,22,33
492,322,22,33
494,323,22,33
495,323,22,33
496,323,22,33
498,323,22,33
499,323,22,33
501,323,22,33
502,324,22,33
503,324,22,33
505,324,22,33
506,324,22,33
508,324,22,33
509,324,22,33
510,324,22,33
511,324,22,33
512,324,22,33
513,324,22,33
515,324,22,33
516,324,22,33
517,324,22,33
518,324,22,33
519,324,22,33
520,323,22,33
521,323,22,33
523,324,22,33
524,324,22,33
525,324,22,33
526,324,22,33
527,324,22,33
528,324,22,33
529,325,22,33
531,325,22,33
532,325,22,33
533,325,22,33
534,325,22,33
535,325,22,33
536,326,22,33
537,326,22,33
539,326,22,33
540,326,22,33
541,326,22,33
542,326,22,33
544,326,22,33
545,326,22,33
546,326,22,33
547,326,22,33
549,326,22,33
550,326,22,33
551,326,22,33
552,326,22,33
554,326,22,33
555,326,22,33
556,326,22,33
557,326,22,33
559,326,22,33
560,326,22,33
561,326,22,33
562,326,22,33
563,326,22,33
565,326,22,33
566,326,22,33
567,326,22,33
568,326,22,33
569,326,22,33
570,326,22,33
571,326,22,33
572,326,22,33
573,326,22,33
574,326,22,33
575,326,22,33
576,326,22,33
577,326,22,33
578,326,22,33
579,326,22,33
580,326,22,33
581,326,22,33
582,326,22,33
583,326,22,33
584,327,22,33
585,327,22,33
587,327,22,33
588,327,22,33
589,327,22,33
590,327,22,33
591,328,22,33
593,328,22,33
594,328,22,33
595,329,22,33
596,329,22,33
598,329,22,33
599,329,22,33
600,330,22,33
601,330,22,33
602,330,22,33
604,330,22,33
605,330,22,33
606,330,22,33
607,330,22,33
608,330,22,33
610,330,22,33
611,330,22,33
612,330,22,33
613,330,22,33
614,330,22,33
615,330,22,33
617,330,22,33
618,330,22,33
619,330,22,33
620,331,22,33
621,331,22,33
622,331,22,33
623,331,22,33
624,331,22,33
626,332,22,33
627,332,22,33
628,332,22,33
629,332,22,33
630,332,22,33
631,333,22,33
633,333,21,33
634,333,21,33
635,333,21,33
636,333,21,33
638,333,20,33
639,334,20,33
640,334,20,33
641,334,19,33
643,334,19,33
644,334,19,33
645,334,19,33
647,334,19,33
648,334,19,33
649,334,19,33
650,333,19,33
652,333,19,33
653,333,19,33
654,333,19,33
655,333,19,33
656,332,19,33
658,332,19,33
659,332,19,33
660,331,19,33
661,331,19,33
662,331,19,33
664,330,19,33
665,330,19,33
666,330,19,33
667,330,19,33
668,330,19,33
669,330,19,33
670,330,19,33
671,330,19,33
672,329,19,33
673,329,19,33
674,329,19,33
675,329,19,33
676,329,19,33
677,329,19,33
679,329,19,33
680,329,19,33
681,329,19,33
682,329,19,33
684,329,19,33
685,329,19,33
686,329,19,33
688,329,19,33
689,329,19,33
690,329,19,33
692,329,19,33
693,329,19,33
694,329,18,33
695,329,18,33
696,329,17,33
697,329,17,33
698,329,17,33
700,329,16,33
701,329,16,33
702,329,15,33
703,329,15,33
704,329,14,33
706,329,12,33
707,329,11,33
709,327,11,33
709,327,11,33
710,325,11,33
-1,-1,-1,-1
-1,-1,-1,-1
-1,-1,-1,-1
0,296,11,33
1,296,12,33
1,296,12,33
2,295,12,33
2,295,13,33
3,295,13,33
3,294,13,33
4,294,14,33
4,294,14,33
4,294,15,33
5,293,15,33
6,293,15,33
7,292,15,33
8,292,15,33
9,292,15,33
9,291,15,33
10,291,15,33
11,290,15,33
12,290,15,33
13,290,15,33
14,290,16,33
14,289,16,33
15,289,17,33
16,289,17,33
17,289,18,33
17,288,18,33
18,288,19,33
19,288,19,33
20,288,20,33
20,287,20,33
21,287,20,33
22,287,20,33
23,287,20,33
24,287,20,33
25,287,20,33
26,287,20,33
27,286,20,33
27,286,20,33
28,286,20,33
29,286,20,33
29,286,20,33
30,285,20,33
31,285,20,33
32,285,20,33
33,285,20,33
34,285,20,33
36,285,20,33
37,285,20,33
38,285,20,33
39,285,20,33
40,285,20,33
41,285,20,33
42,285,20,33
43,284,20,33
44,284,20,33
45,284,20,33
45,284,20,33
46,284,20,33
48,283,20,33
49,283,20,33
50,282,20,33
51,282,20,33
53,281,20,33
54,281,20,33
55,280,20,33
56,280,20,33
57,280,20,33
57,279,20,33
58,279,20,33
59,279,20,33
59,279,20,33
60,278,20,33
61,278,20,33
61,278,20,33
62,278,20,33
63,277,20,33
63,277,20,33
64,277,20,33
65,277,20,33
66,277,20,33
66,276,20,33
67,276,20,33
68,276,20,33
69,276,20,33
69,276,20,33
70,276,20,33
71,275,20,33
72,275,20,33
73,275,20,33
74,275,20,33
74,275,20,33
75,275,20,33
76,275,20,33
77,275,20,33
78,275,20,33
79,274,20,33
80,274,20,33
81,274,20,33
82,274,20,33
83,273,20,33
84,273,20,33
85,273,20,33
87,273,20,33
88,272,19,33
89,272,19,33
90,272,19,33
91,272,18,33
92,271,18,33
93,271,18,33
94,271,18,33
95,271,17,33
96,271,17,33
98,271,17,33
99,271,17,33
100,271,17,33
102,271,17,33
103,271,17,33
104,271,17,33
105,271,17,33
107,271,17,33
107,270,17,33
108,270,17,33
109,269,17,33
109,269,17,33
110,268,17,33
111,268,17,33
112,268,17,33
112,267,17,33
113,267,17,33
115,267,17,33
116,267,17,33
117,267,17,33
118,267,17,33
120,267,17,33
121,267,17,33
122,266,17,33
123,267,17,33
124,267,17,33
125,267,17,33
126,268,17,33
127,268,17,33
128,268,17,33
129,268,17,33
130,269,17,33
131,269,17,33
132,269,18,33
133,269,18,33
134,269,19,33
135,269,19,33
136,269,19,33
137,268,20,33
138,268,20,33
139,268,20,33
140,268,21,33
141,268,21,33
142,268,21,33
143,268,21,33
144,268,21,33
145,268,21,33
146,267,21,33
147,267,21,33
148,267,21,33
149,267,21,33
150,267,21,33
151,267,21,33
152,266,21,33
153,266,21,33
153,266,21,33
154,266,21,33
155,266,21,33
156,266,21,33
157,266,21,33
158,266,21,33
159,266,21,33
159,266,21,33
160,266,21,33
161,266,21,33
162,265,21,33
164,265,21,33
165,265,21,33
166,265,21,33
168,265,21,33
169,264,21,33
170,264,21,33
172,264,21,33
172,264,21,33
173,264,21,33
174,264,21,33
175,264,21,33
176,264,21,33
177,265,21,33
177,265,21,33
178,265,21,33
179,265,21,33
180,265,21,33
181,265,21,33
182,265,21,33
184,265,21,33
185,265,21,33
186,265,21,33
187,265,21,33
188,265,21,33
189,265,21,33
191,265,21,33
192,265,21,33
193,265,21,33
194,265,21,33
195,265,21,33
196,265,21,33
197,265,21,33
198,265,21,33
199,265,21,33
200,265,21,33
201,265,21,33
201,265,21,33
202,265,21,33
203,265,21,33
204,265,21,33
205,265,21,33
206,265,21,33
207,265,21,33
208,265,21,33
209,265,21,33
210,265,21,33
210,265,21,33
211,265,21,33
212,265,21,33
213,265,21,33
214,265,21,33
215,265,21,33
216,265,21,33
217,264,21,33
219,264,21,33
220,264,21,33
221,264,21,33
222,263,21,33
224,263,21,33
225,263,21,33
226,263,21,33
227,263,21,33
229,262,21,33
229,262,21,33
230,262,21,33
231,262,21,33
232,262,21,33
233,262,21,33
234,262,21,33
235,262,21,33
236,262,21,33
237,262,21,33
237,262,21,33
238,262,21,33
239,262,21,33
240,262,21,33
241,262,21,33
242,262,21,33
243,262,21,33
244,262,21,33
245,262,21,33
247,262,21,33
248,262,21,33
249,262,21,33
250,262,21,33
251,262,21,33
252,262,21,33
253,262,21,33
254,262,21,33
255,261,21,33
256,261,21,33
257,261,21,33
259,261,21,33
260,261,21,33
261,261,21,33
262,261,21,33
263,261,21,33
264,261,21,33
265,261,21,33
266,261,21,33
267,261,21,33
268,261,21,33
269,261,21,33
270,261,21,33
271,261,21,33
272,261,21,33
273,261,21,33
274,261,21,33
275,261,21,33
275,261,21,33
276,261,21,33
277,261,21,33
278,261,21,33
279,261,21,33
280,261,21,33
281,261,21,33
281,261,21,33
282,261,21,33
283,261,21,33
284,261,21,33
285,261,21,33
286,261,21,33
287,261,21,33
288,261,21,33
289,261,21,33
290,261,21,33
291,261,21,33
293,261,21,33
294,261,21,33
295,261,21,33
296,261,21,33
297,261,21,33
298,261,21,33
299,261,21,33
300,261,21,33
301,261,21,33
302,261,21,33
303,261,21,33
304,261,21,33
305,261,21,33
306,261,21,33
307,261,21,33
308,261,21,33
309,261,21,33
311,261,21,33
312,261,21,33
313,261,21,33
313,261,21,33
314,261,21,33
315,261,21,33
316,260,21,33
317,260,21,33
318,260,21,33
319,260,21,33
320,260,21,33
321,260,21,33
322,260,21,33
323,260,21,33
324,260,21,33
325,260,21,33
325,260,21,33
326,260,21,33
327,260,21,33
328,260,21,33
329,260,21,33
330,260,21,33
331,260,21,33
332,259,21,33
333,259,21,33
334,259,21,33
335,259,21,33
336,259,21,33
337,259,21,33
338,259,21,33
339,259,21,33
340,259,21,33
341,259,21,33
342,259,21,33
343,258,21,33
344,258,21,33
345,258,21,33
346,258,21,33
347,258,21,33
348,258,21,33
349,257,21,33
349,257,21,33
350,257,21,33
351,257,21,33
352,257,21,33
353,257,21,33
354,257,21,33
355,256,21,33
357,256,21,33
358,256,21,33
359,256,21,33
360,256,21,33
361,256,21,33
363,255,21,33
364,255,21,33
365,255,21,33
366,255,21,33
367,255,21,33
369,255,21,33
370,254,21,33
371,254,21,33
372,254,21,33
373,254,21,33
374,254,21,33
374,254,21,33
375,254,21,33
376,254,21,33
377,254,21,33
378,254,21,33
379,254,21,33
380,254,21,33
380,254,21,33
381,254,21,33
382,254,21,33
383,254,21,33
384,254,21,33
385,254,21,33
386,254,21,33
386,254,21,33
387,254,21,33
388,254,21,33
389,254,21,33
390,253,21,33
391,253,21,33
392,253,21,33
393,253,21,33
394,253,21,33
395,253,21,33
396,252,21,33
397,252,21,33
398,252,21,33
399,252,21,33
401,252,21,33
402,252,21,33
403,252,21,33
404,252,21,33
405,252,21,33
406,252,21,33
407,252,21,33
408,252,21,33
409,252,21,33
410,252,21,33
411,252,21,33
412,252,21,33
413,252,21,33
414,252,21,33
415,252,21,33
417,252,21,33
417,252,21,33
418,251,21,33
419,251,21,33
420,251,21,33
420,251,21,33
421,250,21,33
422,250,21,33
423,250,21,33
423,250,21,33
424,250,21,33
425,249,21,33
426,249,21,33
427,249,21,33
427,249,21,33
428,248,21,33
429,248,21,33
430,248,21,33
430,248,21,33
432,248,21,33
433,248,21,33
434,248,21,33
435,248,21,33
436,247,21,33
437,247,21,33
438,247,21,33
439,247,21,33
441,247,21,33
442,247,21,33
443,247,21,33
444,247,21,33
445,247,21,33
446,247,21,33
447,247,21,33
448,247,21,33
449,247,21,33
450,247,21,33
451,247,21,33
452,247,21,33
453,247,21,33
453,247,21,33
454,247,21,33
455,247,21,33
456,246,21,33
457,246,21,33
458,246,21,33
459,246,21,33
459,246,21,33
460,246,21,33
461,246,21,33
462,246,21,33
463,246,21,33
464,246,21,33
465,246,21,33
465,246,21,33
466,246,21,33
467,246,21,33
468,246,21,33
469,246,21,33
469,246,21,33
470,245,21,33
471,245,21,33
472,245,21,33
473,245,21,33
474,245,21,33
475,245,21,33
475,245,21,33
476,244,21,33
477,244,21,33
478,244,21,33
479,244,21,33
480,244,21,33
481,244,21,33
482,244,21,33
483,243,21,33
484,243,21,33
484,243,21,33
485,243,21,33
486,243,21,33
487,243,21,33
488,242,21,33
489,242,21,33
490,242,21,33
490,242,21,33
491,242,21,33
492,242,21,33
493,242,21,33
493,242,21,33
494,242,21,33
495,241,21,33
496,241,21,33
496,241,21,33
497,241,21,33
498,241,21,33
498,241,21,33
499,241,21,33
499,240,21,33
500,240,21,33
501,240,21,33
501,240,21,33
502,239,21,33
502,239,21,33
503,239,21,33
504,239,21,33
504,239,21,33
505,239,21,33
506,239,21,33
507,238,21,33
507,238,21,33
508,238,21,33
509,238,21,33
509,238,21,33
510,238,21,33
511,238,21,33
512,238,21,33
512,238,21,33
513,238,21,33
514,238,21,33
515,238,21,33
515,237,21,33
516,237,21,33
517,237,21,33
517,237,21,33
518,237,21,33
519,237,21,33
520,236,21,33
521,236,21,33
521,236,21,33
522,235,21,33
523,235,21,33
524,235,21,33
524,234,21,33
525,234,21,33
526,234,21,33
527,233,21,33
527,233,21,33
528,233,21,33
529,232,21,33
530,232,21,33
531,232,21,33
531,231,21,33
532,231,21,33
533,231,21,33
533,231,21,33
534,231,21,33
535,231,21,33
535,231,21,33
536,231,21,33
536,231,21,33
537,231,21,33
537,231,21,33
538,231,21,33
538,231,21,33
539,231,21,33
540,231,21,33
540,231,21,33
541,231,21,33
542,231,21,33
542,231,21,33
543,231,21,33
544,231,21,33
544,231,21,33
545,230,21,33
545,230,21,33
545,229,21,33
546,229,21,33
546,228,21,33
546,228,21,33
547,227,21,33
547,227,21,33
547,226,21,33
548,226,21,33
548,225,21,33
548,225,21,33
549,225,21,33
549,225,21,33
550,224,21,33
550,224,21,33
550,224,21,33
551,223,21,33
551,223,21,33
552,223,21,33
552,222,21,33
552,222,21,33
553,222,21,33
553,221,21,33
554,221,21,33
554,221,21,33
555,221,21,33
555,220,21,33
555,220,21,33
556,220,21,33
556,220,21,33
557,219,21,33
557,219,21,33
558,219,21,33
558,219,21,33
559,219,21,33
559,218,21,33
560,218,21,33
560,218,21,33
561,218,21,33
561,218,21,33
561,218,21,33
562,217,21,33
562,217,21,33
562,217,21,33
563,217,21,33
563,217,21,33
563,217,21,33
564,217,21,33
564,217,21,33
565,217,21,33
565,217,21,33
565,217,21,33
566,217,21,33
566,217,21,33
566,217,21,33
567,217,21,33
567,217,21,33
567,217,21,33
567,216,21,33
568,216,21,33
568,216,21,33
568,215,21,33
568,215,21,33
568,215,21,33
569,215,21,33
569,214,21,33
569,214,21,33
569,214,21,33
569,213,21,33
570,213,21,33
570,213,21,33
570,213,21,33
570,212,21,33
570,212,21,33
571,212,21,33
571,212,21,33
571,212,21,33
571,212,21,33
572,212,21,33
572,212,21,33
572,212,21,33
572,212,21,33
573,212,21,33
573,212,21,33
573,212,21,33
573,212,21,33
574,212,21,33
574,212,21,33
574,212,21,33
574,212,21,33
575,212,21,33
575,212,21,33
575,212,21,33
575,212,21,33
576,212,21,33
576,212,21,33
576,212,21,33
576,212,21,33
576,211,21,33
576,211,21,33
577,211,21,33
577,210,21,33
577,210,21,33
577,209,21,33
577,209,21,33
577,209,21,33
578,208,21,33
578,208,21,33
578,208,21,33
578,207,21,33
578,207,21,33
578,207,21,33
578,206,21,33
579,206,21,33
579,206,21,33
579,206,21,33
579,206,21,33
579,206,21,33
579,206,21,33
579,206,21,33
579,206,21,33
579,206,21,33
579,206,21,33
580,206,21,33
580,206,21,33
580,206,21,33
580,206,21,33
580,205,21,33
580,205,21,33
580,205,21,33
580,205,21,33
580,205,21,33
580,205,21,33
581,205,21,33
581,205,21,33
581,205,21,33
581,205,21,33
581,205,21,33
581,204,21,33
581,204,21,33
581,204,21,33
581,204,21,33
581,204,21,33
582,204,21,33
582,204,21,33
582,204,21,33
582,204,21,33
582,203,21,33
582,203,21,33
582,203,21,33
582,203,21,33
582,203,21,33
583,203,21,33
583,203,21,33
583,202,21,33
583,202,21,33
583,202,21,33
583,202,21,33
583,201,20,33
583,201,20,33
583,201,20,33
583,200,20,33
583,200,20,33
583,200,19,33
583,200,19,33
583,199,19,33
583,199,19,33
583,199,19,33
583,198,18,33
583,198,18,33
582,198,18,33
582,198,18,33
582,198,18,33
582,198,18,33
581,198,18,33
581,197,18,33
581,197,18,33
581,197,18,33
580,197,18,33
580,197,18,33
580,197,18,33
580,197,18,33
579,197,18,33
579,196,18,33
579,196,18,33
579,196,18,33
579,196,18,33
578,196,18,33
578,196,18,33
578,196,18,33
578,196,18,33
577,196,18,33
577,196,18,33
576,196,18,33
576,196,18,33
576,196,18,33
575,196,18,33
575,196,18,33
574,196,18,33
574,196,18,33
574,196,18,33
573,196,18,33
573,196,18,32
573,196,18,32
573,196,18,32
573,196,18,32
572,196,17,31
572,196,17,31
572,196,17,31
572,196,17,31
572,196,17,30
571,196,17,30
571,196,17,30
571,196,17,30
571,196,17,30
570,195,17,30
570,195,17,30
569,195,17,30
569,195,17,30
568,195,17,30
568,195,17,30
567,195,17,30
567,194,17,30
566,194,17,30
566,194,17,30
565,194,17,30
565,194,17,30
565,194,17,30
564,194,17,30
564,194,17,30
563,193,17,30
563,193,17,30
562,193,17,30
562,193,17,30
561,193,17,30
561,193,17,30
560,193,17,30
560,193,17,30
559,192,17,30
559,192,17,30
558,192,17,30
558,192,17,30
557,192,17,30
557,192,17,30
556,192,17,30
556,191,17,30
555,191,17,30
555,191,17,30
554,191,17,30
554,191,17,30
553,190,17,30
553,190,17,30
552,190,17,30
