355,265,18,48
355,265,18,48
356,265,18,48
356,264,18,48
357,264,18,48
357,264,18,48
357,264,18,48
358,263,18,48
359,263,18,48
360,263,18,48
361,263,18,48
362,263,18,48
363,263,18,48
364,263,18,48
365,263,18,48
366,263,18,48
367,263,18,48
368,263,18,48
369,263,18,48
370,262,18,48
371,262,18,48
371,261,18,48
372,261,18,48
373,262,18,48
374,262,18,48
375,262,18,48
376,262,18,48
377,262,18,48
377,262,18,48
378,262,18,48
379,262,18,48
380,262,18,48
381,262,18,48
382,262,18,48
382,262,18,48
383,262,18,48
384,262,18,48
385,262,18,48
386,262,18,48
386,262,18,48
387,262,18,48
387,262,18,48
388,262,18,48
389,263,18,48
390,263,18,48
391,264,18,48
391,264,18,48
392,264,18,48
393,264,18,48
394,264,18,48
395,264,18,48
396,264,18,48
397,264,18,48
398,264,18,48
399,264,18,48
401,264,18,48
402,263,18,48
402,263,18,48
403,263,18,48
404,263,18,48
405,263,18,48
405,263,18,48
406,263,18,48
407,263,18,48
408,263,18,48
409,263,18,48
410,263,18,48
412,263,18,48
413,263,18,48
414,263,18,48
415,263,18,48
416,263,18,48
417,263,18,48
418,263,18,48
418,263,18,48
419,263,18,48
420,263,18,48
421,263,18,48
422,263,18,48
423,263,18,48
424,263,18,48
424,263,18,48
426,263,18,48
427,263,18,48
428,263,18,48
429,263,18,48
430,263,18,48
432,262,18,48
433,262,18,48
434,262,18,48
435,262,18,48
436,262,18,48
437,261,18,48
438,261,18,48
438,261,18,48
439,261,18,48
439,261,18,48
440,261,18,48
441,262,18,48
442,262,18,48
444,263,18,48
445,263,18,48
446,263,18,48
447,263,18,48
447,263,18,48
447,263,18,48
447,263,18,48
448,263,18,48
448,263,18,48
448,263,18,48
449,263,18,48
450,263,18,48
451,262,18,48
452,262,18,48
453,262,18,48
454,262,18,48
455,261,18,48
456,261,18,48
457,261,18,48
458,261,18,48
459,261,18,48
460,261,18,48
461,261,18,48
462,261,18,48
463,261,18,48
464,261,18,48
465,261,18,48
466,261,18,48
467,261,18,48
468,261,18,48
469,261,18,48
470,261,18,48
470,261,18,48
471,261,18,48
472,261,18,48
473,261,18,48
474,261,18,48
474,261,18,48
475,261,18,48
476,261,18,48
477,261,18,48
477,261,18,48
478,262,18,48
479,262,18,48
481,262,18,48
482,263,18,48
483,263,18,48
484,263,18,48
484,263,18,48
485,263,18,48
486,263,18,48
486,263,18,48
487,263,18,48
488,262,18,48
488,262,18,48
488,262,18,48
489,262,18,48
489,261,18,48
490,261,18,48
491,261,18,48
493,261,18,48
494,261,18,48
495,261,18,48
496,261,18,48
497,261,18,48
498,261,18,48
499,261,18,48
500,261,18,48
500,261,18,48
501,261,18,48
502,261,18,48
503,261,18,48
504,261,18,48
504,261,18,48
505,261,18,48
506,261,18,48
506,261,18,48
508,261,18,48
510,261,18,48
511,261,18,48
513,261,18,48
514,260,18,48
516,260,18,48
517,260,18,48
518,260,18,48
519,260,18,48
519,260,18,48
520,260,18,48
521,260,18,48
522,260,18,48
523,260,18,48
524,260,18,48
525,260,18,48
526,260,18,48
527,260,18,48
528,260,18,48
529,260,18,48
530,260,18,48
531,260,18,48
532,260,18,48
534,260,18,48
535,259,18,48
536,259,18,48
536,259,18,48
537,259,18,48
538,258,18,48
539,258,18,48
540,257,18,48
541,257,18,48
542,257,18,48
543,257,18,48
543,257,18,48
544,257,18,48
545,257,18,48
546,257,18,48
547,257,18,48
548,257,18,48
549,257,18,48
549,257,18,48
550,257,18,48
551,257,18,48
552,257,18,48
553,257,18,48
554,257,18,48
555,257,18,48
556,256,18,48
557,256,18,48
558,256,18,48
559,256,18,48
560,256,18,48
561,257,18,48
561,257,18,48
562,257,18,48
563,257,18,48
564,257,18,48
565,257,18,48
566,257,18,48
567,257,18,48
568,256,18,48
570,256,18,48
571,256,18,48
572,256,18,48
573,256,18,48
574,256,18,48
575,256,18,48
576,256,18,48
576,255,18,48
577,255,18,48
578,255,18,48
579,255,18,48
580,255,18,48
581,254,18,48
582,254,18,48
583,254,18,48
584,254,18,48
584,254,18,48
585,255,18,48
585,255,18,48
586,255,18,48
586,255,18,48
588,255,18,48
589,255,18,48
590,255,18,48
591,254,18,48
592,254,18,48
593,254,18,48
594,254,18,48
595,254,18,48
596,253,18,48
597,253,18,48
598,253,18,48
599,252,18,48
600,252,18,48
601,252,18,48
602,252,18,48
603,252,18,48
604,253,18,48
605,253,18,48
606,253,18,48
607,253,18,48
608,253,18,48
610,253,18,48
611,253,18,48
612,253,18,48
613,253,18,48
615,253,18,48
617,253,18,48
619,253,18,48
621,254,18,48
623,254,18,48
625,254,18,48
627,254,18,48
628,254,18,48
630,254,18,48
632,253,18,48
634,253,18,48
635,253,18,48
636,253,18,48
637,253,18,48
638,253,18,48
639,253,18,48
641,253,18,48
642,253,18,48
643,253,18,48
644,253,18,48
644,253,18,48
645,253,18,48
645,253,18,48
646,253,18,48
646,253,18,48
647,253,18,48
647,253,18,48
648,253,18,48
648,253,18,48
649,253,18,48
649,253,18,48
650,253,18,48
650,253,18,48
651,253,18,48
651,252,18,48
652,252,18,48
652,252,18,48
653,252,18,48
654,252,18,48
654,252,18,48
655,252,18,48
656,252,18,48
656,252,18,48
657,251,18,48
658,251,18,48
659,251,18,48
659,251,18,48
660,251,18,48
661,251,18,48
661,251,18,48
662,251,18,48
663,251,18,48
663,250,18,48
664,250,18,48
665,250,18,48
665,250,18,48
666,250,18,48
666,250,18,48
667,250,18,48
668,250,18,48
668,250,18,48
668,250,18,48
669,250,18,48
669,250,18,48
670,250,18,48
670,250,18,48
670,250,18,48
671,250,18,48
671,250,18,48
672,250,18,48
672,250,18,48
673,250,18,48
673,250,18,48
673,250,18,48
674,250,18,48
674,250,18,48
675,250,18,48
675,250,18,48
676,250,18,48
676,250,18,48
677,250,18,48
677,249,18,48
678,249,18,48
678,249,18,48
679,249,18,48
679,249,18,48
680,249,18,48
681,249,18,48
681,249,18,48
682,249,18,48
682,249,18,48
683,249,18,48
683,249,18,48
684,249,18,48
684,249,18,48
685,249,18,48
685,249,18,48
685,249,18,48
686,249,18,48
686,249,18,48
687,249,18,48
687,249,18,48
688,248,18,48
688,247,18,48
689,247,18,48
689,246,18,48
690,245,18,48
690,245,18,48
691,245,18,48
692,244,18,48
692,244,18,48
693,244,18,48
694,244,18,48
695,244,18,48
695,244,18,48
695,243,18,48
696,243,18,48
696,243,18,48
697,243,18,48
697,243,18,48
698,243,18,48
698,243,18,48
699,243,18,48
699,243,18,48
700,243,18,48
701,243,17,48
702,243,16,48
703,243,14,48
705,243,13,48
706,243,12,48
134,212,11,39
134,213,11,39
135,213,11,39
135,213,11,39
136,213,11,39
137,213,11,39
137,213,11,39
138,213,11,39
139,213,11,39
139,213,11,39
140,213,11,39
141,213,11,39
141,213,11,39
142,213,11,39
142,213,11,38
143,214,12,37
144,214,12,36
144,214,12,35
145,214,13,33
145,215,13,32
146,215,14,31
147,215,14,31
147,215,14,31
148,215,14,31
148,215,14,31
149,216,14,31
150,216,14,31
151,216,14,31
152,216,14,31
153,216,14,31
154,216,14,31
155,216,14,31
156,216,14,31
156,215,14,31
157,215,14,31
157,215,14,31
158,215,14,31
158,215,14,31
159,215,14,31
160,214,14,31
161,214,14,31
161,214,14,31
162,214,14,31
163,214,14,31
164,214,14,31
165,214,14,31
165,214,14,31
166,214,14,31
167,214,14,31
168,215,14,31
169,215,14,31
170,215,14,31
170,215,14,31
171,215,14,31
172,215,14,31
173,215,14,31
174,214,14,31
174,214,14,31
175,214,14,31
176,214,14,31
176,214,14,31
177,214,14,31
177,214,14,31
178,214,14,31
179,214,14,31
179,214,14,31
180,214,14,31
181,214,14,31
181,214,14,31
182,214,14,31
182,215,14,31
183,214,14,31
184,214,14,31
185,214,14,31
185,214,14,31
186,213,14,31
187,213,14,31
188,213,14,31
189,213,14,31
189,213,14,31
190,213,14,31
191,213,14,31
192,213,14,31
193,212,14,31
193,212,13,31
194,212,13,31
195,212,13,31
195,212,13,31
196,212,13,31
197,212,13,31
197,212,13,31
198,212,13,31
199,212,13,31
200,212,13,31
200,212,13,30
201,212,13,30
202,212,13,30
202,212,13,30
203,211,13,30
204,211,13,30
204,211,13,30
205,211,13,30
206,211,13,30
206,211,13,30
207,211,13,30
208,211,13,30
208,211,12,30
209,211,12,30
210,211,12,30
211,211,12,30
211,211,12,30
212,211,12,30
213,211,12,30
214,211,12,30
214,211,12,30
214,211,12,30
214,211,12,30
214,211,12,30
215,211,12,30
215,211,12,30
215,211,12,30
216,211,12,30
217,210,12,30
219,210,12,30
220,210,12,30
221,210,12,30
221,210,12,30
222,210,12,30
223,210,12,30
224,210,12,30
224,210,12,30
225,210,12,30
226,210,12,30
227,210,12,30
228,210,12,30
229,210,12,30
229,210,12,30
230,210,12,30
231,210,12,30
232,210,12,30
233,210,12,30
234,210,12,30
234,210,12,30
235,210,12,30
235,210,12,30
236,209,12,30
236,209,12,30
237,209,12,30
238,209,12,30
238,209,12,30
239,209,12,30
239,209,12,30
240,209,12,30
241,210,12,30
242,210,12,30
242,210,12,30
243,210,12,30
244,210,12,30
245,210,12,30
246,210,12,30
247,210,12,30
248,210,12,30
249,210,12,30
250,210,12,30
250,210,12,30
251,210,12,30
251,210,12,30
252,210,12,30
252,210,12,30
253,210,12,30
254,210,12,30
254,210,12,30
255,210,12,30
256,210,12,30
257,210,12,30
257,210,12,30
258,210,12,30
258,209,12,30
259,209,12,30
260,209,12,30
260,209,12,30
261,209,12,30
262,209,12,30
262,209,12,30
263,209,12,30
264,209,12,30
264,209,12,30
265,209,12,30
266,209,12,30
266,209,12,30
267,209,12,30
268,209,12,30
268,209,12,29
269,210,12,29
269,210,12,28
270,210,11,28
271,210,11,28
