679,287,16,32
679,287,16,32
678,287,16,32
678,287,16,32
677,286,16,32
677,286,16,32
676,286,16,32
676,285,15,32
675,285,15,32
675,285,15,32
674,285,15,32
673,285,15,32
672,285,15,32
671,284,15,32
671,284,15,32
670,284,15,32
670,284,15,32
669,283,15,32
669,283,15,32
668,282,15,32
668,282,15,32
667,281,15,32
667,280,15,32
666,280,15,32
666,279,15,32
665,279,15,32
665,279,15,32
664,278,15,32
664,278,15,32
663,278,15,32
663,278,15,32
662,278,15,32
662,278,15,32
661,278,15,32
661,278,15,32
661,278,15,32
660,278,15,32
660,278,15,32
659,278,15,32
659,278,15,32
658,278,15,32
657,278,15,32
656,277,15,32
656,277,15,32
655,277,15,32
654,277,15,32
653,277,15,32
652,277,15,32
652,277,15,32
651,277,15,32
650,277,15,32
650,277,15,32
650,277,15,32
649,277,15,32
649,277,15,32
648,276,15,32
648,276,15,32
647,276,15,32
647,276,15,32
646,276,15,32
646,276,15,32
645,276,15,32
645,276,15,32
644,276,15,32
644,276,15,32
643,276,15,32
642,276,15,32
642,276,15,32
641,276,15,32
641,276,15,32
640,276,15,32
639,276,15,32
639,276,15,32
638,275,15,32
638,275,15,32
637,275,15,32
636,275,15,32
636,275,15,32
635,275,15,32
634,275,15,32
634,275,15,32
633,275,15,32
633,274,15,32
632,274,15,32
631,274,15,32
631,274,15,32
630,274,15,32
630,274,15,32
629,274,15,32
629,274,15,32
628,274,15,32
628,274,15,32
627,274,15,32
627,275,15,32
626,275,15,32
625,275,15,32
624,274,15,32
624,274,15,32
623,274,15,32
622,274,15,32
621,274,15,32
621,274,15,32
620,274,15,32
619,274,15,32
618,274,15,32
618,274,15,32
617,274,15,32
617,274,15,32
616,274,15,32
616,274,15,32
615,274,15,32
615,274,15,32
614,274,15,32
613,274,15,32
613,274,15,32
612,274,15,32
612,274,15,32
611,274,15,32
611,274,15,32
610,274,15,32
609,274,15,32
609,274,15,32
608,274,15,32
608,274,15,32
607,274,15,32
606,274,15,32
606,273,15,32
605,273,15,32
605,273,15,32
604,273,15,32
604,273,15,32
603,273,15,32
602,273,15,32
602,273,15,32
601,273,15,32
600,273,15,32
600,273,15,32
599,273,15,32
598,273,15,32
598,273,15,32
597,273,15,32
596,273,15,32
596,273,15,32
595,273,15,32
594,273,15,32
594,273,15,32
593,272,15,32
593,272,15,32
592,272,15,32
592,272,15,32
591,272,15,32
591,272,15,32
590,272,15,32
590,272,15,32
589,272,15,32
588,272,15,32
587,272,15,32
585,272,15,32
584,272,15,32
583,272,15,32
582,272,15,32
580,272,15,32
579,272,15,32
578,272,15,32
577,272,15,32
576,272,15,32
575,272,15,32
575,272,15,32
574,272,15,32
574,272,15,32
573,272,15,32
573,272,15,32
572,272,15,32
572,272,15,32
571,271,15,32
570,271,15,32
570,271,15,32
569,271,15,32
569,271,15,32
568,271,15,32
567,271,15,32
567,271,15,32
566,271,15,32
566,271,15,32
565,271,15,32
564,271,15,32
564,271,15,32
563,271,15,32
563,271,15,32
562,271,15,32
562,271,15,32
561,271,15,32
560,271,15,32
560,271,15,32
559,271,15,32
559,271,15,32
558,271,15,32
557,271,15,32
557,271,15,32
556,271,15,32
555,271,15,32
555,271,15,32
554,271,15,32
553,271,15,32
553,271,15,32
552,271,15,32
552,271,15,32
551,271,15,32
550,271,15,32
550,271,15,32
549,271,15,32
549,271,15,32
548,271,15,32
547,271,15,32
547,271,15,32
547,271,15,32
546,271,15,32
546,271,15,32
545,271,15,32
545,271,15,32
545,271,15,32
544,271,15,32
544,271,15,32
543,271,15,32
543,271,15,32
543,271,15,32
542,271,15,32
542,271,15,32
541,271,15,32
541,271,15,32
540,271,15,32
540,271,15,32
540,270,15,32
539,270,15,32
539,270,15,32
538,270,15,32
538,270,15,32
537,270,15,32
537,270,15,32
536,270,15,32
535,270,15,32
535,270,15,32
534,270,15,32
534,270,15,32
533,270,15,32
532,270,15,32
532,270,15,32
531,270,15,32
530,270,15,32
529,270,15,32
529,270,15,32
528,270,15,32
527,270,15,32
526,270,15,32
526,270,15,32
525,270,15,32
525,270,15,32
524,270,15,32
524,270,15,32
523,270,15,32
523,270,15,32
523,270,15,32
522,270,15,32
522,271,15,32
521,271,15,32
521,271,15,32
520,271,15,32
520,271,15,32
519,271,15,32
519,271,15,32
518,271,15,32
518,271,15,32
517,271,15,32
517,271,15,32
516,271,15,32
516,271,15,32
515,271,15,32
514,271,15,32
514,271,15,32
513,271,15,32
513,271,15,32
512,271,15,32
511,271,15,32
511,271,15,32
510,271,15,32
510,271,15,32
509,271,15,32
509,271,15,32
508,271,15,32
508,271,15,32
507,271,15,32
507,271,15,32
507,271,15,32
506,271,15,32
506,271,15,32
505,271,15,32
505,271,15,32
504,271,15,32
504,271,15,32
503,271,15,32
503,271,15,32
502,271,15,32
502,271,15,32
501,271,15,32
500,271,15,32
500,271,15,32
499,271,15,32
499,271,15,32
498,271,15,32
497,271,15,32
497,271,15,32
496,271,15,32
495,271,15,32
495,271,15,32
494,271,15,32
493,271,15,32
493,271,15,32
492,271,15,32
492,271,15,32
491,271,15,32
490,271,15,32
490,271,15,32
489,271,15,32
488,271,15,32
488,271,15,32
488,271,15,32
488,271,15,32
488,271,15,32
487,271,15,32
487,271,15,32
487,271,15,32
487,271,15,32
487,271,15,32
487,271,15,32
487,271,15,32
486,271,15,32
486,271,15,32
485,271,15,32
485,271,15,32
484,271,15,32
484,271,15,32
483,271,15,32
483,270,15,32
482,270,15,32
482,270,15,32
481,270,15,32
481,270,15,32
480,270,15,32
479,270,15,32
479,270,15,32
478,270,15,32
477,270,15,32
477,270,15,32
476,270,15,32
476,270,15,32
475,270,15,32
474,270,15,32
474,270,15,32
473,270,15,32
473,270,15,32
472,270,15,32
472,270,15,32
471,270,15,32
471,270,15,32
470,270,15,32
469,270,15,32
469,270,15,32
468,270,15,32
468,270,15,32
467,270,15,32
466,271,15,32
466,271,15,32
465,271,15,32
464,271,15,32
464,271,15,32
463,271,15,32
463,271,15,32
462,271,15,32
462,271,15,32
461,271,15,32
460,271,15,32
460,271,15,32
459,270,15,32
459,270,15,32
458,270,15,32
458,270,15,32
457,270,15,32
456,270,15,32
456,270,15,32
455,270,15,32
454,270,15,32
454,270,15,32
453,270,15,32
452,270,15,32
452,270,15,32
451,270,15,32
451,270,15,32
450,270,15,32
449,270,15,32
449,270,15,32
448,270,15,32
448,270,15,32
447,270,15,32
447,270,15,32
446,270,15,32
445,270,15,32
445,270,15,32
444,270,15,32
444,270,15,32
444,270,15,32
443,270,15,32
443,270,15,32
442,270,15,32
442,270,15,32
441,270,15,32
441,270,15,32
440,270,15,32
439,270,15,32
439,270,15,32
438,270,15,32
437,270,15,32
437,270,15,32
436,270,15,32
435,270,15,32
435,270,15,32
434,270,15,32
433,271,15,32
433,271,15,32
432,271,15,32
432,271,15,32
431,271,15,32
430,271,15,32
430,271,15,32
429,271,14,32
429,271,14,32
428,271,14,32
427,271,14,32
427,271,14,32
426,271,14,32
426,271,14,32
425,271,14,32
425,271,14,32
424,271,14,32
424,271,14,32
423,271,14,32
422,271,14,32
422,271,14,32
421,271,14,32
421,271,14,32
420,271,14,32
419,271,14,32
419,271,14,32
418,271,14,32
418,271,14,32
417,271,14,32
416,271,14,32
416,271,14,32
415,271,14,32
415,271,14,32
414,271,14,32
413,271,14,32
413,271,14,32
412,271,14,32
412,270,14,32
411,270,14,32
410,270,14,32
410,270,14,32
409,270,14,32
409,270,14,32
408,270,14,32
407,271,14,32
407,271,14,32
406,271,14,32
406,271,14,32
405,271,14,32
404,271,14,32
404,271,14,32
403,271,14,32
402,271,14,32
402,271,14,32
401,271,14,32
400,271,14,32
399,271,14,32
399,271,14,32
398,271,14,32
398,271,14,32
397,271,14,32
396,271,14,32
396,271,14,32
395,271,14,32
395,271,14,32
394,271,14,32
394,271,14,32
393,271,14,32
393,271,14,32
392,271,14,32
392,271,14,32
391,271,14,32
391,271,14,32
390,271,14,32
389,271,14,32
389,271,14,32
388,270,14,32
388,270,14,32
387,270,14,32
387,270,14,32
386,270,14,32
385,270,14,32
385,270,14,32
384,270,14,32
383,270,14,32
383,270,14,32
382,270,14,32
382,270,14,32
381,270,14,32
381,270,14,32
380,270,14,32
380,270,14,32
379,270,14,32
379,270,14,32
378,270,14,32
377,270,14,32
377,270,14,32
376,270,14,32
376,270,14,32
376,270,14,32
375,270,14,32
375,270,14,32
374,270,14,32
374,270,14,32
373,270,14,32
373,270,14,32
372,270,14,32
372,270,14,32
371,270,14,32
371,270,14,32
370,270,14,32
369,270,14,32
369,270,14,32
368,270,14,32
367,269,14,32
367,269,14,32
366,269,14,32
365,269,14,32
365,269,14,32
364,269,14,32
364,269,14,32
363,269,14,32
363,269,14,32
362,269,14,32
362,269,14,32
361,269,14,32
361,269,14,32
360,269,14,32
360,269,14,32
359,269,14,32
359,269,14,32
358,269,14,32
358,269,14,32
357,269,14,32
357,269,14,32
356,269,14,32
356,269,14,32
355,269,14,32
354,269,14,32
354,269,14,32
353,269,14,32
353,269,14,32
352,269,14,32
351,269,14,32
351,269,14,32
350,269,14,32
350,269,14,32
349,269,14,32
348,269,14,32
348,269,14,32
347,269,14,32
347,269,14,32
346,269,14,32
345,269,14,32
345,269,14,32
344,269,14,32
344,269,14,32
343,269,14,32
342,269,14,32
342,269,14,32
341,269,14,32
341,269,14,32
340,269,14,32
340,269,14,32
339,269,14,32
339,268,14,32
338,268,14,32
338,268,14,32
337,268,14,32
337,268,14,32
336,268,14,32
335,268,14,32
334,269,14,32
334,269,14,32
333,269,14,32
332,269,14,32
332,269,14,32
331,269,14,32
330,269,14,32
330,269,14,32
329,269,14,32
329,269,14,32
329,269,14,32
328,269,14,32
328,269,14,32
328,269,14,32
327,269,14,32
327,269,14,32
326,269,14,32
326,269,14,32
325,269,14,32
325,269,14,32
324,269,14,32
324,269,14,32
323,269,14,32
323,269,14,32
322,269,14,32
322,269,14,32
321,269,14,32
321,269,14,32
320,269,14,32
320,269,14,32
319,269,14,32
319,269,14,32
319,269,14,32
318,269,14,32
318,269,14,32
317,269,14,32
317,269,14,32
316,269,14,32
316,269,14,32
315,269,14,32
314,269,14,32
314,269,14,32
313,269,14,32
312,269,14,32
312,269,14,32
311,269,14,32
310,269,14,32
310,269,14,32
309,269,14,32
309,269,14,32
308,269,14,32
308,269,14,32
307,269,14,32
307,269,14,32
306,269,14,32
306,269,14,32
305,270,14,32
305,269,14,32
304,269,14,32
303,269,14,32
303,269,14,32
302,269,14,32
302,269,14,32
301,269,14,32
300,269,14,32
300,269,14,32
299,269,14,32
299,269,14,32
298,269,14,32
298,269,14,32
297,269,14,32
297,269,14,32
296,269,14,32
296,269,14,32
295,269,14,32
295,269,14,32
294,269,14,32
293,269,14,32
293,269,14,32
292,269,14,32
291,269,14,32
291,269,14,32
290,268,14,32
289,268,14,32
289,268,14,32
288,268,14,32
287,268,14,32
287,268,14,32
286,268,14,32
285,268,14,32
285,268,14,32
284,268,14,32
283,268,14,32
283,268,14,32
282,267,14,32
282,267,14,32
281,267,14,32
281,267,14,32
280,266,14,32
280,266,14,32
279,265,14,32
279,264,14,32
279,264,14,32
278,263,14,32
278,263,14,32
278,262,14,32
277,261,14,32
277,261,14,32
276,261,14,32
276,261,14,32
275,261,14,32
275,261,14,32
274,261,14,32
274,261,14,32
273,261,14,32
272,261,14,32
272,261,14,32
271,261,14,32
271,261,14,32
270,261,14,32
270,261,14,32
269,261,14,32
269,261,14,32
268,261,14,32
268,261,14,32
267,261,14,32
267,261,14,32
266,261,14,32
266,261,14,32
265,261,14,32
264,261,14,32
264,261,14,32
263,261,14,32
263,261,14,32
262,261,14,32
262,261,14,32
261,261,14,32
261,261,14,32
260,261,14,32
259,261,14,32
259,261,14,32
258,261,14,32
258,261,14,32
257,261,14,32
256,260,14,32
256,260,14,32
255,260,14,32
255,260,14,32
254,260,14,32
254,260,14,32
253,260,14,32
253,260,14,32
252,260,14,32
252,260,14,32
251,260,14,32
251,260,14,32
250,259,14,32
250,259,14,32
249,259,14,32
248,259,14,32
248,259,14,32
247,259,14,32
247,259,14,32
246,259,14,32
245,259,14,32
245,259,14,32
244,259,14,32
243,259,14,32
243,260,14,32
243,260,14,32
242,260,14,32
242,260,14,32
241,260,14,32
241,260,14,32
240,260,14,32
240,260,14,32
239,260,14,32
239,260,14,32
238,260,14,32
238,260,14,32
237,260,14,32
236,260,14,32
236,260,14,32
235,260,14,32
235,260,14,32
234,259,14,32
234,259,14,32
233,259,14,32
233,259,14,32
232,259,14,32
232,259,14,32
231,259,14,32
231,259,14,32
230,259,14,32
230,259,14,32
229,259,14,32
229,259,14,32
228,260,14,32
228,260,14,32
227,260,14,32
226,260,14,32
226,260,14,32
225,260,14,32
224,260,14,32
224,260,14,32
223,260,14,32
222,260,14,32
222,260,14,32
221,260,14,32
221,260,14,32
221,260,14,32
220,260,14,32
220,260,14,32
219,260,14,32
219,260,14,32
218,260,14,32
218,260,14,32
217,260,14,32
217,260,14,32
216,260,14,32
215,260,14,32
215,260,14,32
214,260,14,32
214,260,14,32
213,260,14,32
213,260,14,32
212,260,14,32
212,260,14,32
211,260,14,32
210,260,14,32
210,260,14,32
209,260,14,32
209,260,14,32
208,260,14,32
208,260,14,32
207,260,14,32
207,260,14,32
206,260,14,32
206,260,14,32
205,260,14,32
205,260,14,32
204,260,14,32
203,261,14,32
203,261,14,32
202,261,14,32
202,261,14,32
201,261,14,32
201,261,14,32
200,261,14,32
200,261,14,32
199,261,14,32
199,261,14,32
199,261,14,32
198,261,14,32
198,261,14,32
197,261,14,32
197,261,14,32
196,261,14,32
196,261,14,32
195,261,14,32
194,261,14,32
194,261,14,32
193,261,14,32
192,261,14,32
192,261,14,32
191,261,14,32
191,261,14,32
190,261,14,32
190,261,14,32
189,261,14,32
189,261,14,32
188,261,14,32
188,261,14,32
187,261,14,32
187,261,14,32
186,261,14,32
186,261,14,32
185,261,14,32
185,261,14,32
184,261,14,32
184,261,14,32
183,261,14,32
183,261,14,32
182,261,14,32
182,262,14,32
181,262,14,32
180,262,14,32
180,262,14,32
179,262,14,32
179,262,14,32
178,262,14,32
178,262,14,32
177,262,14,32
177,262,14,32
176,263,14,32
176,263,14,32
175,263,14,32
175,263,14,32
174,263,14,32
174,263,14,32
173,263,14,32
172,263,14,32
172,263,14,32
171,263,14,32
171,263,14,32
170,263,14,32
170,263,14,32
169,263,14,32
169,263,14,32
169,263,14,32
168,263,14,32
168,263,14,32
167,263,14,32
167,263,14,32
166,263,14,32
166,263,14,32
166,263,14,32
165,263,14,32
165,263,14,32
164,263,14,32
164,263,14,32
164,263,14,32
163,263,14,32
163,263,14,32
163,263,14,32
162,263,14,32
162,263,14,32
161,263,14,32
161,263,14,32
161,263,14,32
160,263,14,32
160,263,14,32
160,263,14,32
159,263,14,32
159,263,14,32
159,263,14,32
158,263,14,32
158,263,14,32
158,263,14,32
158,263,14,32
157,263,14,32
157,263,14,32
157,263,14,32
157,263,14,32
157,263,14,32
156,263,14,32
156,263,14,32
156,263,14,32
156,264,14,32
155,264,14,32
155,264,14,32
155,264,14,32
154,264,14,32
154,264,14,32
154,264,14,32
153,264,14,32
153,264,14,32
153,264,14,32
153,264,14,32
153,264,14,32
152,264,14,32
152,264,14,32
152,264,14,32
152,264,14,32
152,264,14,32
152,264,14,32
151,264,14,32
151,265,14,32
151,265,14,32
151,265,14,32
151,265,14,32
151,265,14,32
151,265,14,32
151,265,14,32
151,265,14,32
151,265,14,32
151,265,14,32
150,265,14,32
150,265,14,32
150,265,14,32
150,265,14,32
150,265,14,32
150,265,14,32
150,265,14,32
150,265,14,32
150,265,14,32
149,265,14,32
149,265,14,32
149,265,14,32
149,266,14,32
149,266,14,32
148,266,14,32
148,266,14,32
148,266,14,32
148,266,14,32
148,266,14,32
147,266,14,32
147,266,14,32
147,266,14,32
147,266,14,32
146,266,14,32
146,266,14,32
146,266,14,32
146,266,14,32
145,266,14,32
145,266,14,32
145,266,14,32
145,266,14,32
145,266,14,32
144,266,14,32
144,266,14,32
144,266,14,32
144,266,14,32
144,266,14,32
144,266,14,32
143,266,14,32
143,266,14,32
143,266,14,32
143,266,14,32
142,266,14,32
142,266,14,32
142,266,14,32
141,266,14,32
141,266,14,32
141,266,14,32
140,266,14,32
140,266,14,32
140,266,14,32
140,266,14,32
139,266,14,32
139,266,14,32
139,266,14,32
138,266,14,32
138,266,14,32
137,266,14,32
137,266,14,32
137,266,14,32
136,266,14,32
136,266,14,32
135,266,14,32
135,266,14,32
134,266,14,32
134,266,14,32
133,266,14,32
133,266,14,32
133,266,14,32
132,266,14,32
132,266,14,32
131,266,14,32
131,267,14,32
130,267,14,32
130,267,14,32
130,267,14,32
129,267,14,32
129,267,14,32
128,267,14,32
128,267,14,32
128,267,14,32
127,267,14,32
127,267,14,32
127,267,14,32
127,267,14,32
126,267,14,32
126,267,14,32
126,266,14,32
126,266,14,32
125,266,14,32
125,266,14,32
124,266,14,32
123,267,14,32
122,267,14,32
122,267,14,32
121,267,14,32
120,267,14,32
119,267,14,32
119,267,14,32
118,267,14,32
117,267,14,32
117,267,14,32
116,267,14,32
116,267,14,32
115,267,14,32
114,267,14,32
114,267,14,32
113,267,14,32
113,267,14,32
112,267,14,32
112,267,14,32
111,267,14,32
110,267,14,32
110,267,14,32
109,267,14,32
108,268,14,32
108,268,14,32
107,268,14,32
106,268,14,32
105,268,14,32
105,268,14,32
105,268,14,32
104,268,14,32
104,268,14,32
103,268,14,32
103,268,14,32
102,268,14,32
102,268,14,32
101,268,14,32
101,268,14,32
100,268,14,32
100,268,14,32
99,268,14,32
99,268,14,32
98,268,14,32
97,268,14,32
97,268,14,32
96,268,14,32
96,268,14,32
95,268,14,32
95,268,14,32
94,268,14,32
94,268,14,32
93,268,14,32
93,268,14,32
92,268,14,32
92,268,14,32
91,268,14,32
91,268,14,32
90,268,14,32
90,268,14,32
89,268,14,32
89,268,14,32
88,268,14,32
88,268,14,32
88,268,14,32
87,268,14,32
87,268,14,32
86,268,14,32
86,268,14,32
85,268,14,32
85,268,14,32
84,268,14,32
83,268,14,32
83,268,14,32
82,268,14,32
82,268,14,32
81,268,14,32
81,269,14,32
80,269,14,32
80,269,14,32
79,269,14,32
79,269,14,32
78,269,14,32
78,269,14,32
78,269,14,32
77,269,14,32
77,270,14,32
76,270,14,32
76,270,14,32
75,270,14,32
75,270,14,32
75,270,14,32
74,270,14,32
74,270,14,32
73,270,14,32
73,270,14,32
72,270,14,32
72,270,14,32
72,270,14,32
71,270,14,32
71,270,14,32
70,270,14,32
70,270,14,32
69,270,14,32
69,270,14,32
68,270,14,32
68,270,14,32
67,271,14,32
67,271,14,32
66,271,14,32
65,271,14,32
65,271,14,32
64,271,14,32
64,271,14,32
63,271,14,32
63,271,14,32
62,271,14,32
62,271,14,32
61,271,14,32
61,271,14,32
60,271,14,32
60,271,14,32
59,271,14,32
58,271,14,32
58,271,14,32
57,271,14,32
57,271,14,32
56,271,14,32
56,271,14,32
56,271,14,32
55,271,14,32
55,271,14,32
54,271,14,32
54,271,14,32
53,271,14,32
53,271,14,32
53,271,14,32
52,271,14,32
52,271,14,32
51,271,14,32
51,271,14,32
50,271,14,32
50,271,14,32
49,271,14,32
49,271,14,32
48,271,14,32
48,271,14,32
47,271,14,32
46,271,14,32
46,271,14,32
46,271,14,32
45,271,14,32
45,271,14,32
44,271,14,32
44,271,14,32
43,271,14,32
43,271,14,32
42,271,14,32
42,271,14,32
41,272,14,32
41,272,14,32
40,272,14,32
40,272,14,32
39,272,14,32
39,272,14,32
38,272,14,32
37,272,14,32
37,272,14,32
36,272,14,32
36,272,14,32
35,272,14,32
34,272,14,32
34,272,14,32
33,272,14,32
32,272,14,32
32,272,14,32
31,272,14,32
30,272,14,32
30,272,14,32
29,272,14,32
29,272,14,32
28,272,14,32
28,272,14,32
27,272,14,32
27,273,14,32
26,273,14,32
26,273,14,32
25,273,14,32
25,273,14,32
24,273,14,32
24,273,14,32
23,273,14,32
22,273,14,32
22,273,14,32
21,273,14,32
21,273,14,32
20,273,14,32
20,273,14,32
19,273,14,32
18,273,14,32
17,273,14,32
17,273,14,32
16,273,14,32
15,273,14,32
14,273,14,32
14,273,14,32
13,273,14,32
12,273,14,32
11,273,14,32
11,273,14,32
10,273,14,32
10,273,14,32
9,273,14,32
8,273,14,32
8,273,14,32
7,273,14,32
7,273,14,32
6,273,14,32
6,273,14,32
5,273,14,32
5,273,14,32
4,273,14,32
4,273,14,32
3,273,14,32
2,273,14,32
2,273,14,32
1,273,14,32
1,273,14,32
0,273,14,32
0,273,14,32
0,273,13,32
0,273,12,32
0,273,11,32
0,273,11,32
0,273,10,32
0,273,9,32
0,273,8,32
-1,-1,-1,-1
-1,-1,-1,-1
-1,-1,-1,-1
-1,-1,-1,-1
-1,-1,-1,-1
-1,-1,-1,-1
-1,-1,-1,-1
-1,-1,-1,-1
-1,-1,-1,-1
-1,-1,-1,-1
-1,-1,-1,-1
-1,-1,-1,-1
-1,-1,-1,-1
-1,-1,-1,-1
-1,-1,-1,-1
-1,-1,-1,-1
709,306,10,32
708,306,11,32
707,306,12,32
706,306,12,32
705,305,13,32
704,305,13,32
703,305,13,32
703,305,13,32
702,305,13,32
702,305,13,32
701,305,13,32
701,305,13,32
701,305,13,32
700,304,13,32
700,304,13,32
699,304,13,32
699,304,13,32
698,304,13,32
697,304,13,32
697,304,13,32
696,304,13,32
695,304,13,32
695,304,13,32
694,304,13,32
693,304,13,32
693,304,13,32
692,304,13,32
691,303,13,32
691,303,13,32
690,303,13,32
690,303,13,32
689,303,13,32
689,303,13,32
688,303,13,32
687,302,13,32
687,302,13,32
686,302,13,32
686,302,13,32
685,302,13,32
685,302,13,32
684,302,13,32
683,302,13,32
683,302,13,32
682,302,13,32
682,302,13,32
681,302,13,32
681,302,13,32
680,301,13,32
680,301,13,32
679,301,13,32
679,301,13,32
678,301,13,32
677,301,13,32
677,301,13,32
676,301,13,32
676,301,13,32
675,300,13,32
675,300,13,32
674,300,13,32
674,300,13,32
673,300,13,32
672,300,13,32
672,300,13,32
671,300,13,32
671,300,13,32
670,300,13,32
670,300,13,32
669,300,13,32
669,300,13,32
669,300,13,32
668,300,13,32
668,300,13,32
668,300,13,32
667,300,13,32
667,300,13,32
666,300,13,32
666,300,13,32
665,299,13,32
664,299,13,32
663,299,13,32
662,299,13,32
662,299,13,32
661,299,13,32
660,298,13,32
659,298,13,32
659,298,13,32
658,298,13,32
657,298,13,32
657,298,13,32
656,298,13,32
655,298,13,32
655,299,13,32
654,299,13,32
654,299,13,32
653,299,13,32
652,299,13,32
652,299,13,32
652,299,13,32
651,298,13,32
651,298,13,32
651,298,13,32
651,298,13,32
650,298,13,32
650,298,13,32
650,298,13,32
649,297,13,32
649,297,13,32
648,297,13,32
647,297,13,32
646,297,13,32
646,297,13,32
645,296,13,32
644,296,13,32
644,296,13,32
643,296,13,32
642,296,13,32
642,296,13,32
642,296,13,32
641,296,13,32
641,296,13,32
641,296,13,32
640,296,13,32
640,296,13,32
640,296,13,32
639,296,13,32
639,296,13,32
638,296,13,32
638,296,13,32
637,296,13,32
637,296,13,32
637,296,13,32
636,296,13,32
636,296,13,32
635,296,13,32
635,296,13,32
634,296,13,32
634,296,13,32
633,296,13,32
632,296,13,32
632,296,13,32
631,296,13,32
631,296,13,32
630,296,13,32
629,295,13,32
629,295,13,32
628,295,13,32
628,295,13,32
627,295,13,32
627,295,13,32
626,295,13,32
625,295,13,32
625,295,13,32
624,295,13,32
624,295,13,32
623,295,13,32
623,295,13,32
622,295,13,32
622,295,13,32
622,295,13,32
621,295,13,32
621,295,13,32
621,295,13,32
620,295,13,32
620,295,13,32
619,294,13,32
619,294,13,32
618,294,13,32
618,294,13,32
617,294,13,32
617,294,13,32
616,294,13,32
615,294,13,32
615,294,13,32
614,294,13,32
614,294,13,32
613,294,13,32
613,294,13,32
612,294,13,32
612,294,13,32
611,294,13,32
611,294,13,32
611,294,13,32
610,295,13,32
610,295,13,32
609,295,13,32
609,295,13,32
608,295,13,32
608,295,13,32
607,295,13,32
607,295,13,32
606,295,13,32
606,295,13,32
605,295,13,32
605,295,13,32
604,295,13,32
604,295,13,32
603,295,13,32
603,295,13,32
602,295,13,32
602,294,13,32
601,294,13,32
600,294,13,32
600,294,13,32
599,294,13,32
599,294,13,32
598,294,13,32
598,294,13,32
597,294,13,32
597,294,13,32
596,294,13,32
595,294,13,32
595,294,13,32
594,294,13,32
594,294,13,32
593,294,13,32
592,294,13,32
592,294,13,32
592,294,13,32
591,293,13,32
591,293,13,32
590,293,13,32
590,293,13,32
590,293,13,32
589,293,13,32
589,293,13,32
588,293,13,32
588,293,13,32
587,293,13,32
587,293,13,32
587,293,13,32
586,292,13,32
586,292,13,32
585,292,13,32
585,292,13,32
584,292,13,32
584,292,13,32
583,292,13,32
583,292,13,32
582,292,13,32
582,292,13,32
581,292,13,32
581,292,13,32
580,292,13,32
580,292,13,32
579,292,13,32
579,292,13,32
578,292,13,32
578,292,13,32
577,291,13,32
577,291,13,32
576,291,13,32
576,291,13,32
575,291,13,32
575,291,13,32
574,291,13,32
574,291,13,32
573,291,13,32
573,291,13,32
572,291,13,32
572,291,13,32
571,291,13,32
570,291,13,32
570,291,13,32
569,291,13,32
568,291,13,32
568,291,13,32
567,291,13,32
567,291,13,32
567,291,13,32
566,291,13,32
566,291,13,32
566,291,13,32
565,291,13,32
565,291,13,32
564,291,13,32
564,291,13,32
563,291,13,32
563,291,13,32
562,291,13,32
561,290,13,32
561,290,13,32
560,290,13,32
560,290,13,32
559,290,13,32
558,290,13,32
558,290,13,32
557,290,13,32
557,290,13,32
556,290,13,32
556,290,13,32
555,290,13,32
555,290,13,32
554,290,13,32
554,289,13,32
553,289,13,32
553,289,13,32
552,289,13,32
552,289,13,32
551,289,13,32
551,289,13,32
551,289,13,32
550,289,13,32
550,289,13,32
549,289,13,32
549,289,13,32
548,289,13,32
548,288,13,32
547,288,13,32
546,288,13,32
546,288,13,32
545,288,13,32
544,288,13,32
544,288,13,32
543,288,13,32
543,288,13,32
542,287,13,32
541,287,13,32
541,287,13,32
541,287,13,32
540,287,13,32
540,287,13,32
539,287,13,32
539,287,13,32
538,287,13,32
538,287,13,32
537,287,13,32
537,287,13,32
536,287,13,32
536,287,13,32
536,287,13,32
535,286,13,32
535,286,13,32
534,286,13,32
534,286,13,32
533,286,13,32
533,286,13,32
532,286,13,32
532,286,13,32
531,286,13,32
530,286,13,32
530,286,13,32
529,286,13,32
529,285,13,32
528,285,13,32
527,285,13,32
527,285,13,32
526,285,13,32
526,285,13,32
525,285,13,32
525,285,13,32
525,285,13,32
524,285,13,32
524,285,13,32
523,285,13,32
523,285,13,32
522,285,13,32
522,285,13,32
521,285,13,32
520,285,13,32
520,285,13,32
519,285,13,32
518,285,13,32
518,285,13,32
517,284,13,32
516,284,13,32
516,284,13,32
515,284,13,32
515,284,13,32
514,284,13,32
514,284,13,32
513,284,13,32
512,284,13,32
512,284,13,32
511,284,13,32
511,284,13,32
510,284,13,32
510,284,13,32
509,284,13,32
508,284,13,32
508,284,13,32
507,284,13,32
506,284,13,32
506,284,13,32
505,284,13,32
504,284,13,32
504,284,13,32
503,284,13,32
503,284,13,32
502,284,13,32
502,284,13,32
501,284,13,32
501,284,13,32
500,283,13,32
500,283,13,32
499,283,13,32
499,283,13,32
498,283,13,32
498,283,13,32
497,283,13,32
497,283,13,32
496,283,13,32
496,283,13,31
495,283,13,31
495,283,13,31
494,283,13,31
494,283,13,31
493,283,13,31
493,283,13,31
492,283,13,31
492,283,13,31
491,283,13,31
491,283,13,31
490,283,13,31
490,283,13,31
489,283,13,31
489,283,13,31
488,283,13,31
488,282,13,31
487,282,13,31
487,282,13,31
486,282,13,31
486,282,13,31
485,282,13,31
485,282,13,31
484,282,13,31
484,282,13,31
483,282,13,31
483,282,13,31
482,282,13,31
482,282,13,31
481,282,13,31
481,282,13,31
480,282,13,31
480,282,13,31
479,282,13,31
479,282,13,31
478,282,13,31
478,282,13,31
477,282,13,31
477,282,13,31
476,282,13,31
476,281,13,31
475,281,13,31
475,281,13,31
474,281,13,31
474,281,13,31
473,281,13,31
473,281,13,31
472,281,13,31
472,281,13,31
471,281,13,31
471,281,13,31
470,281,13,31
470,281,13,30
469,281,13,30
469,281,13,30
468,281,13,30
468,281,13,30
467,281,13,30
467,281,13,30
466,281,13,30
466,281,13,30
465,281,13,30
465,281,13,30
464,281,13,30
464,281,13,30
463,280,13,30
463,280,13,30
462,280,13,30
462,280,13,30
461,280,13,30
461,280,13,30
461,280,13,30
460,280,13,30
460,280,13,30
459,280,13,30
459,280,12,30
458,280,12,30
458,280,12,30
457,280,12,30
457,280,12,30
456,280,12,30
456,280,12,30
455,280,12,30
455,280,12,30
454,280,12,30
454,280,12,30
453,280,12,30
453,280,12,30
452,280,12,30
452,279,12,30
451,279,12,30
451,279,12,30
450,279,12,30
450,279,12,30
449,279,12,30
449,279,12,30
448,279,12,30
448,279,12,30
447,279,12,30
447,279,12,30
446,279,12,30
446,279,12,30
445,279,12,30
445,279,12,29
444,279,12,29
444,279,12,29
443,279,12,29
443,279,12,29
442,279,12,29
442,279,12,29
441,279,12,29
441,279,12,29
440,279,12,29
440,279,12,29
439,278,12,29
439,278,12,29
438,278,12,29
438,278,12,29
437,278,12,29
437,278,12,29
436,278,12,29
436,278,12,29
435,278,12,29
435,278,12,29
434,278,12,29
434,278,12,29
433,278,12,29
433,278,12,29
432,278,12,29
432,278,12,29
431,278,12,29
431,278,12,29
430,278,12,29
430,278,12,29
429,278,12,29
429,278,12,29
428,278,12,29
428,278,12,29
427,277,12,29
427,277,12,29
426,277,12,29
426,277,12,29
425,277,12,29
425,277,12,29
424,277,12,29
424,277,12,29
423,277,12,29
423,277,12,29
422,277,12,29
422,277,12,29
421,277,12,29
421,277,12,29
420,277,12,29
420,277,12,29
419,277,12,29
419,277,12,28
418,277,12,28
418,277,12,28
417,277,12,28
417,277,12,28
416,277,12,28
416,277,12,28
416,277,12,28
415,276,12,28
415,276,12,28
414,276,12,28
414,276,12,28
413,276,12,28
413,276,12,28
412,276,12,28
412,276,12,28
411,276,12,28
411,276,12,28
410,276,12,28
410,276,12,28
409,276,12,28
409,276,12,28
408,276,12,28
408,276,12,28
407,276,12,28
407,276,12,28
406,276,12,28
406,276,12,28
405,276,11,28
405,276,11,28
404,276,11,28
404,276,11,28
403,276,11,28
403,275,11,28
402,275,11,28
402,275,11,28
401,275,11,28
401,275,11,28
400,275,11,28
400,275,11,28
399,275,11,28
399,275,11,28
398,275,11,28
398,275,11,28
397,275,11,28
397,275,11,28
396,275,11,28
396,275,11,28
395,275,11,28
395,275,11,28
394,275,11,28
394,275,11,27
393,275,11,27
393,275,11,27
392,275,11,27
392,275,11,27
391,275,11,27
391,274,11,27
390,274,11,27
390,274,11,27
389,274,11,27
389,274,11,27
388,274,11,27
388,274,11,27
387,274,11,27
387,274,11,27
386,274,11,27
386,274,11,27
385,274,11,27
385,274,11,27
384,274,11,27
384,274,11,27
383,274,11,27
383,274,11,27
382,274,11,27
382,274,11,27
381,274,11,27
381,274,11,27
380,274,11,27
380,274,11,27
379,274,11,27
379,274,11,27
378,273,11,27
378,273,11,27
377,273,11,27
377,273,11,27
376,273,11,27
376,273,11,27
375,273,11,27
375,273,11,27
374,273,11,27
374,273,11,27
373,273,11,27
373,273,11,27
372,273,11,27
372,273,11,27
371,273,11,27
371,273,11,27
370,273,11,27
370,273,11,27
370,273,11,27
369,273,11,27
369,273,11,27
368,273,11,26
368,273,11,26
367,273,11,26
367,272,11,26
366,272,11,26
366,272,11,26
365,272,11,26
365,272,11,26
364,272,11,26
364,272,11,26
363,272,11,26
363,272,11,26
362,272,11,26
362,272,11,26
361,272,11,26
361,272,11,26
360,272,11,26
360,272,11,26
359,272,11,26
359,272,11,26
358,272,11,26
358,272,11,26
357,272,11,26
357,272,11,26
356,272,11,26
356,272,11,26
355,272,11,26
355,272,11,26
354,271,11,26
354,271,11,26
353,271,11,26
353,271,11,26
352,271,10,26
352,271,10,26
351,271,10,26
351,271,10,26
350,271,10,26
350,271,10,26
349,271,10,26
349,271,10,26
348,271,10,26
348,271,10,26
347,271,10,26
347,271,10,26
346,271,10,26
346,271,10,26
345,271,10,26
345,271,10,26
344,271,10,26
344,271,10,26
343,271,10,26
343,271,10,25
342,270,10,25
342,270,10,25
341,270,10,25
341,270,10,25
340,270,10,25
340,270,10,25
339,270,10,25
339,270,10,25
338,270,10,25
338,270,10,25
337,270,10,25
337,270,10,25
336,270,10,25
336,270,10,25
335,270,10,25
335,270,10,25
334,270,10,25
334,270,10,25
333,270,10,25
333,270,10,25
332,270,10,25
332,270,10,25
331,270,10,25
331,270,10,25
330,270,10,25
330,269,10,25
329,269,10,25
329,269,10,25
328,269,10,25
328,269,10,25
327,269,10,25
327,269,10,25
326,269,10,25
326,269,10,25
325,269,10,25
325,269,10,25
325,269,10,25
324,269,10,26
324,269,10,26
324,270,10,26
323,270,10,27
323,270,10,27
322,270,11,28
322,270,11,28
322,270,11,28
321,270,11,28
321,270,11,28
320,270,11,28
320,270,11,28
320,270,12,28
319,270,12,28
319,270,12,28
318,270,12,28
318,270,12,28
318,270,13,28
317,270,13,28
317,270,13,28
316,270,13,28
316,270,13,28
315,270,13,28
315,270,13,28
314,270,13,28
314,270,13,28
313,270,13,28
313,270,13,28
312,270,13,28
312,270,13,28
311,270,13,28
310,270,13,28
310,270,13,28
309,270,13,28
308,270,13,28
308,270,13,28
307,270,13,28
307,270,13,28
306,270,13,28
306,270,13,28
305,270,13,28
305,270,13,28
304,269,13,28
304,269,13,28
303,269,13,28
303,269,13,28
303,269,13,28
302,269,13,28
302,269,13,28
301,269,13,28
301,269,13,28
300,269,13,28
300,269,13,28
300,269,13,28
299,269,13,28
299,269,13,28
298,269,13,28
298,269,13,28
297,268,13,28
297,268,13,28
297,268,13,28
296,268,13,28
296,268,13,28
295,268,13,28
295,268,13,28
294,268,13,28
294,268,13,28
293,268,13,28
293,268,13,28
292,268,13,28
292,268,13,28
292,268,13,28
291,268,13,28
291,268,13,28
290,268,13,28
290,268,13,28
290,267,13,28
289,267,13,28
289,267,13,28
288,267,13,28
288,267,13,28
287,267,13,28
287,267,13,28
286,267,13,28
286,267,13,28
285,267,13,28
285,267,13,28
285,267,13,28
284,267,13,28
284,267,13,28
283,267,13,28
283,267,13,28
282,267,13,28
282,267,13,28
281,267,13,28
281,267,13,28
280,267,13,28
280,267,13,28
279,266,13,28
279,266,13,28
278,266,13,28
278,266,13,28
277,266,13,28
277,266,13,28
276,266,13,28
276,266,13,28
275,266,13,28
275,266,13,28
275,266,13,28
274,266,13,28
274,266,13,28
273,266,13,28
273,266,13,28
272,266,13,28
272,266,13,28
272,266,13,28
271,265,13,28
271,265,13,28
270,265,13,28
270,265,13,28
270,265,13,28
269,265,13,28
269,265,13,28
269,265,13,28
268,265,13,28
268,265,13,28
268,265,13,28
267,265,13,28
267,265,13,28
266,265,13,28
266,265,13,28
265,265,13,28
265,265,13,28
264,265,13,28
264,265,13,28
263,265,13,28
263,265,13,28
262,265,13,28
262,264,13,28
261,264,13,28
260,264,13,28
260,264,13,28
259,264,13,28
258,264,13,28
258,264,13,28
257,264,13,28
256,263,14,28
255,263,14,28
255,263,14,28
255,263,13,28
254,263,13,28
254,263,13,28
254,263,13,28
253,263,13,28
253,263,13,28
253,263,13,28
252,263,13,28
253,264,13,28
252,264,13,28
252,263,13,28
251,263,13,28
250,263,13,28
250,262,13,28
250,262,13,28
249,262,13,28
249,261,13,28
249,261,13,28
248,261,13,28
248,261,13,28
248,262,13,28
248,262,13,28
247,262,13,28
247,262,13,28
247,263,13,28
247,263,13,28
247,263,13,28
246,263,13,28
246,264,13,28
245,264,13,28
245,263,13,28
244,263,13,28
244,263,13,28
244,262,13,28
243,262,13,28
243,262,13,28
242,261,13,28
242,261,13,28
241,261,13,28
241,261,13,28
240,261,13,28
240,261,13,28
240,261,13,28
239,261,13,28
239,261,13,28
238,261,13,28
238,261,13,28
237,260,13,28
236,260,13,28
236,261,13,28
236,262,13,28
236,263,13,28
236,263,13,28
236,264,13,28
235,263,13,28
234,262,13,28
233,261,13,28
232,260,13,28
231,259,13,28
231,259,13,28
230,260,13,28
230,260,13,28
230,260,13,28
229,261,13,28
229,260,13,28
228,260,13,28
228,260,13,28
227,259,13,28
226,259,13,28
226,259,13,28
225,258,13,28
225,258,13,28
224,258,13,28
224,258,13,28
223,257,13,28
223,257,13,28
222,257,13,28
222,257,13,28
221,256,13,28
222,257,13,28
222,259,13,28
222,260,13,28
222,261,13,28
222,262,13,28
221,261,13,28
220,259,13,28
219,258,13,28
217,257,13,28
216,255,13,28
216,255,13,28
215,255,13,28
215,255,13,28
214,256,13,28
214,256,13,28
213,256,13,28
213,256,13,28
212,256,13,28
212,256,13,28
211,256,13,28
211,257,13,28
212,259,13,28
212,260,13,28
212,261,13,28
212,263,13,28
212,262,13,28
211,260,13,28
210,259,13,28
209,257,13,28
208,256,13,28
208,256,13,28
207,257,13,28
207,257,13,28
207,258,13,28
207,258,13,28
206,257,13,28
205,257,13,28
205,256,13,28
204,255,13,28
203,255,13,28
203,255,13,28
202,255,13,28
202,255,13,28
201,254,13,28
201,254,13,28
200,254,13,28
200,254,13,28
200,254,13,28
199,254,13,28
199,254,13,28
199,254,13,28
199,255,13,28
198,255,13,28
198,255,13,28
198,255,13,28
197,255,13,28
196,254,13,28
195,253,13,28
194,252,13,28
193,252,13,28
193,252,13,28
190,250,13,28
191,251,13,28
189,251,13,28
187,251,13,28
187,251,13,28
187,251,13,28
187,251,13,28
187,251,13,28
187,251,13,28
187,252,13,28
186,253,13,28
185,254,13,28
184,255,13,28
184,255,13,28
184,255,13,28
184,255,13,28
184,255,13,28
184,254,13,28
184,254,13,28
184,254,13,28
183,255,13,28
183,255,13,28
183,255,13,28
183,256,13,28
182,256,13,28
182,255,13,28
181,255,13,28
180,255,13,28
180,255,13,28
179,255,13,28
179,255,13,28
178,255,13,28
178,255,13,28
177,255,13,28
177,254,13,28
176,254,13,28
176,254,13,28
175,254,13,28
175,254,13,28
174,254,13,28
174,254,13,28
173,254,13,28
173,254,13,28
172,253,13,28
172,253,13,28
171,253,13,28
170,253,13,28
170,253,13,28
169,253,13,28
169,253,13,28
168,253,13,28
167,253,13,28
167,253,13,28
166,252,13,28
165,252,13,28
165,252,13,28
164,252,13,28
164,252,13,28
163,252,13,28
162,252,13,28
162,252,13,28
161,252,13,28
161,252,13,28
160,251,13,28
160,252,12,28
160,252,12,28
160,252,12,28
160,253,12,27
160,253,12,27
160,253,12,27
160,254,12,27
160,254,11,26
160,254,11,26
160,255,11,26
161,255,11,26
161,255,11,26
161,255,11,25
161,256,11,25
161,256,10,25
161,256,10,25
161,257,10,25
161,257,10,24
161,257,10,24
161,258,10,24
161,258,10,24
160,258,10,24
160,258,10,24
159,258,10,24
159,258,10,24
158,258,10,24
158,258,10,24
158,258,10,24
157,258,10,24
157,257,10,24
156,257,10,24
156,257,10,24
155,257,10,24
155,257,10,24
155,257,10,24
154,257,10,24
154,257,10,24
153,257,10,24
153,257,10,24
152,257,10,24
152,257,10,24
152,257,10,24
151,257,10,24
151,257,10,24
150,257,10,24
150,257,10,24
149,257,10,24
149,257,10,24
149,257,10,24
148,257,10,24
148,257,10,24
147,257,10,24
147,257,10,24
146,257,10,24
146,257,10,24
146,257,10,24
145,257,10,24
145,257,10,24
144,257,10,24
144,257,10,24
144,257,10,24
143,257,10,24
143,257,10,24
142,257,10,24
142,257,10,24
142,257,10,24
141,257,10,24
141,257,10,24
140,257,10,24
140,257,10,24
140,257,10,24
139,257,10,24
139,257,10,24
138,257,10,24
138,257,10,24
138,257,10,24
137,257,10,24
137,257,10,24
137,257,10,24
136,257,10,24
136,257,10,24
135,257,10,24
135,257,10,24
135,257,10,24
134,257,10,24
134,257,10,24
133,257,10,24
133,257,10,24
133,257,10,24
132,257,10,24
132,256,10,24
132,256,10,24
131,256,10,24
131,256,10,24
130,256,10,24
130,256,10,24
130,256,10,24
129,256,10,24
129,256,10,24
129,256,10,24
128,256,10,24
128,256,10,24
127,256,10,24
127,256,10,24
127,256,10,24
126,256,10,24
126,256,10,24
126,256,10,24
125,256,10,24
125,256,10,24
125,256,10,24
124,256,10,24
124,256,10,24
123,256,10,24
123,256,10,24
123,256,10,24
122,256,10,24
122,255,10,24
122,255,10,24
121,255,10,24
121,255,10,24
120,255,10,24
120,255,10,24
120,255,10,24
119,255,10,24
119,255,10,24
118,255,10,24
118,255,10,24
118,255,10,24
117,255,10,24
117,255,10,24
116,255,10,24
116,255,10,24
116,255,10,24
115,255,10,24
115,255,10,24
114,255,10,24
114,255,10,24
114,255,10,24
113,255,10,24
113,255,10,24
112,255,10,24
112,255,10,24
112,255,10,24
111,255,10,24
111,254,10,24
110,254,10,24
110,254,10,24
110,254,10,24
109,254,10,24
109,254,10,24
108,254,10,24
108,254,10,24
108,254,10,24
107,254,10,24
107,254,10,24
107,254,10,24
106,254,10,24
106,254,10,24
105,254,10,24
105,254,10,24
104,254,10,24
104,254,10,24
104,253,10,24
103,253,10,24
103,253,10,24
102,253,10,24
102,253,10,24
101,253,10,24
101,253,10,24
100,253,10,24
100,253,10,24
100,253,10,24
99,253,10,24
99,253,10,24
98,253,10,24
98,253,10,24
97,253,10,24
97,253,10,24
96,253,10,24
96,253,10,24
96,253,10,24
95,253,10,24
95,253,10,24
94,253,10,24
94,253,10,24
94,252,10,24
93,252,10,24
93,252,10,24
92,252,10,24
92,252,10,24
92,252,10,24
91,252,10,24
91,252,10,24
91,252,10,24
90,252,10,24
90,252,10,24
89,252,10,24
89,252,10,24
89,252,10,24
88,252,10,24
88,252,10,24
87,252,10,24
87,252,10,24
86,252,10,24
86,252,10,24
85,252,10,24
85,252,10,24
85,252,10,24
84,252,10,24
84,252,10,24
83,252,10,24
83,252,10,24
82,252,10,24
82,252,10,24
81,252,10,24
81,252,10,24
81,252,10,24
80,252,10,24
80,252,10,24
79,252,10,24
79,252,10,24
78,252,10,24
78,252,10,24
78,252,10,24
77,252,10,24
77,251,10,24
76,251,10,24
76,251,10,24
76,251,10,24
75,251,10,24
75,251,10,24
74,251,10,24
74,251,10,24
74,251,10,24
73,251,10,24
73,251,10,24
72,251,10,24
72,251,10,24
72,251,10,24
71,251,10,24
71,251,10,24
70,251,10,24
70,251,10,24
69,251,10,24
69,251,10,24
68,251,10,24
68,251,10,24
67,251,10,24
67,251,10,24
66,251,10,24
66,251,10,24
65,251,10,24
65,251,10,24
64,251,10,24
64,251,10,24
63,251,10,24
63,251,10,24
62,251,10,24
62,251,10,24
62,251,10,24
61,251,10,24
61,251,10,24
60,251,10,24
60,251,10,24
59,251,10,24
59,251,10,24
58,251,10,24
58,251,10,24
57,251,10,24
57,251,10,24
56,251,10,24
56,251,10,24
55,251,10,24
55,251,10,24
54,251,10,24
54,250,10,24
53,250,10,24
53,250,10,24
52,250,10,24
52,250,10,24
52,250,10,24
51,250,10,24
51,250,10,24
51,250,10,24
50,250,10,24
50,250,10,24
49,250,10,24
49,250,10,24
49,250,10,24
48,250,10,24
48,250,10,24
47,250,10,24
47,250,10,24
47,250,10,24
46,249,10,24
46,249,10,24
45,249,10,24
45,249,10,24
45,249,10,24
44,249,10,24
44,249,10,24
43,249,10,24
43,249,10,24
43,249,10,24
42,249,10,24
42,249,10,24
41,249,10,24
41,249,10,24
40,249,10,24
40,249,10,24
40,249,10,24
39,249,10,24
39,249,10,24
38,249,10,24
38,249,10,24
38,249,10,24
37,249,10,24
37,250,10,24
36,250,10,24
36,249,10,24
36,249,9,24
35,249,9,24
35,249,9,24
34,249,9,24
34,249,9,24
34,249,9,24
33,249,8,24
33,249,8,24
32,249,8,24
32,249,8,24
32,249,8,24
31,249,8,24
31,249,8,24
31,249,7,24
30,249,7,24
30,249,7,24
29,249,7,24
29,249,7,24
29,249,7,24
29,249,6,24
