547,192,18,24
547,193,18,24
547,193,18,24
547,193,18,24
547,193,18,24
547,193,18,24
547,193,18,24
548,193,18,24
548,193,18,24
548,193,18,24
548,193,18,24
548,193,18,24
549,193,18,24
549,193,18,24
550,193,18,24
550,193,18,24
550,193,18,24
551,194,18,24
551,194,18,24
552,194,18,24
552,194,18,24
552,194,18,24
552,194,18,24
552,194,18,24
552,194,18,24
552,194,18,24
552,194,18,24
552,194,18,24
553,194,18,24
553,194,18,24
553,194,18,24
553,194,18,24
553,194,18,24
553,194,18,24
553,194,18,24
553,195,18,24
553,195,18,24
553,195,18,24
554,195,18,24
554,195,18,24
554,195,18,24
554,195,18,24
554,195,18,24
554,195,18,24
554,195,18,24
554,195,18,24
554,195,18,24
554,195,18,24
555,195,18,24
555,195,18,24
555,196,18,24
555,196,18,24
556,196,18,24
556,196,18,24
557,197,18,24
557,197,18,24
557,197,18,24
558,198,18,24
558,198,18,24
559,198,18,24
559,198,18,24
559,198,18,24
559,199,18,24
559,199,18,24
559,199,18,24
559,199,18,24
559,199,18,24
559,199,18,24
559,199,18,24
559,199,18,24
559,199,18,24
559,199,18,24
560,199,18,24
560,199,18,24
560,199,18,24
560,200,18,24
560,200,18,24
560,200,18,24
560,200,18,24
560,200,18,24
560,200,18,24
561,200,18,24
561,200,18,24
561,200,18,24
562,200,18,24
562,201,18,24
562,201,18,24
563,201,18,24
563,201,18,24
563,201,18,24
563,201,18,24
564,201,18,24
564,201,18,24
564,201,18,24
565,202,18,24
565,202,18,24
565,202,18,24
566,202,18,24
566,202,18,24
566,202,18,24
566,202,18,24
566,202,18,24
566,202,18,24
566,203,18,24
567,203,18,24
567,203,18,24
567,203,18,24
567,203,18,24
567,203,18,24
567,203,18,24
567,203,18,24
567,203,18,24
567,203,18,24
567,203,18,24
567,203,18,24
567,203,18,24
567,204,18,24
567,204,18,24
567,204,18,24
567,204,18,24
567,204,18,24
567,204,18,24
567,204,18,24
567,204,18,24
568,204,18,24
568,204,18,24
568,204,18,24
568,204,18,24
568,204,18,24
568,205,18,24
568,205,18,24
568,205,18,24
568,205,18,24
569,205,18,24
569,205,18,24
569,205,18,24
569,206,18,24
569,206,18,24
570,206,18,24
570,206,18,24
570,206,18,24
570,206,18,24
570,207,18,24
571,207,18,24
571,207,18,24
571,207,18,24
571,207,18,24
571,207,18,24
572,207,18,24
572,208,18,24
572,208,18,24
572,208,18,24
573,208,18,24
573,208,18,24
573,208,18,24
573,209,18,24
573,209,18,24
574,209,18,24
574,209,18,24
574,209,18,24
574,209,18,24
574,210,18,24
574,210,18,24
574,210,18,24
574,210,18,24
574,210,18,24
574,210,18,24
574,211,18,24
574,211,18,24
574,211,18,24
574,211,18,24
574,211,18,24
574,212,18,24
575,212,18,24
575,212,18,24
575,212,18,24
575,212,18,24
575,213,18,24
575,213,18,24
575,213,18,24
575,213,18,24
575,213,18,24
575,213,18,24
575,213,18,24
575,213,18,24
575,213,18,24
575,214,18,24
575,214,18,24
575,214,18,24
575,214,18,24
575,214,18,24
575,214,18,24
575,214,18,24
575,214,18,24
575,214,18,24
575,214,18,24
575,214,18,24
575,214,18,24
575,214,18,24
576,215,18,24
576,215,18,24
576,215,18,24
576,215,18,24
576,215,18,24
576,215,18,24
576,215,18,24
576,215,18,24
576,215,18,24
577,216,18,24
577,216,18,24
577,216,18,24
577,216,18,24
577,216,18,24
577,216,18,24
577,216,18,24
577,216,18,24
577,217,18,24
578,217,18,24
578,217,18,24
578,217,18,24
578,217,18,24
578,217,18,24
578,218,18,24
578,218,18,24
577,218,18,24
577,219,18,24
577,219,18,24
577,219,18,24
577,220,18,24
577,220,18,24
577,220,18,24
577,220,18,24
577,220,18,24
576,220,18,24
576,220,18,24
576,220,18,24
576,220,18,24
576,221,18,24
576,221,18,24
576,221,18,24
575,221,18,24
575,221,18,24
575,221,18,24
575,221,18,24
575,221,18,24
575,221,18,24
574,221,18,24
574,221,18,24
574,221,18,24
574,221,18,24
574,222,18,24
574,222,18,24
573,222,18,24
573,222,18,24
573,222,18,24
573,222,18,24
573,222,18,24
573,222,18,24
573,222,18,24
572,222,18,24
572,222,18,24
572,222,18,24
572,222,18,24
572,223,18,24
572,223,18,24
571,223,18,24
571,223,18,24
571,223,18,24
571,223,18,24
571,223,18,24
571,223,18,24
571,223,18,24
571,223,18,24
571,224,18,24
571,224,18,24
571,224,18,24
571,224,18,24
571,224,18,24
571,224,18,24
571,224,18,24
571,224,18,24
571,225,18,24
571,225,18,24
571,225,18,24
571,225,18,24
571,225,18,24
571,225,18,24
571,225,18,24
571,225,18,24
571,226,18,24
571,226,18,24
571,226,18,24
571,226,18,24
571,226,18,24
572,226,18,24
572,226,18,24
572,227,18,24
572,227,18,24
572,227,18,24
572,227,18,24
572,227,18,24
571,227,18,24
571,227,18,24
571,227,18,24
571,227,18,24
571,227,18,24
571,227,18,24
571,227,18,24
571,227,18,24
571,227,18,24
571,227,18,24
571,227,18,24
571,227,18,24
571,227,18,24
570,227,18,24
570,227,18,24
570,227,18,24
570,227,18,24
570,227,18,24
570,227,18,24
570,227,18,24
570,227,18,24
570,227,18,24
570,227,18,24
570,227,18,24
570,227,18,24
570,227,18,24
570,227,18,24
570,227,18,24
570,227,18,24
570,227,18,24
570,227,18,24
570,227,18,24
570,227,18,24
570,227,18,24
570,227,18,24
570,227,18,24
570,227,18,24
570,227,18,24
570,227,18,24
570,227,18,24
570,227,18,24
570,227,18,24
570,227,18,24
570,227,18,24
570,227,18,24
570,227,18,24
570,227,18,24
570,227,18,24
570,227,18,24
570,227,18,24
570,227,18,24
570,227,18,24
570,227,18,24
570,227,18,24
569,228,18,24
569,228,18,24
569,228,18,24
569,228,18,24
569,228,18,24
569,228,18,24
569,228,18,24
569,228,18,24
569,228,18,24
569,228,18,24
569,228,18,24
569,228,18,24
569,228,18,24
569,228,18,24
569,228,18,24
569,228,18,24
569,228,18,24
569,228,18,24
569,228,18,24
569,228,18,24
569,228,18,24
569,228,18,24
569,228,18,24
569,228,18,24
569,228,18,24
569,228,18,24
569,228,18,24
569,228,18,24
569,228,18,24
569,228,18,24
569,228,18,24
569,228,18,24
569,228,18,24
569,228,18,24
569,228,18,24
569,228,18,24
569,228,18,24
569,228,18,24
569,228,18,24
569,228,18,24
569,228,18,24
569,228,18,24
569,228,18,24
569,228,18,24
569,228,18,24
569,228,18,24
569,228,18,24
569,228,18,24
569,228,18,24
569,228,18,24
569,228,18,24
569,228,18,24
569,228,18,24
569,228,18,24
569,228,18,24
569,228,18,24
569,228,18,24
569,228,18,24
569,228,18,24
568,228,18,24
568,228,18,24
568,228,18,24
568,228,18,24
568,228,18,24
568,228,18,24
568,228,18,24
568,228,18,24
568,228,18,24
568,228,18,24
568,228,18,24
568,228,18,24
568,228,18,24
568,228,18,24
568,228,18,24
568,228,18,24
568,228,18,24
568,228,18,24
568,228,18,24
568,228,18,24
568,228,18,24
568,228,18,24
568,228,18,24
568,228,18,24
568,228,18,24
568,228,18,24
568,228,18,24
568,228,18,24
568,228,18,24
568,228,18,24
568,228,18,24
568,228,18,24
568,228,18,24
568,228,18,24
568,228,18,24
568,228,18,24
568,228,18,24
568,228,18,24
568,228,18,24
568,228,18,24
568,228,18,24
568,228,18,24
568,228,18,24
568,228,18,24
568,228,18,24
568,228,18,24
568,228,18,24
568,228,18,24
568,228,18,24
568,228,18,24
568,228,18,24
568,228,18,24
568,228,18,24
568,228,18,24
568,228,18,24
568,228,18,24
568,228,18,24
568,228,18,24
568,228,18,24
568,228,18,24
568,228,18,24
568,228,18,24
568,228,18,24
568,228,18,24
568,228,18,24
568,228,18,24
568,228,18,24
568,228,18,24
568,228,18,24
568,228,18,24
567,228,18,24
567,228,18,24
567,228,18,24
567,228,18,24
567,228,18,24
567,228,18,24
567,228,18,24
567,228,18,24
567,228,18,24
567,228,18,24
567,228,18,24
567,228,18,24
567,228,18,24
567,228,18,24
567,228,18,24
567,228,18,24
567,228,18,24
567,228,18,24
567,228,18,24
567,228,18,24
567,228,18,24
567,228,18,24
567,228,18,24
567,228,18,24
567,228,18,24
567,228,18,24
567,228,18,24
567,228,18,24
567,228,18,24
567,228,18,24
567,228,18,24
567,228,18,24
567,228,18,24
567,228,18,24
567,228,18,24
567,228,18,24
567,228,18,24
567,228,18,24
567,228,18,24
567,228,18,24
567,228,18,24
567,228,18,24
567,228,18,24
567,228,18,24
567,228,18,24
567,228,18,24
567,228,18,24
567,228,18,24
567,228,18,24
567,228,18,24
567,228,18,24
567,228,18,24
567,228,18,24
567,228,18,24
567,228,18,24
567,228,18,24
567,228,18,24
567,228,18,24
567,228,18,24
567,228,18,24
567,228,18,24
567,228,18,24
567,228,18,24
567,228,18,24
567,228,18,24
567,228,18,24
567,228,18,24
567,228,18,24
567,228,18,24
567,228,18,24
566,228,18,24
566,228,18,24
566,228,18,24
566,228,18,24
566,228,18,24
566,228,18,24
566,228,18,24
566,228,18,24
566,228,18,24
566,228,18,24
566,228,18,24
566,228,18,24
566,228,18,24
566,228,18,24
566,228,18,24
566,228,18,24
566,228,18,24
566,228,18,24
566,228,18,24
566,228,18,24
566,228,18,24
566,228,18,24
566,228,18,24
566,228,18,24
566,228,18,24
566,228,18,24
566,228,18,24
566,228,18,24
566,228,18,24
566,228,18,24
566,228,18,24
566,228,18,24
566,228,18,24
566,228,18,24
566,228,18,24
566,228,18,24
566,228,18,24
566,228,18,24
566,228,18,24
566,228,18,24
566,228,18,24
566,228,18,24
566,228,18,24
566,228,18,24
566,228,18,24
566,228,18,24
566,228,18,24
566,228,18,24
566,228,18,24
566,228,18,24
566,228,18,24
566,228,18,24
566,228,18,24
566,228,18,24
566,228,18,24
566,228,18,24
566,228,18,24
566,228,18,24
566,228,18,24
566,228,18,24
566,228,18,24
566,228,18,24
566,228,18,24
566,228,18,24
566,228,18,24
566,228,18,24
566,228,18,24
566,228,18,24
566,228,18,24
565,228,18,24
565,228,18,24
565,228,18,24
565,228,18,24
565,228,18,24
565,228,18,24
565,228,18,24
565,228,18,24
565,228,18,24
565,228,18,24
565,228,18,24
565,228,18,24
565,228,18,24
565,228,18,24
565,228,18,24
565,228,18,24
565,228,18,24
565,228,18,24
565,228,18,24
565,228,18,24
565,228,18,24
565,228,18,24
565,228,18,24
565,228,18,24
565,228,18,24
565,228,18,24
565,228,18,24
565,228,18,24
565,228,18,24
565,228,18,24
565,228,18,24
565,228,18,24
565,228,18,24
565,228,18,24
565,228,18,24
565,228,18,24
565,228,18,24
565,228,18,24
565,228,18,24
565,228,18,24
565,228,18,24
565,228,18,24
565,228,18,24
565,228,18,24
565,228,18,24
565,228,18,24
565,228,18,24
565,228,18,24
565,228,18,24
565,228,18,24
565,228,18,24
565,228,18,24
565,228,18,24
565,228,18,24
565,228,18,24
565,228,18,24
565,228,18,24
565,228,18,24
564,228,18,24
564,228,18,24
564,228,18,24
564,228,18,24
564,228,18,24
564,228,18,24
564,228,18,24
564,228,18,24
564,228,18,24
564,229,18,24
563,229,18,24
563,229,18,24
563,229,18,24
563,229,18,24
563,229,18,24
563,229,18,24
563,229,18,24
563,229,18,24
563,229,18,24
563,229,18,24
562,229,18,24
562,229,18,24
562,230,18,24
562,230,18,24
562,230,18,24
562,230,18,24
562,230,18,24
562,230,18,24
562,230,18,24
561,230,18,24
561,230,18,24
561,231,18,24
561,231,18,24
560,231,18,24
560,231,18,24
560,232,18,24
560,232,18,24
560,232,18,24
559,232,18,24
559,232,18,24
559,232,18,24
558,232,18,24
558,232,18,24
558,232,18,24
557,232,18,24
557,232,18,24
557,232,18,24
557,232,18,24
556,232,18,24
556,232,18,24
555,233,18,24
555,233,18,24
554,233,18,24
554,233,18,24
553,233,18,24
553,233,18,24
553,234,18,24
552,234,18,24
552,234,18,24
551,234,18,24
551,234,18,24
551,234,18,24
551,234,18,24
551,234,18,24
551,234,18,24
551,234,18,24
550,234,18,24
550,235,18,24
550,235,18,24
550,235,18,24
550,235,18,24
550,235,18,24
549,235,18,24
549,235,18,24
549,235,18,24
549,235,18,24
549,235,18,24
549,235,18,24
548,235,18,24
548,235,18,24
548,235,18,24
548,235,18,24
548,235,18,24
547,235,18,24
547,235,18,24
547,235,18,24
547,235,18,24
546,235,18,24
546,235,18,24
546,235,18,24
546,235,18,24
545,235,18,24
545,235,18,24
545,235,18,24
545,235,18,24
545,235,18,24
544,235,18,24
544,235,18,24
544,235,18,24
544,236,18,24
543,236,18,24
543,236,18,24
543,236,18,24
543,236,18,24
542,237,18,24
542,237,18,24
542,237,18,24
541,237,18,24
541,237,18,24
541,237,18,24
541,238,18,24
540,238,18,24
540,238,18,24
540,238,18,24
540,238,18,24
539,239,18,24
539,239,18,24
539,239,18,24
538,239,18,24
538,239,18,24
538,239,18,24
538,239,18,24
538,240,18,24
538,240,18,24
538,240,18,24
537,240,18,24
537,240,18,24
537,240,18,24
537,240,18,24
537,240,18,24
537,240,18,24
536,240,18,24
536,241,18,24
536,241,18,24
536,241,18,24
535,241,18,24
535,241,18,24
535,241,18,24
535,241,18,24
535,241,18,24
534,242,18,24
534,242,18,24
534,242,18,24
534,242,18,24
534,242,18,24
533,242,18,24
533,242,18,24
533,242,18,24
533,243,18,24
533,243,18,24
532,243,18,24
532,243,18,24
532,243,18,24
532,243,18,24
532,243,18,24
531,243,18,24
531,244,18,24
531,244,18,24
531,244,18,24
530,244,18,24
530,244,18,24
530,244,18,24
530,244,18,24
529,244,18,24
529,244,18,24
529,244,18,24
529,244,18,24
528,244,18,24
528,244,18,24
528,244,18,24
528,244,18,24
527,244,18,24
527,244,18,24
527,244,18,24
526,244,18,24
526,244,18,24
526,244,18,24
526,244,18,24
525,244,18,24
525,244,18,24
524,244,18,24
524,244,18,24
523,244,18,24
523,244,18,24
523,244,18,24
522,244,18,24
522,244,18,24
521,245,18,24
521,245,18,24
520,245,18,24
520,245,18,24
519,245,18,24
519,245,18,24
518,245,18,24
518,245,18,24
517,245,18,24
517,245,18,24
517,245,18,24
516,245,18,24
516,246,18,24
515,247,18,24
515,248,18,24
514,248,18,24
514,249,18,24
513,250,18,24
513,251,18,24
512,252,18,24
512,252,18,24
511,253,18,24
511,253,18,24
511,253,18,24
510,253,18,24
510,253,18,24
509,254,18,24
509,254,18,24
508,254,18,24
508,254,18,24
507,254,18,24
507,254,18,24
506,254,18,24
505,254,18,24
505,254,18,24
504,254,18,24
503,254,18,24
503,254,18,24
502,254,18,24
501,255,18,24
501,255,18,24
500,255,18,24
499,255,18,24
499,255,18,24
498,256,18,24
497,256,18,24
497,256,18,24
496,257,18,24
496,257,18,24
495,257,18,24
494,257,18,24
494,258,18,24
494,258,18,24
493,258,18,24
493,258,18,24
493,258,18,24
493,258,18,24
493,258,18,24
493,258,18,24
492,258,18,24
492,258,18,24
492,258,18,24
492,258,18,24
491,258,18,24
491,258,18,24
490,258,18,24
490,258,18,24
489,258,18,24
489,258,18,24
488,258,18,24
488,258,18,24
488,258,18,24
487,258,18,24
486,258,18,24
486,258,18,24
485,257,18,24
485,257,18,24
484,257,18,24
484,257,18,24
483,257,18,24
483,257,18,24
482,257,18,24
482,257,18,24
481,257,18,24
480,257,18,24
480,257,18,24
479,257,18,24
478,257,18,24
478,258,18,24
477,258,18,24
477,258,18,24
476,258,18,24
476,258,18,24
475,258,18,24
475,258,18,24
475,258,18,24
475,258,18,24
475,258,18,24
474,258,18,24
474,258,18,24
474,258,18,24
474,258,18,24
473,258,18,24
473,258,18,24
473,258,18,24
473,258,18,24
472,258,18,24
472,258,18,24
472,258,18,24
472,258,18,24
472,258,18,24
471,258,18,24
471,258,18,24
471,258,18,24
470,258,18,24
470,258,18,24
470,259,18,24
469,259,18,24
469,259,18,24
469,259,18,24
469,259,18,24
468,259,18,24
467,259,18,24
467,260,18,24
466,260,18,24
465,260,18,24
464,260,18,24
463,260,18,24
462,260,18,24
461,261,18,24
461,261,18,24
460,261,18,24
460,261,18,24
459,261,18,24
459,261,18,24
459,261,18,24
459,261,18,24
458,261,18,24
458,261,18,24
458,261,18,24
458,262,18,24
457,262,18,24
457,262,18,24
457,262,18,24
456,262,18,24
456,263,18,24
456,263,18,24
455,263,18,24
455,263,18,24
454,263,18,24
454,264,18,24
454,264,18,24
453,264,18,24
453,264,18,24
453,264,18,24
453,264,18,24
452,264,18,24
452,263,18,24
452,263,18,24
452,263,18,24
451,263,18,24
451,263,18,24
451,263,18,24
450,263,18,24
450,263,18,24
449,263,18,24
449,262,18,24
448,262,18,24
448,262,18,24
448,262,18,24
447,262,18,24
447,262,18,24
446,262,18,24
446,261,18,24
445,261,18,24
445,261,18,24
445,261,18,24
444,261,18,24
444,261,18,24
444,261,18,24
443,261,18,24
443,261,18,24
442,261,18,24
442,261,18,24
442,261,18,24
441,261,18,24
441,262,18,24
440,262,18,24
440,262,18,24
440,262,18,24
439,262,18,24
439,262,18,24
439,262,18,24
438,262,18,24
438,263,18,24
438,263,18,24
438,263,18,24
438,263,18,24
437,263,18,24
437,263,18,24
437,263,18,24
437,263,18,24
436,263,18,24
436,263,18,24
436,263,18,24
436,263,18,24
435,263,18,24
435,263,18,24
435,263,18,24
435,263,18,24
435,263,18,24
434,263,18,24
434,263,18,24
434,263,18,24
433,263,18,24
433,263,18,24
433,263,18,24
433,263,18,24
432,263,18,24
432,263,18,24
432,262,18,24
432,262,18,24
431,262,18,24
431,262,18,24
431,262,18,24
431,262,18,24
430,262,18,24
430,262,18,24
430,262,18,24
429,262,18,24
429,262,18,24
429,262,18,24
428,262,18,24
427,262,18,24
427,262,18,24
426,262,18,24
425,262,18,24
425,262,18,24
424,262,18,24
423,262,18,24
423,262,18,24
422,262,18,24
422,262,18,24
421,262,18,24
421,262,18,24
421,262,18,24
421,262,18,24
420,262,18,24
420,262,18,24
420,262,18,24
420,262,18,24
419,262,18,24
419,262,18,24
419,263,18,24
418,263,18,24
418,263,18,24
418,263,18,24
418,263,18,24
417,263,18,24
417,263,18,24
417,263,18,24
417,263,18,24
416,263,18,24
416,263,18,24
415,263,18,24
415,263,18,24
415,263,18,24
414,263,18,24
414,263,18,24
413,263,18,24
413,263,18,24
413,263,18,24
412,263,18,24
412,263,18,24
412,263,18,24
412,263,18,24
412,262,18,24
412,262,18,24
411,262,18,24
411,262,18,24
411,262,18,24
411,262,18,24
411,261,18,24
411,261,18,24
410,261,18,24
410,261,18,24
410,261,18,24
410,261,18,24
410,261,18,24
409,260,18,24
409,260,18,24
409,260,18,24
409,260,18,24
409,260,18,24
409,260,18,24
408,259,18,24
408,259,18,24
408,259,18,24
408,259,18,24
408,259,18,24
407,259,18,24
407,259,18,24
407,259,18,24
406,259,18,24
406,259,18,24
405,259,18,24
405,259,18,24
404,259,18,24
403,259,18,24
403,259,18,24
402,259,18,24
402,259,18,24
401,258,18,24
401,258,18,24
400,258,18,24
400,258,18,24
399,258,18,24
399,258,18,24
398,258,18,24
398,258,18,24
397,258,18,24
396,258,18,24
396,258,18,24
396,258,18,24
396,258,18,24
395,258,18,24
395,258,18,24
395,258,18,24
395,258,18,24
394,258,18,24
394,258,18,24
394,258,18,24
393,258,18,24
393,258,18,24
393,258,18,24
393,258,18,24
392,258,18,24
392,258,18,24
392,258,18,24
392,258,18,24
391,258,18,24
391,258,18,24
391,258,18,24
390,258,18,24
389,258,18,24
389,258,18,24
388,258,18,24
388,258,18,24
387,258,18,24
387,258,18,24
386,258,18,24
386,258,18,24
385,258,18,24
385,258,18,24
385,258,18,24
384,258,18,24
384,258,18,24
384,258,18,24
384,258,18,24
383,258,18,24
383,258,18,24
383,258,18,24
382,258,18,24
382,258,18,24
381,258,18,24
381,258,18,24
380,258,18,24
380,258,18,24
380,258,18,24
379,258,18,24
379,258,18,24
378,258,18,24
378,258,18,24
377,258,18,24
377,258,18,24
377,258,18,24
376,258,18,24
376,258,18,24
375,258,18,24
375,258,18,24
375,258,18,24
374,258,18,24
374,258,18,24
373,258,18,24
373,258,18,24
373,258,18,24
373,258,18,24
372,258,18,24
372,258,18,24
372,258,18,24
371,258,18,24
371,258,18,24
371,258,18,24
370,258,18,24
370,258,18,24
369,258,18,24
369,258,18,24
369,258,18,24
368,258,18,24
368,258,18,24
368,258,18,24
367,258,18,24
367,258,18,24
366,258,18,24
366,258,18,24
366,258,18,24
365,258,18,24
365,258,18,24
364,258,18,24
364,258,18,24
364,258,18,24
363,258,18,24
363,258,18,24
362,258,18,24
362,258,18,24
361,258,18,24
361,258,18,24
361,258,18,24
360,257,18,24
360,257,18,24
359,257,18,24
359,257,18,24
358,257,18,24
358,257,18,24
357,257,18,24
357,257,18,24
356,257,18,24
356,257,18,24
355,257,18,24
355,257,18,24
354,257,18,24
354,257,18,24
354,257,18,24
353,257,18,24
353,257,18,24
352,257,18,24
352,258,18,24
351,258,18,24
351,258,18,24
350,258,18,24
350,258,18,24
349,258,18,24
349,258,18,24
348,258,18,24
348,258,18,24
348,259,18,24
347,259,18,24
347,259,18,24
346,259,18,24
346,259,18,24
345,259,18,24
345,259,18,24
344,259,18,24
344,259,18,24
344,259,18,24
344,259,18,24
343,259,18,24
343,259,18,24
343,259,18,24
342,259,18,24
342,259,18,24
342,259,18,24
341,259,18,24
341,259,18,24
340,259,18,24
340,259,18,24
339,259,18,24
338,259,18,24
338,258,18,24
337,258,18,24
337,258,18,24
336,258,18,24
336,258,18,24
335,258,18,24
335,258,18,24
334,258,18,24
334,258,18,24
333,257,18,24
332,257,18,24
332,257,18,24
331,257,18,24
331,257,18,24
330,257,18,24
330,257,18,24
330,257,18,24
329,257,18,24
329,257,18,24
329,257,18,24
328,257,18,24
328,257,18,24
327,257,18,24
327,257,18,24
327,257,18,24
326,257,18,24
326,257,18,24
325,257,18,24
325,257,18,24
325,257,18,24
324,257,18,24
324,257,18,24
324,257,18,24
323,257,18,24
323,257,18,24
323,257,18,24
322,257,18,24
322,257,18,24
322,257,18,24
322,257,18,24
322,257,18,24
321,257,18,24
321,257,18,24
321,257,18,24
320,257,18,24
320,257,18,24
319,257,18,24
319,257,18,24
318,257,18,24
318,257,18,24
317,256,18,24
317,256,18,24
316,256,18,24
315,256,18,24
315,256,18,24
315,256,18,24
315,256,18,24
314,256,18,24
314,256,18,24
314,256,18,24
313,256,18,24
313,256,18,24
313,256,18,24
312,256,18,24
312,256,18,24
312,256,18,24
312,257,18,24
312,257,18,24
312,257,18,24
312,257,18,24
312,257,18,24
311,257,18,24
311,257,18,24
311,257,18,24
311,257,18,24
311,258,18,24
311,258,18,24
311,258,18,24
311,258,18,24
311,258,18,24
310,258,18,24
310,258,18,24
310,258,18,24
310,259,18,24
310,259,18,24
310,259,18,24
309,259,18,24
309,259,18,24
309,259,18,24
309,259,18,24
308,259,18,24
308,259,18,24
308,259,18,24
308,259,18,24
307,259,18,24
307,259,18,24
307,259,18,24
307,259,18,24
307,259,18,24
306,259,18,24
306,259,18,24
306,259,18,24
306,259,18,24
305,259,18,24
305,259,18,24
305,259,18,24
305,259,18,24
304,259,18,24
304,259,18,24
304,259,18,24
304,259,18,24
304,259,18,24
303,259,18,24
303,259,18,24
303,260,18,24
303,260,18,24
303,260,18,24
302,261,18,24
302,261,18,24
302,261,18,24
302,261,18,24
302,262,18,24
302,262,18,24
302,262,18,24
301,263,18,24
301,263,18,24
301,263,18,24
301,263,18,24
301,263,18,24
301,264,18,24
300,264,18,24
300,264,18,24
300,264,18,24
300,265,18,24
300,265,18,24
299,265,18,24
299,265,18,24
299,265,18,24
299,266,18,24
299,266,18,24
299,266,18,24
298,266,18,24
298,266,18,24
298,267,18,24
298,267,18,24
298,267,18,24
298,267,18,24
297,267,18,24
297,268,18,24
297,268,18,24
297,268,18,24
297,268,18,24
297,269,18,24
296,269,18,24
296,269,18,24
296,269,18,24
296,269,18,24
296,270,18,24
295,270,18,24
295,270,18,24
295,270,18,24
295,270,18,24
295,271,18,24
295,271,18,24
294,271,18,24
294,271,18,24
293,272,18,24
293,272,18,24
292,272,18,24
292,272,18,24
291,272,18,24
291,273,18,24
290,273,18,24
290,273,18,24
290,273,18,24
289,273,18,24
289,274,18,24
289,274,18,24
288,274,18,24
288,274,18,24
288,274,18,24
287,274,18,24
287,274,18,24
287,274,18,24
286,274,18,24
286,275,18,24
285,275,18,24
285,275,18,24
285,275,18,24
284,275,18,24
284,275,18,24
284,275,18,24
283,275,18,24
283,276,18,24
283,276,18,24
283,276,18,24
283,276,18,24
283,276,18,24
283,276,18,24
283,276,18,24
283,277,18,24
283,277,18,24
283,277,18,24
283,277,18,24
283,277,18,24
283,277,18,24
283,278,18,24
283,278,18,24
283,278,18,24
283,278,18,24
283,278,18,24
283,278,18,24
283,278,18,24
283,279,18,24
283,279,18,24
283,279,18,24
283,279,18,24
283,279,18,24
283,279,18,24
283,280,18,24
283,280,18,24
282,280,18,24
282,280,18,24
282,280,18,24
282,280,18,24
282,280,18,24
282,281,18,24
282,281,18,24
282,281,18,24
282,281,18,24
282,281,18,24
282,281,18,24
282,282,18,24
282,282,18,24
282,282,18,24
282,282,18,24
282,283,18,24
282,283,18,24
281,283,18,24
281,284,18,24
281,284,18,24
281,284,18,24
281,284,18,24
281,285,18,24
280,285,18,24
280,285,18,24
280,285,18,24
280,285,18,24
280,285,18,24
279,285,18,24
279,285,18,24
279,285,18,24
279,285,18,24
278,286,18,24
278,286,18,24
278,286,18,24
278,286,18,24
277,286,18,24
277,286,18,24
277,286,18,24
277,286,18,24
277,286,18,24
276,286,18,24
276,286,18,24
276,286,18,24
276,287,18,24
276,287,18,24
276,287,18,24
276,287,18,24
276,287,18,24
276,287,18,24
275,287,18,24
275,287,18,24
275,287,18,24
275,288,18,24
275,288,18,24
275,288,18,24
275,288,18,24
275,288,18,24
275,288,18,24
275,288,18,24
275,288,18,24
275,289,18,24
275,289,18,24
274,289,18,24
274,289,18,24
274,289,18,24
274,289,18,24
273,290,18,24
273,290,18,24
273,290,18,24
273,290,18,24
272,290,18,24
272,290,18,24
272,291,18,24
272,291,18,24
272,291,18,24
271,291,18,24
271,291,18,24
271,292,18,24
271,292,18,24
270,292,18,24
270,292,18,24
270,292,18,24
270,292,18,24
269,293,18,24
269,293,18,24
269,293,18,24
269,293,18,24
269,293,18,24
268,293,18,24
268,294,18,24
268,294,18,24
268,294,18,24
267,294,18,24
267,294,18,24
267,295,18,24
267,295,18,24
267,295,18,24
266,295,18,24
266,295,18,24
266,296,18,24
266,296,18,24
266,296,18,24
265,296,18,24
265,296,18,24
265,297,18,24
265,297,18,24
265,297,18,24
265,297,18,24
264,297,18,24
264,297,18,24
264,298,18,24
264,298,18,24
264,298,18,24
263,298,18,24
263,298,18,24
263,298,18,24
263,298,18,24
262,298,18,24
262,298,18,24
262,299,18,24
262,299,18,24
261,299,18,24
261,299,18,24
261,299,18,24
261,299,18,24
260,300,18,24
260,300,18,24
260,300,18,24
260,300,18,24
260,301,18,24
259,301,18,24
259,301,18,24
259,301,18,25
258,301,18,25
258,302,18,25
258,302,18,26
257,302,18,26
257,302,18,27
257,302,18,27
256,303,18,27
256,303,18,28
256,303,18,28
255,303,18,28
255,303,18,29
255,303,18,29
254,304,18,30
254,304,18,30
254,304,18,30
253,304,18,31
253,304,18,31
253,305,18,32
252,305,18,32
252,305,18,32
251,305,18,32
251,305,18,32
251,305,18,32
250,306,18,32
250,306,18,32
250,306,18,32
249,306,18,32
249,306,18,32
249,306,18,32
248,307,18,32
248,307,18,32
248,307,18,32
247,307,18,32
247,307,18,32
247,307,18,32
246,307,18,32
246,308,18,32
246,308,18,32
245,308,18,32
245,308,18,32
245,308,18,32
245,308,18,32
244,309,18,32
244,309,18,32
244,309,18,32
244,309,18,32
243,309,18,32
243,309,18,32
243,309,18,32
243,310,18,32
242,310,18,32
242,311,18,32
242,311,18,32
242,311,18,32
242,312,18,32
241,312,18,32
241,313,18,32
241,313,18,32
241,313,18,32
240,314,18,32
239,314,18,32
238,314,18,32
237,315,18,32
237,315,18,32
236,315,18,32
235,315,18,32
234,316,18,32
234,316,18,32
233,316,18,32
232,317,18,32
231,317,18,32
231,317,18,32
230,318,18,32
229,318,18,32
229,318,18,32
228,319,18,32
227,319,18,32
227,319,18,32
226,319,18,32
225,320,18,32
225,320,18,32
224,321,18,32
223,321,18,32
223,322,18,32
222,322,18,32
222,323,18,32
221,323,18,32
220,324,18,32
220,324,18,32
219,324,18,32
219,324,18,32
218,324,18,32
218,324,18,32
217,324,18,32
217,324,18,32
217,324,18,32
216,324,18,32
216,324,18,32
215,324,18,32
215,324,18,32
214,324,18,32
213,324,18,32
213,324,18,32
212,324,18,32
211,324,18,32
211,324,18,32
210,324,18,32
210,324,18,32
209,324,18,32
209,324,18,32
208,324,18,32
208,324,18,32
207,324,18,32
207,325,18,32
207,325,18,32
206,325,18,32
206,325,18,32
205,325,18,32
205,325,18,32
205,325,18,32
204,325,18,32
204,325,18,32
203,326,18,32
203,326,18,32
202,326,18,32
202,326,18,32
201,326,18,32
201,326,18,32
200,326,18,32
200,326,18,32
199,326,18,32
199,326,18,32
198,326,18,32
198,326,18,32
197,326,18,32
197,326,18,32
196,326,18,32
196,326,18,32
195,326,18,32
195,326,18,32
194,326,18,32
194,326,18,32
194,326,18,32
193,326,18,32
193,326,18,32
192,326,18,32
192,326,18,32
192,326,18,32
191,326,18,32
191,327,18,32
190,327,18,32
189,327,18,32
189,327,18,32
188,327,18,32
187,327,18,32
187,328,18,32
186,328,18,32
186,328,18,32
185,328,18,32
184,328,18,32
184,328,18,32
183,328,18,32
183,328,18,32
182,328,18,32
182,328,18,32
181,329,18,32
181,329,18,32
180,329,18,32
180,329,18,32
179,329,18,32
179,329,18,32
178,329,18,32
177,329,18,32
177,329,18,32
176,329,18,32
176,329,18,32
175,329,18,32
175,329,18,32
174,329,18,32
174,329,18,32
173,329,18,32
173,329,18,32
172,329,18,32
172,329,18,32
171,329,18,32
171,329,18,32
171,329,18,32
170,329,18,32
170,330,18,32
169,329,18,32
169,329,18,32
169,329,18,32
168,329,18,32
168,329,18,32
168,329,18,32
167,329,18,32
167,329,18,32
167,329,18,32
167,329,18,32
166,329,18,32
166,329,18,32
165,329,18,32
165,328,18,32
164,328,18,32
164,328,18,32
163,328,18,32
163,328,18,32
162,328,18,32
162,328,18,32
161,328,18,32
161,328,18,32
161,328,18,32
160,329,18,32
160,329,18,32
160,329,18,32
159,329,18,32
159,329,18,32
158,329,18,32
158,330,18,32
157,330,18,32
156,330,18,32
156,330,18,32
155,330,18,32
154,330,18,32
153,330,18,32
153,330,18,32
152,330,18,32
151,330,18,32
150,330,18,32
150,330,18,32
149,330,18,32
149,331,18,32
148,331,18,32
148,331,18,32
147,331,18,32
147,331,18,32
146,331,18,32
145,331,18,32
145,331,18,32
144,331,18,32
144,331,18,32
143,331,18,32
143,331,18,32
142,331,18,32
142,331,18,32
141,331,18,32
141,331,18,32
140,331,18,32
139,331,18,32
139,331,18,32
138,331,18,32
138,331,18,32
137,331,18,32
136,331,18,32
136,332,18,32
135,332,18,32
135,332,18,32
134,332,18,32
133,332,18,32
133,332,18,32
132,332,18,32
131,332,18,32
131,332,18,32
130,332,18,32
130,332,18,32
129,332,18,32
128,332,18,32
128,333,18,32
127,333,18,32
127,333,18,32
126,333,18,32
125,333,18,32
125,333,18,32
124,333,18,32
123,333,18,32
123,333,18,32
122,333,18,32
122,333,18,32
121,333,18,32
120,333,18,32
120,333,18,32
119,333,18,32
119,333,18,32
118,333,18,32
117,334,18,32
117,334,18,32
116,334,18,32
115,334,18,32
115,334,18,32
114,334,18,32
113,334,18,32
113,334,18,32
112,334,18,32
111,334,18,32
111,334,18,32
110,334,18,32
109,334,18,32
109,333,18,32
108,333,18,32
107,333,18,32
106,334,18,32
105,334,18,32
104,334,18,32
104,334,18,32
103,334,18,32
102,334,18,32
101,334,18,32
100,334,18,32
99,334,18,32
99,334,18,32
98,334,18,32
97,334,18,32
96,334,18,32
95,335,18,32
95,335,18,32
94,335,18,32
93,335,18,32
92,335,18,32
92,335,18,32
91,335,18,32
91,335,18,32
90,335,18,32
90,335,18,32
90,335,18,32
89,335,18,32
89,335,18,32
89,335,18,32
88,335,18,32
88,335,18,32
87,335,18,32
87,335,18,32
86,335,18,32
86,335,18,32
85,335,18,32
85,335,18,32
84,335,18,32
83,335,18,32
83,335,18,32
82,335,18,32
82,335,18,32
82,335,18,32
81,335,18,32
81,335,18,32
80,335,18,32
80,335,18,32
80,335,18,32
79,335,18,32
79,335,18,32
79,335,18,32
78,335,18,32
77,335,18,32
77,335,18,32
76,335,18,32
75,335,18,32
75,335,18,32
74,335,18,32
73,335,18,32
73,336,18,32
72,336,18,32
72,336,18,32
71,336,18,32
71,336,18,32
70,336,18,32
70,336,18,32
69,336,18,32
68,336,18,32
68,336,18,32
67,336,18,32
67,336,18,32
67,336,18,32
67,336,18,32
67,336,18,32
66,336,18,32
66,336,18,32
66,336,18,32
66,336,18,32
66,336,18,32
66,336,18,32
66,336,18,32
66,336,18,32
65,336,18,32
65,336,18,32
65,336,18,32
65,336,18,32
62,336,18,32
59,337,18,32
56,337,18,32
53,337,18,32
50,337,18,32
49,337,18,32
48,337,18,32
48,337,18,32
47,337,18,32
46,337,18,32
45,337,18,32
45,337,18,32
44,337,18,32
43,337,18,32
42,337,18,32
42,337,18,32
42,338,18,32
41,338,18,32
41,338,18,32
41,338,18,32
40,339,18,32
40,339,18,32
40,339,18,32
39,339,18,32
39,340,18,32
39,340,18,32
38,340,18,32
37,340,18,32
37,340,18,32
36,340,18,32
35,340,18,32
35,340,18,32
34,340,18,32
33,340,18,32
32,340,18,32
32,340,18,32
31,341,18,32
30,341,18,32
29,341,18,32
29,341,18,32
28,341,18,32
27,341,18,32
27,342,18,32
26,342,18,32
25,342,18,32
25,342,18,32
24,342,18,32
23,342,18,32
23,342,18,32
22,342,18,32
21,343,18,32
21,343,18,32
20,343,18,32
19,343,18,32
19,343,18,32
18,343,18,32
18,343,18,32
17,343,18,32
16,343,18,32
16,344,18,32
15,344,18,32
15,344,18,32
14,344,18,32
14,344,18,32
13,344,18,32
12,344,18,32
11,344,18,32
10,344,18,32
10,344,18,32
9,345,18,32
-1,-1,-1,-1
-1,-1,-1,-1
-1,-1,-1,-1
-1,-1,-1,-1
-1,-1,-1,-1
-1,-1,-1,-1
-1,-1,-1,-1
-1,-1,-1,-1
-1,-1,-1,-1
-1,-1,-1,-1
-1,-1,-1,-1
-1,-1,-1,-1
-1,-1,-1,-1
-1,-1,-1,-1
-1,-1,-1,-1
-1,-1,-1,-1
-1,-1,-1,-1
-1,-1,-1,-1
-1,-1,-1,-1
-1,-1,-1,-1
-1,-1,-1,-1
-1,-1,-1,-1
-1,-1,-1,-1
-1,-1,-1,-1
-1,-1,-1,-1
-1,-1,-1,-1
-1,-1,-1,-1
-1,-1,-1,-1
-1,-1,-1,-1
-1,-1,-1,-1
-1,-1,-1,-1
-1,-1,-1,-1
-1,-1,-1,-1
-1,-1,-1,-1
-1,-1,-1,-1
-1,-1,-1,-1
-1,-1,-1,-1
-1,-1,-1,-1
-1,-1,-1,-1
-1,-1,-1,-1
-1,-1,-1,-1
-1,-1,-1,-1
-1,-1,-1,-1
-1,-1,-1,-1
-1,-1,-1,-1
-1,-1,-1,-1
-1,-1,-1,-1
-1,-1,-1,-1
-1,-1,-1,-1
-1,-1,-1,-1
-1,-1,-1,-1
-1,-1,-1,-1
-1,-1,-1,-1
-1,-1,-1,-1
-1,-1,-1,-1
-1,-1,-1,-1
-1,-1,-1,-1
-1,-1,-1,-1
-1,-1,-1,-1
-1,-1,-1,-1
-1,-1,-1,-1
-1,-1,-1,-1
-1,-1,-1,-1
-1,-1,-1,-1
-1,-1,-1,-1
-1,-1,-1,-1
-1,-1,-1,-1
-1,-1,-1,-1
-1,-1,-1,-1
-1,-1,-1,-1
-1,-1,-1,-1
-1,-1,-1,-1
-1,-1,-1,-1
-1,-1,-1,-1
-1,-1,-1,-1
-1,-1,-1,-1
-1,-1,-1,-1
-1,-1,-1,-1
-1,-1,-1,-1
-1,-1,-1,-1
-1,-1,-1,-1
-1,-1,-1,-1
-1,-1,-1,-1
-1,-1,-1,-1
-1,-1,-1,-1
-1,-1,-1,-1
-1,-1,-1,-1
-1,-1,-1,-1
-1,-1,-1,-1
-1,-1,-1,-1
-1,-1,-1,-1
-1,-1,-1,-1
-1,-1,-1,-1
-1,-1,-1,-1
-1,-1,-1,-1
-1,-1,-1,-1
-1,-1,-1,-1
-1,-1,-1,-1
-1,-1,-1,-1
-1,-1,-1,-1
-1,-1,-1,-1
-1,-1,-1,-1
-1,-1,-1,-1
660,372,18,32
660,372,18,32
659,373,18,32
658,373,18,32
657,374,18,32
656,374,18,32
655,374,18,32
655,375,18,32
654,375,18,32
653,375,18,32
652,376,18,32
651,376,18,32
651,376,18,32
650,376,18,32
650,376,18,32
649,376,18,32
649,376,18,32
648,376,18,32
647,376,18,32
647,376,18,32
646,376,18,32
645,375,18,32
644,375,18,32
643,375,18,32
643,375,18,32
642,375,18,32
641,375,18,32
640,375,18,32
640,375,18,32
639,375,18,32
638,375,18,32
637,375,18,32
637,375,18,32
636,375,18,32
636,375,18,32
635,375,18,32
635,375,18,32
634,375,18,32
633,375,18,32
633,375,18,32
632,375,18,32
632,375,18,32
631,375,18,32
630,375,18,32
629,375,18,32
628,375,18,32
627,375,18,32
626,376,18,32
625,376,18,32
624,376,18,32
624,376,18,32
623,376,18,32
622,376,18,32
622,376,18,32
622,376,18,32
621,376,18,32
621,376,18,32
621,376,18,32
620,376,18,32
620,376,18,32
620,376,18,32
619,376,18,32
619,376,18,32
618,377,18,32
618,377,18,32
617,377,18,32
616,377,18,32
616,377,18,32
615,377,18,32
615,377,18,32
614,378,18,32
613,378,18,32
613,378,18,32
612,378,18,32
611,378,18,32
611,378,18,32
610,378,18,32
609,378,18,32
608,378,18,32
608,378,18,32
607,378,18,32
606,378,18,32
606,378,18,32
605,378,18,32
605,378,18,32
604,377,18,32
604,377,18,32
603,377,18,32
603,377,18,32
602,377,18,32
602,377,18,32
601,377,18,32
601,377,18,32
600,377,18,32
600,378,18,32
599,378,18,32
599,378,18,32
598,378,18,32
598,379,18,32
597,379,18,32
597,379,18,32
596,379,18,32
596,379,18,32
595,379,18,32
594,379,18,32
594,379,18,32
593,379,18,32
593,379,18,32
592,379,18,32
591,379,18,32
591,379,18,32
590,379,18,32
590,379,18,32
589,379,18,32
588,379,18,32
588,379,18,32
587,379,18,32
586,379,18,32
586,379,18,32
585,379,18,32
585,379,18,32
584,379,18,32
583,380,18,32
583,380,18,32
582,380,18,32
582,381,18,32
581,381,18,32
581,381,18,32
581,381,18,32
580,382,18,32
580,382,18,32
580,382,18,32
579,382,18,32
579,383,18,32
578,383,18,32
577,383,18,32
577,383,18,32
576,383,18,32
575,383,18,32
575,383,18,32
574,383,18,32
573,383,18,32
573,383,18,32
572,383,18,32
572,383,18,32
571,383,18,32
571,383,18,32
570,383,18,32
570,383,18,32
569,383,18,32
569,383,18,32
569,383,18,32
568,383,18,32
567,383,18,32
567,384,18,32
566,384,18,32
566,384,18,32
565,384,18,32
565,384,18,32
564,384,18,32
564,385,18,32
563,385,18,32
563,385,18,32
562,385,18,32
562,385,18,32
561,385,18,32
560,385,18,32
560,385,18,32
559,385,18,32
559,385,18,32
558,385,18,32
558,385,18,32
557,386,18,32
557,386,18,32
556,386,18,32
555,386,18,32
555,386,18,32
554,386,18,32
553,387,18,32
553,387,18,32
552,387,18,32
552,387,18,32
551,387,18,32
550,387,18,32
549,387,18,32
548,387,18,32
548,387,18,32
547,387,18,32
546,387,18,32
545,387,18,32
545,387,18,32
544,387,18,32
543,387,18,32
543,387,18,32
542,387,18,32
542,388,18,32
541,388,18,32
541,388,18,32
540,388,18,32
540,388,18,32
539,388,18,32
538,389,18,32
538,389,18,32
537,389,18,32
536,389,18,32
536,389,18,32
535,389,18,32
534,389,18,32
534,389,18,32
533,389,18,32
532,389,18,32
532,389,18,32
531,389,18,32
531,390,18,32
530,390,18,32
530,390,18,32
529,390,18,32
529,390,18,32
528,390,18,32
528,391,18,32
527,391,18,32
527,391,18,32
526,391,18,32
526,391,18,32
525,391,18,32
524,391,18,32
524,391,18,32
523,391,18,32
523,391,18,32
522,391,18,32
521,391,18,32
521,391,18,32
520,391,18,32
519,391,18,32
519,391,18,32
518,391,18,32
517,392,18,32
517,392,18,32
516,392,18,32
515,392,18,32
514,392,18,32
514,392,18,32
513,392,18,32
513,393,18,32
513,393,18,32
512,393,18,32
512,393,18,32
511,393,18,32
511,393,18,32
511,393,18,32
510,393,18,32
510,393,18,32
509,393,18,32
509,393,18,32
508,394,18,32
508,394,18,32
507,394,18,32
507,394,18,32
506,394,18,32
506,394,18,32
505,395,18,32
505,395,18,32
504,395,18,32
503,395,18,32
502,395,18,32
502,395,18,32
501,395,18,32
500,395,18,32
500,395,18,32
499,395,18,32
498,395,18,32
498,395,18,32
497,395,18,32
496,395,18,32
496,395,18,32
495,395,18,32
495,395,18,32
494,395,18,32
494,395,18,32
493,395,18,32
493,395,18,32
492,396,18,32
492,396,18,32
491,396,18,32
490,396,18,32
490,396,18,32
489,396,18,32
488,396,18,32
488,397,18,32
487,397,18,32
487,397,18,32
486,397,18,32
486,397,18,32
486,397,18,32
485,398,18,32
485,398,18,32
485,398,18,32
485,398,18,32
484,398,18,32
484,398,18,32
484,398,18,32
484,399,18,32
483,399,18,32
482,399,18,32
482,399,18,32
481,399,18,32
481,399,18,32
480,399,18,32
479,399,18,32
479,399,18,32
478,399,18,32
477,399,18,32
477,399,18,32
477,399,18,32
476,399,18,32
476,400,18,32
475,400,18,32
475,400,18,32
474,400,18,32
474,400,18,32
473,401,18,32
473,401,18,32
472,401,18,32
471,401,18,32
471,402,18,32
470,402,18,32
469,402,18,32
469,402,18,32
468,403,18,32
467,403,18,32
467,403,18,32
466,403,18,32
466,403,18,32
465,404,18,32
465,404,18,32
464,404,18,32
464,404,18,32
464,405,18,32
463,405,18,32
463,405,18,32
462,405,18,32
462,406,18,32
462,406,18,32
462,406,18,32
461,406,18,32
461,406,18,32
461,406,18,32
461,406,18,32
461,406,18,32
461,406,18,32
460,406,18,32
460,406,18,32
460,406,18,32
460,406,18,32
460,406,18,32
459,406,18,32
459,406,18,32
459,406,18,32
459,406,18,32
459,406,18,32
458,406,18,32
458,406,18,32
458,407,18,32
458,407,18,32
457,407,18,32
457,407,18,32
457,407,18,32
456,408,18,32
456,408,18,32
456,408,18,32
455,408,18,32
455,409,18,32
455,409,18,32
454,410,18,32
453,410,18,32
453,410,18,32
452,411,18,32
451,411,18,32
451,412,18,32
450,412,18,32
450,413,18,32
449,413,18,32
449,413,18,32
448,413,18,32
448,413,18,32
448,413,18,32
448,413,18,32
448,413,18,32
447,414,18,32
447,414,18,32
447,414,18,32
447,414,18,32
446,414,18,32
446,414,18,32
446,414,18,32
446,414,18,32
445,414,18,32
445,414,18,32
445,414,18,32
445,414,18,32
445,414,18,32
444,414,18,32
444,414,18,32
444,414,18,32
443,414,18,32
443,414,18,32
442,414,18,32
442,414,18,32
442,414,18,32
441,414,18,32
441,414,18,32
440,414,18,32
440,414,18,32
439,415,18,32
439,415,18,32
438,416,18,32
438,416,18,32
437,417,18,32
437,417,18,32
436,418,18,32
436,418,18,32
435,419,18,32
435,419,18,32
435,419,18,32
435,419,18,32
435,419,18,32
435,420,18,32
435,420,18,32
435,420,18,32
435,420,18,32
435,420,18,32
435,421,18,32
435,421,18,32
436,421,18,32
436,421,18,32
436,421,18,32
436,422,18,32
436,422,18,32
436,422,18,32
436,422,18,32
436,422,18,32
436,423,18,32
436,423,18,32
435,423,18,32
435,423,18,32
435,423,18,32
434,423,18,32
434,423,18,32
434,424,18,32
433,424,18,32
433,424,18,32
433,424,18,32
432,425,18,32
432,425,18,32
432,426,18,32
432,426,18,32
431,427,18,32
431,427,18,32
431,428,18,32
430,428,18,32
430,429,18,32
430,429,18,32
429,430,18,32
429,430,18,32
429,430,18,32
428,430,18,32
428,431,18,32
428,431,18,32
427,431,18,32
427,431,18,32
427,432,18,32
427,432,18,32
426,432,18,32
426,432,18,32
426,432,18,32
426,433,18,32
426,433,18,32
426,433,18,32
425,433,18,32
425,434,18,32
425,434,18,32
425,434,18,32
425,434,18,32
425,434,18,32
425,434,18,32
424,434,18,32
424,434,18,32
424,434,18,32
424,434,18,32
424,434,18,32
424,434,18,32
423,434,18,32
423,434,18,32
423,434,18,32
423,434,18,32
422,434,18,32
422,434,18,32
422,435,18,32
421,435,18,32
421,435,18,32
421,435,18,32
420,435,18,32
420,435,18,32
420,436,18,32
420,437,18,32
420,437,18,32
420,438,18,32
420,439,18,32
420,439,18,32
420,440,18,32
420,440,18,32
420,441,18,32
420,441,18,32
420,441,18,32
419,441,18,32
419,441,18,32
418,441,18,32
418,441,18,32
418,441,18,32
417,441,18,32
417,441,18,32
417,441,18,32
416,441,18,32
416,441,18,32
415,441,18,32
415,442,18,32
415,442,18,32
414,442,18,32
414,442,18,32
413,442,18,32
413,442,18,32
413,443,18,32
