462,116,85,195
467,118,89,194
472,119,94,194
472,119,98,194
474,119,95,194
475,119,92,194
477,120,89,194
478,120,86,194
480,120,83,194
476,120,82,191
473,120,81,189
465,115,82,191
466,116,82,191
468,117,82,191
473,117,82,195
478,117,82,199
482,118,82,199
483,121,82,199
484,125,82,199
486,125,82,199
487,125,82,199
487,125,84,199
487,125,86,199
490,123,86,199
493,122,86,199
493,118,85,202
496,118,85,202
499,118,85,202
500,118,87,196
500,118,91,197
500,118,94,197
507,117,94,197
515,116,94,197
515,116,96,197
516,116,98,198
517,116,99,198
518,116,101,198
518,116,103,200
518,116,105,202
525,120,101,199
533,124,97,195
538,124,96,195
543,125,94,195
556,125,86,194
568,125,87,199
575,125,80,203
582,126,72,207
581,126,76,207
579,126,80,207
576,126,91,206
573,126,103,205
571,127,103,206
568,127,104,207
566,127,105,207
572,128,96,209
577,129,91,207
578,131,79,205
586,131,79,205
593,130,79,205
588,130,84,205
593,130,87,206
593,130,93,206
593,130,99,206
593,130,106,207
590,138,108,200
581,138,112,202
573,138,115,204
574,138,108,203
574,140,117,203
575,142,126,203
575,144,108,203
583,144,106,203
923,242,37,177
910,247,49,184
897,251,61,192
880,243,80,200
862,244,96,199
848,244,110,197
828,251,116,196
825,251,108,194
820,239,96,203
812,239,89,199
797,239,92,198
778,239,92,198
758,239,92,198
744,237,92,198
730,238,97,195
711,238,107,190
684,240,115,194
675,242,108,188
663,242,107,190
654,244,107,190
646,245,107,190
640,238,103,192
643,238,100,190
647,239,100,190
652,239,100,190
659,242,98,190
665,240,97,192
672,238,93,192
676,238,93,192
677,237,93,192
674,238,95,192
670,238,98,192
667,239,98,192
664,240,98,192
661,240,98,192
658,241,98,192
655,241,98,192
646,245,98,192
637,248,98,192
622,248,98,192
617,249,98,192
614,249,98,192
612,254,91,190
600,259,89,185
590,264,89,185
572,264,93,188
564,264,92,188
564,264,91,184
555,261,93,186
555,261,106,186
551,265,110,184
547,270,115,182
547,277,118,182
546,284,120,182
544,287,120,182
543,290,120,182
545,289,115,184
547,287,109,186
554,285,106,189
559,282,107,189
569,289,100,182
569,278,103,185
581,277,97,188
584,276,97,188
592,276,97,188
594,275,97,188
601,275,102,185
603,271,106,185
603,265,121,186
603,259,121,186
608,253,118,185
612,254,115,185
616,255,112,184
624,257,109,184
632,258,106,183
643,262,99,182
650,263,96,182
656,264,93,182
666,265,93,182
666,265,95,183
673,265,100,183
680,265,105,183
680,265,116,184
680,265,123,184
681,268,125,185
684,270,124,184
687,272,123,183
690,275,122,182
703,273,113,185
706,274,106,186
719,273,98,186
732,273,90,186
735,272,90,186
742,272,94,185
746,270,94,185
750,269,94,185
755,267,94,185
757,264,99,185
757,264,106,185
770,262,106,185
770,259,105,182
771,255,105,182
772,254,106,181
777,253,108,182
782,251,110,184
790,251,106,185
797,251,101,185
805,249,98,184
812,248,94,183
817,248,94,183
821,248,94,183
826,248,95,183
831,248,96,183
838,248,96,183
838,248,100,184
838,248,105,184
841,249,105,184
844,250,105,184
839,250,116,183
839,250,119,182
845,250,114,182
851,250,108,181
856,250,102,180
849,248,102,180
841,247,102,180
836,241,98,171
829,241,98,171
821,240,98,171
812,238,98,171
802,237,89,168
788,235,89,168
784,233,87,165
780,232,84,163
781,232,84,163
783,231,84,163
784,230,84,163
790,230,82,155
796,226,83,153
802,221,88,153
807,221,88,153
812,224,88,153
818,227,88,153
819,238,89,151
820,245,88,146
818,255,88,146
816,264,88,146
808,276,88,146
798,290,81,144
782,295,81,144
767,299,81,144
756,297,78,143
735,295,81,144
678,292,71,138
611,285,71,138
558,268,71,138
499,260,67,135
441,251,65,131
389,247,62,119
355,243,62,119
340,241,62,119
327,243,63,118
318,243,63,118
320,243,65,118
321,243,65,118
323,242,65,118
324,242,65,118
325,242,65,118
326,241,65,118
328,237,65,118
332,235,65,118
336,234,65,118
340,232,65,118
341,232,65,118
343,231,65,118
351,235,65,118
360,239,65,118
364,239,65,118
368,239,65,118
376,240,65,118
383,240,65,118
380,239,65,118
378,238,65,118
344,238,65,118
329,238,65,118
313,238,65,118
312,237,65,118
312,235,65,118
312,234,65,118
311,232,65,118
309,230,65,118
307,228,65,118
305,226,65,118
303,224,65,118
301,222,65,118
299,220,65,118
297,218,65,118
297,218,65,118
298,217,65,118
298,217,65,118
298,216,65,118
298,216,65,118
299,215,65,118
299,215,65,118
299,214,65,118
299,214,65,118
299,213,65,118
300,213,65,118
300,213,65,118
301,212,65,118
301,211,65,118
302,210,65,118
303,210,65,118
304,209,65,118
304,209,65,118
305,209,65,118
305,209,65,118
306,209,65,118
307,209,65,118
307,209,65,118
308,209,65,118
309,209,65,118
309,209,65,118
310,209,65,118
310,209,65,118
311,209,65,118
312,209,65,118
312,209,65,118
313,210,65,118
313,210,65,118
314,210,65,118
315,210,65,118
315,210,65,118
316,210,65,118
316,210,65,118
317,210,65,118
318,210,65,118
318,210,65,118
319,210,65,118
319,210,65,118
320,210,65,118
321,210,65,118
321,210,65,118
322,210,65,118
323,210,65,118
323,210,65,118
324,210,65,118
324,210,65,118
325,210,65,118
326,210,65,118
326,211,65,118
327,211,65,118
327,211,65,118
328,211,65,118
329,211,65,118
370,220,65,118
373,221,65,118
375,221,65,118
377,222,65,118
379,223,65,118
381,223,65,118
384,224,65,118
386,225,65,118
388,226,65,118
389,226,65,118
389,226,65,118
390,226,65,118
391,227,65,118
392,227,65,118
392,227,65,118
393,227,65,118
394,228,65,118
395,228,65,118
396,228,65,118
396,228,65,118
397,229,65,118
398,229,65,118
399,229,65,118
399,230,65,118
400,230,65,118
401,230,65,118
402,230,65,118
402,231,65,118
403,231,65,118
404,231,65,118
734,296,38,87
734,296,38,87
734,295,38,87
735,295,38,87
735,295,38,87
737,292,37,91
736,292,37,91
736,292,37,91
735,292,37,91
735,292,37,91
735,292,37,91
734,291,37,91
734,291,37,91
734,291,37,91
734,290,37,91
734,290,37,91
733,289,37,91
733,289,37,90
733,289,37,89
733,289,37,89
733,289,37,88
733,289,37,88
733,290,37,88
734,290,37,88
734,290,37,88
734,290,37,88
734,290,37,88
734,290,37,88
734,290,37,88
734,290,37,88
734,290,37,88
735,290,37,88
735,290,37,88
735,290,37,88
735,290,37,88
735,291,37,88
735,291,37,88
735,291,37,88
736,291,37,88
736,291,37,88
736,291,37,88
736,292,37,88
736,292,37,89
736,292,37,89
736,292,37,89
736,292,37,89
736,292,38,89
736,292,38,88
740,291,39,89
743,289,39,89
747,287,39,89
749,287,39,86
750,287,39,83
753,289,39,85
756,291,39,87
761,292,39,87
762,292,39,87
762,293,39,87
763,292,39,87
763,292,39,87
764,291,39,88
764,291,39,88
764,290,39,88
764,291,39,88
764,291,38,88
764,292,37,88
764,292,37,88
764,291,37,89
763,289,37,90
762,290,37,90
761,290,37,90
760,290,37,90
759,291,37,90
759,291,37,90
760,291,37,90
761,291,37,90
762,292,37,90
762,291,38,90
762,291,38,91
762,290,38,92
761,290,39,92
760,290,40,93
760,290,40,93
760,290,40,93
760,290,40,94
760,290,40,94
760,290,40,94
760,290,40,94
760,290,40,94
760,290,40,95
760,290,40,95
760,290,40,95
761,290,40,94
761,291,40,94
761,291,40,94
762,291,40,93
762,291,40,93
764,292,40,90
765,291,41,91
766,290,41,92
767,290,41,92
769,291,41,92
770,291,41,92
771,291,41,92
773,291,41,92
775,291,41,92
777,291,41,92
779,290,41,92
780,290,41,92
780,289,41,92
781,289,41,92
782,289,41,92
783,289,41,92
784,289,40,91
785,289,40,91
786,289,39,91
786,289,39,91
787,289,39,91
788,289,38,91
788,290,38,90
789,290,37,90
790,290,37,90
790,290,37,90
792,290,35,89
794,290,34,88
796,290,32,88
798,290,34,86
800,289,35,85
803,289,34,84
805,289,33,83
808,289,33,83
808,289,35,81
809,290,35,81
811,290,36,81
812,291,36,81
813,291,36,81
814,292,37,80
815,292,37,80
816,292,37,79
817,293,38,79
818,293,38,78
818,293,34,71
819,293,34,71
820,294,34,71
821,294,34,71
821,294,34,71
822,295,34,70
822,295,33,69
822,295,33,69
823,295,33,68
824,295,31,67
826,293,31,67
827,293,31,65
828,293,31,64
829,294,30,63
830,294,30,63
831,294,30,63
830,294,30,63
830,294,30,63
830,293,30,63
830,293,30,63
830,293,30,63
830,293,30,63
830,293,30,63
830,293,30,63
829,293,30,63
829,293,30,63
829,293,30,63
829,293,30,63
829,293,30,63
