1403,645,89,159
1402,642,89,159
1401,639,89,159
1400,636,89,159
1400,633,89,159
1399,630,89,159
1398,627,89,159
1398,624,89,159
1397,621,89,159
1396,618,89,159
1396,615,91,161
1394,612,91,161
1393,610,91,161
1392,608,91,161
1390,606,91,161
1389,604,91,161
1388,601,91,161
1386,599,91,161
1385,597,91,161
1384,595,91,161
1383,593,96,159
1381,590,96,159
1380,588,96,159
1379,585,96,159
1378,583,96,159
1377,580,96,159
1376,578,96,159
1375,575,96,159
1374,573,96,159
1373,570,96,159
1372,568,98,160
1370,566,98,160
1369,565,98,160
1368,563,98,160
1367,562,98,160
1366,561,98,160
1365,559,98,160
1364,558,98,160
1363,556,98,160
1362,555,98,160
1361,554,98,159
1359,552,98,159
1358,551,98,159
1357,549,98,159
1355,548,98,159
1354,546,98,159
1353,545,98,159
1351,543,98,159
1350,542,98,159
1349,540,98,159
1348,539,99,149
1347,537,99,149
1346,536,99,149
1345,535,99,149
1344,533,99,149
1344,532,99,149
1343,531,99,149
1342,529,99,149
1341,528,99,149
1340,527,99,149
1340,526,99,146
1339,524,99,146
1338,522,99,146
1337,521,99,146
1336,519,99,146
1335,518,99,146
1334,516,99,146
1333,514,99,146
1332,513,99,146
1331,511,99,146
1331,510,98,148
1330,509,98,148
1329,508,98,148
1328,507,98,148
1327,506,98,148
1326,505,98,148
1325,504,98,148
1324,503,98,148
1323,502,98,148
1322,501,98,148
1322,500,96,147
1321,498,96,147
1320,497,96,147
1319,496,96,147
1318,495,96,147
1318,494,96,147
1317,492,96,147
1316,491,96,147
1315,490,96,147
1314,489,96,147
1314,488,90,145
1313,487,90,145
1313,487,90,145
1312,486,90,145
1312,486,90,145
1311,486,90,145
1311,485,90,145
1310,485,90,145
1310,484,90,145
1309,484,90,145
1309,484,97,145
1308,483,97,145
1308,482,97,145
1308,481,97,145
1308,480,97,145
1308,480,97,145
1307,479,97,145
1307,478,97,145
1307,477,97,145
1307,476,97,145
1307,476,93,145
1307,475,93,145
1307,475,93,145
1307,475,93,145
1307,474,93,145
1308,474,93,145
1308,474,93,145
1308,473,93,145
1308,473,93,145
1308,473,93,145
1309,473,87,140
1309,472,87,140
1309,471,87,140
1309,471,87,140
1309,470,87,140
1309,470,87,140
1309,469,87,140
1309,468,87,140
1309,468,87,140
1309,467,87,140
1309,467,87,131
1309,466,87,131
1310,466,87,131
1310,466,87,131
1311,465,87,131
1312,465,87,131
1312,465,87,131
1313,464,87,131
1313,464,87,131
1314,464,87,131
1315,464,75,134
1301,455,75,134
1287,447,75,134
1273,438,75,134
1259,430,75,134
1246,422,75,134
1232,413,75,134
1218,405,75,134
1204,396,75,134
1190,388,75,134
1177,380,76,129
1175,380,76,129
1173,380,76,129
1172,380,76,129
1170,380,76,129
1169,380,76,129
1167,380,76,129
1165,380,76,129
1164,380,76,129
1162,380,76,129
1161,380,76,133
1159,380,76,133
1157,380,76,133
1155,380,76,133
1153,380,76,133
1151,381,76,133
1149,381,76,133
1147,381,76,133
1145,381,76,133
1143,381,76,133
1141,382,81,137
1138,382,81,137
1136,382,81,137
1134,382,81,137
1132,382,81,137
1130,383,81,137
1128,383,81,137
1126,383,81,137
1124,383,81,137
1122,383,81,137
1120,384,80,129
1118,384,80,129
1116,384,80,129
1114,384,80,129
1112,384,80,129
1111,384,80,129
1109,384,80,129
1107,384,80,129
1105,384,80,129
1103,384,80,129
1102,384,80,129
1099,384,80,129
1097,384,80,129
1095,384,80,129
1092,384,80,129
1090,384,80,129
1088,384,80,129
1085,384,80,129
1083,384,80,129
1081,384,80,129
1079,384,80,139
1077,384,80,139
1075,385,80,139
1073,385,80,139
1071,386,80,139
1070,386,80,139
1068,387,80,139
1066,387,80,139
1064,388,80,139
1062,388,80,139
1061,389,82,138
1059,389,82,138
1057,390,82,138
1056,390,82,138
1054,391,82,138
1053,392,82,138
1051,392,82,138
1049,393,82,138
1048,393,82,138
1046,394,82,138
1045,395,80,136
1043,395,80,136
1041,396,80,136
1040,396,80,136
1038,397,80,136
1037,397,80,136
1035,398,80,136
1033,398,80,136
1032,399,80,136
1030,399,80,136
1029,400,81,135
1027,400,81,135
1025,401,81,135
1023,402,81,135
1021,403,81,135
1020,404,81,135
1018,404,81,135
1016,405,81,135
1014,406,81,135
1012,407,81,135
1011,408,81,141
1009,408,81,141
1008,409,81,141
1007,410,81,141
1005,410,81,141
1004,411,81,141
1003,412,81,141
1001,412,81,141
1000,413,81,141
999,414,81,141
998,415,88,138
996,416,88,138
995,417,88,138
993,418,88,138
992,419,88,138
990,421,88,138
989,422,88,138
987,423,88,138
986,424,88,138
984,425,88,138
983,427,88,139
981,428,88,139
980,429,88,139
979,430,88,139
978,431,88,139
977,432,88,139
976,433,88,139
975,434,88,139
974,435,88,139
973,436,88,139
972,437,81,139
970,438,81,139
969,439,81,139
967,440,81,139
966,441,81,139
964,443,81,139
963,444,81,139
961,445,81,139
960,446,81,139
958,447,81,139
957,449,92,143
955,450,92,143
954,451,92,143
953,452,92,143
952,454,92,143
951,455,92,143
950,456,92,143
949,458,92,143
948,459,92,143
947,460,92,143
946,462,89,142
944,462,89,142
943,463,89,142
942,464,89,142
941,465,89,142
940,466,89,142
939,467,89,142
938,468,89,142
937,469,89,142
936,470,89,142
935,471,87,142
933,472,87,142
932,474,87,142
931,476,87,142
930,477,87,142
929,479,87,142
928,481,87,142
927,482,87,142
926,484,87,142
925,486,87,142
924,488,88,145
922,489,88,145
921,490,88,145
920,491,88,145
919,492,88,145
918,494,88,145
917,495,88,145
916,496,88,145
915,497,88,145
914,498,88,145
913,500,89,147
911,502,89,147
910,504,89,147
909,506,89,147
908,508,89,147
907,510,89,147
905,512,89,147
904,514,89,147
903,516,89,147
902,518,89,147
901,521,97,147
900,522,97,147
899,524,97,147
898,525,97,147
898,527,97,147
897,528,97,147
896,530,97,147
896,531,97,147
895,533,97,147
894,534,97,147
894,536,92,144
892,537,92,144
891,539,92,144
890,541,92,144
889,543,92,144
888,545,92,144
887,546,92,144
886,548,92,144
885,550,92,144
884,552,92,144
883,554,90,151
882,555,90,151
881,557,90,151
880,559,90,151
879,561,90,151
878,563,90,151
877,565,90,151
876,567,90,151
875,569,90,151
874,571,90,151
874,573,95,154
872,575,95,154
871,577,95,154
870,580,95,154
869,582,95,154
868,585,95,154
867,587,95,154
866,589,95,154
865,592,95,154
864,594,95,154
863,597,94,154
862,599,94,154
861,602,94,154
860,605,94,154
859,608,94,154
859,611,94,154
858,613,94,154
857,616,94,154
856,619,94,154
855,622,94,154
855,625,94,149
853,627,94,149
852,629,94,149
851,631,94,149
850,633,94,149
849,635,94,149
848,637,94,149
847,639,94,149
846,641,94,149
845,643,94,149
844,645,97,160
843,648,97,160
842,651,97,160
841,654,97,160
840,657,97,160
839,660,97,160
838,663,97,160
837,666,97,160
836,669,97,160
835,672,97,160
835,675,100,154
834,677,100,154
833,679,100,154
832,681,100,154
831,683,100,154
831,686,100,154
830,688,100,154
829,690,100,154
828,692,100,154
827,694,100,154
827,697,102,156
826,698,102,156
825,700,102,156
824,702,102,156
823,704,102,156
822,706,102,156
821,707,102,156
820,709,102,156
819,711,102,156
818,713,102,156
818,715,105,155
817,716,105,155
816,717,105,155
815,718,105,155
815,720,105,155
814,721,105,155
813,722,105,155
813,724,105,155
812,725,105,155
811,726,105,155
811,728,103,156
810,729,103,156
809,730,103,156
809,731,103,156
808,732,103,156
808,733,103,156
807,734,103,156
806,735,103,156
806,736,103,156
805,737,103,156
805,738,101,162
804,738,101,162
803,739,101,162
802,740,101,162
801,740,101,162
800,741,101,162
799,742,101,162
798,742,101,162
797,743,101,162
796,744,101,162
796,745,98,153
795,745,98,153
795,745,98,153
795,745,98,153
795,745,98,153
795,745,98,153
794,745,98,153
794,745,98,153
794,745,98,153
794,745,98,153
794,745,98,157
793,745,98,157
792,745,98,157
791,746,98,157
790,746,98,157
789,747,98,157
788,747,98,157
787,747,98,157
786,748,98,157
785,748,98,157
785,749,93,156
784,748,93,156
784,747,93,156
783,746,93,156
783,745,93,156
783,745,93,156
782,744,93,156
782,743,93,156
781,742,93,156
781,741,93,156
781,741,95,151
780,740,95,151
780,740,95,151
779,740,95,151
779,740,95,151
779,740,95,151
778,739,95,151
778,739,95,151
777,739,95,151
777,739,95,151
777,739,92,151
776,737,92,151
776,736,92,151
776,735,92,151
776,734,92,151
776,733,92,151
776,732,92,151
776,731,92,151
776,730,92,151
776,729,92,151
776,728,89,156
775,726,89,156
775,725,89,156
774,724,89,156
774,723,89,156
774,722,89,156
773,721,89,156
773,720,89,156
772,719,89,156
772,718,89,156
772,717,91,157
771,715,91,157
771,714,91,157
771,713,91,157
771,712,91,157
771,711,91,157
770,710,91,157
770,709,91,157
770,708,91,157
770,707,91,157
770,706,87,154
770,704,87,154
770,703,87,154
770,702,87,154
770,701,87,154
771,700,87,154
771,699,87,154
771,698,87,154
771,697,87,154
771,696,87,154
772,695,87,144
772,693,87,144
772,692,87,144
772,691,87,144
772,690,87,144
772,689,87,144
772,688,87,144
772,687,87,144
772,686,87,144
772,685,87,144
772,684,87,153
772,682,87,153
772,680,87,153
773,678,87,153
773,677,87,153
774,675,87,153
774,673,87,153
774,672,87,153
775,670,87,153
775,668,87,153
776,667,85,161
776,666,85,161
776,665,85,161
776,664,85,161
776,663,85,161
776,662,85,161
776,661,85,161
776,660,85,161
776,659,85,161
776,658,85,161
777,658,88,151
777,657,88,151
778,657,88,151
779,656,88,151
780,656,88,151
781,655,88,151
781,655,88,151
782,654,88,151
783,654,88,151
784,653,88,151
785,653,86,152
785,652,86,152
785,651,86,152
786,650,86,152
786,649,86,152
787,649,86,152
787,648,86,152
787,647,86,152
788,646,86,152
788,645,86,152
789,645,88,159
790,643,88,159
791,642,88,159
792,641,88,159
794,639,88,159
795,638,88,159
796,637,88,159
798,635,88,159
799,634,88,159
800,633,88,159
802,632,87,160
802,631,87,160
802,631,87,160
802,631,87,160
802,631,87,160
803,631,87,160
803,631,87,160
803,631,87,160
803,631,87,160
803,631,87,160
804,631,90,151
804,630,90,151
805,630,90,151
806,629,90,151
807,629,90,151
808,628,90,151
809,628,90,151
810,627,90,151
811,627,90,151
812,626,90,151
813,626,89,158
813,625,89,158
814,625,89,158
814,625,89,158
815,625,89,158
815,625,89,158
816,624,89,158
816,624,89,158
817,624,89,158
817,624,89,158
818,624,90,154
818,624,90,154
819,624,90,154
820,624,90,154
821,624,90,154
822,625,90,154
822,625,90,154
823,625,90,154
824,625,90,154
825,625,90,154
826,626,88,150
826,625,88,150
827,625,88,150
828,624,88,150
828,624,88,150
829,624,88,150
830,623,88,150
830,623,88,150
831,622,88,150
832,622,88,150
833,622,83,154
833,622,83,154
833,622,83,154
833,622,83,154
833,622,83,154
834,622,83,154
834,622,83,154
834,622,83,154
834,622,83,154
834,622,83,154
835,623,85,151
835,623,85,151
835,623,85,151
835,623,85,151
835,623,85,151
836,623,85,151
836,623,85,151
836,623,85,151
836,623,85,151
836,623,85,151
837,623,86,153
837,622,86,153
837,622,86,153
837,622,86,153
837,622,86,153
838,622,86,153
838,621,86,153
838,621,86,153
838,621,86,153
838,621,86,153
839,621,84,157
839,621,84,157
839,621,84,157
839,621,84,157
840,621,84,157
840,621,84,157
840,621,84,157
841,621,84,157
841,621,84,157
841,621,84,157
842,621,83,153
841,621,83,153
841,621,83,153
841,621,83,153
841,621,83,153
841,621,83,153
840,621,83,153
840,621,83,153
840,621,83,153
840,621,83,153
840,621,83,151
840,620,83,151
840,620,83,151
841,620,83,151
841,620,83,151
842,620,83,151
842,619,83,151
842,619,83,151
843,619,83,151
843,619,83,151
844,619,81,151
843,619,81,151
843,619,81,151
842,619,81,151
842,619,81,151
842,619,81,151
841,619,81,151
841,619,81,151
840,619,81,151
840,619,81,151
840,619,87,149
840,619,87,149
840,619,87,149
841,619,87,149
841,619,87,149
842,620,87,149
842,620,87,149
842,620,87,149
843,620,87,149
843,620,87,149
844,621,85,149
844,621,85,149
844,621,85,149
845,621,85,149
845,622,85,149
846,622,85,149
846,622,85,149
846,623,85,149
847,623,85,149
847,623,85,149
848,624,85,148
848,624,85,148
848,624,85,148
848,624,85,148
848,624,85,148
848,625,85,148
848,625,85,148
848,625,85,148
848,625,85,148
848,625,85,148
848,626,85,146
848,626,85,146
848,626,85,146
848,627,85,146
848,627,85,146
849,628,85,146
849,628,85,146
849,628,85,146
849,629,85,146
849,629,85,146
850,630,85,146
850,630,85,146
850,630,85,146
850,630,85,146
851,630,85,146
851,631,85,146
851,631,85,146
852,631,85,146
852,631,85,146
852,631,85,146
853,632,82,148
853,632,82,148
853,633,82,148
853,633,82,148
853,634,82,148
854,635,82,148
854,635,82,148
854,636,82,148
854,636,82,148
854,637,82,148
855,638,80,144
855,638,80,144
855,639,80,144
856,639,80,144
856,640,80,144
857,640,80,144
857,641,80,144
857,641,80,144
858,642,80,144
858,642,80,144
859,643,80,139
859,643,80,139
859,644,80,139
860,644,80,139
860,645,80,139
861,646,80,139
861,646,80,139
861,647,80,139
862,647,80,139
862,648,80,139
863,649,80,145
863,649,80,145
863,649,80,145
863,649,80,145
863,650,80,145
864,650,80,145
864,650,80,145
864,651,80,145
864,651,80,145
864,651,80,145
865,652,78,146
865,652,78,146
866,653,78,146
866,653,78,146
867,654,78,146
867,655,78,146
868,655,78,146
868,656,78,146
869,656,78,146
869,657,78,146
870,658,79,147
870,658,79,147
870,659,79,147
870,660,79,147
870,661,79,147
871,662,79,147
871,663,79,147
871,664,79,147
871,665,79,147
871,666,79,147
872,667,83,142
872,667,83,142
872,668,83,142
872,669,83,142
872,669,83,142
872,670,83,142
872,671,83,142
872,671,83,142
872,672,83,142
872,673,83,142
872,674,85,147
872,674,85,147
872,675,85,147
873,675,85,147
873,676,85,147
874,677,85,147
874,677,85,147
874,678,85,147
875,678,85,147
875,679,85,147
876,680,85,151
876,681,85,151
877,682,85,151
877,683,85,151
878,684,85,151
878,686,85,151
879,687,85,151
879,688,85,151
880,689,85,151
880,690,85,151
881,692,80,145
881,692,80,145
881,693,80,145
881,693,80,145
882,694,80,145
882,694,80,145
882,695,80,145
883,695,80,145
883,696,80,145
883,696,80,145
884,697,81,144
884,697,81,144
884,698,81,144
884,698,81,144
884,699,81,144
884,699,81,144
884,700,81,144
884,700,81,144
884,701,81,144
884,701,81,144
885,702,78,149
885,703,78,149
886,704,78,149
886,705,78,149
887,706,78,149
888,707,78,149
888,708,78,149
889,709,78,149
889,710,78,149
890,711,78,149
891,713,74,143
891,714,74,143
891,715,74,143
891,716,74,143
891,717,74,143
891,718,74,143
891,719,74,143
891,720,74,143
891,721,74,143
891,722,74,143
892,723,79,145
892,723,79,145
892,724,79,145
892,725,79,145
892,726,79,145
893,727,79,145
893,728,79,145
893,729,79,145
893,730,79,145
893,731,79,145
894,732,82,150
894,732,82,150
894,733,82,150
894,734,82,150
894,734,82,150
894,735,82,150
894,736,82,150
894,736,82,150
894,737,82,150
894,738,82,150
894,739,79,151
894,740,79,151
894,742,79,151
895,744,79,151
895,745,79,151
896,747,79,151
896,749,79,151
896,750,79,151
897,752,79,151
897,754,79,151
898,756,82,146
895,760,82,146
892,765,82,146
889,770,82,146
886,775,82,146
884,780,82,146
881,784,82,146
878,789,82,146
875,794,82,146
872,799,82,146
870,804,89,156
869,802,89,156
868,800,89,156
867,798,89,156
866,796,89,156
865,794,89,156
864,792,89,156
863,790,89,156
862,788,89,156
861,786,89,156
861,784,98,157
860,782,98,157
859,780,98,157
858,778,98,157
857,776,98,157
857,774,98,157
856,772,98,157
855,770,98,157
854,768,98,157
853,766,98,157
853,765,100,156
852,762,100,156
851,760,100,156
850,758,100,156
850,756,100,156
849,754,100,156
848,752,100,156
848,750,100,156
847,748,100,156
846,746,100,156
846,744,98,168
845,742,98,168
844,741,98,168
843,739,98,168
842,738,98,168
842,736,98,168
841,735,98,168
840,733,98,168
839,732,98,168
838,730,98,168
838,729,95,159
837,727,95,159
836,726,95,159
835,725,95,159
835,724,95,159
834,723,95,159
833,721,95,159
833,720,95,159
832,719,95,159
831,718,95,159
831,717,98,151
830,715,98,151
829,714,98,151
828,712,98,151
827,711,98,151
826,709,98,151
825,708,98,151
824,706,98,151
823,705,98,151
822,703,98,151
822,702,100,154
821,700,100,154
820,699,100,154
820,697,100,154
819,696,100,154
819,695,100,154
818,693,100,154
817,692,100,154
817,690,100,154
816,689,100,154
816,688,96,153
815,686,96,153
814,684,96,153
813,682,96,153
813,681,96,153
812,679,96,153
811,677,96,153
811,676,96,153
810,674,96,153
809,672,96,153
809,671,101,150
808,669,101,150
808,667,101,150
807,665,101,150
807,664,101,150
807,662,101,150
806,660,101,150
806,659,101,150
805,657,101,150
805,655,101,150
805,654,93,151
804,652,93,151
804,651,93,151
803,650,93,151
803,648,93,151
802,647,93,151
802,646,93,151
801,644,93,151
801,643,93,151
800,642,93,151
800,641,94,145
799,639,94,145
799,637,94,145
799,635,94,145
799,634,94,145
799,632,94,145
798,630,94,145
798,629,94,145
798,627,94,145
798,625,94,145
798,624,88,150
798,622,88,150
798,621,88,150
798,620,88,150
798,618,88,150
798,617,88,150
798,616,88,150
798,614,88,150
798,613,88,150
798,612,88,150
798,611,88,145
798,609,88,145
798,607,88,145
798,605,88,145
798,603,88,145
798,602,88,145
798,600,88,145
798,598,88,145
798,596,88,145
798,594,88,145
798,593,82,142
797,591,82,142
797,590,82,142
797,589,82,142
797,587,82,142
797,586,82,142
796,585,82,142
796,583,82,142
796,582,82,142
796,581,82,142
796,580,84,143
796,578,84,143
796,577,84,143
797,575,84,143
797,574,84,143
798,572,84,143
798,571,84,143
798,569,84,143
799,568,84,143
799,566,84,143
800,565,90,144
801,563,90,144
802,562,90,144
803,560,90,144
804,559,90,144
805,557,90,144
806,556,90,144
807,554,90,144
808,553,90,144
809,551,90,144
811,550,97,144
812,548,97,144
813,546,97,144
815,545,97,144
816,543,97,144
818,542,97,144
819,540,97,144
820,538,97,144
822,537,97,144
823,535,97,144
825,534,104,146
827,532,104,146
829,531,104,146
831,529,104,146
833,528,104,146
835,526,104,146
837,525,104,146
839,523,104,146
841,522,104,146
843,520,104,146
845,519,106,147
846,517,106,147
848,516,106,147
850,514,106,147
852,513,106,147
854,511,106,147
856,510,106,147
858,508,106,147
860,507,106,147
862,505,106,147
864,504,102,156
865,502,102,156
867,500,102,156
869,498,102,156
871,496,102,156
873,494,102,156
874,492,102,156
876,490,102,156
878,488,102,156
880,486,102,156
882,485,92,140
883,483,92,140
884,481,92,140
886,479,92,140
887,477,92,140
889,476,92,140
890,474,92,140
891,472,92,140
893,470,92,140
894,468,92,140
896,467,84,140
896,465,84,140
897,463,84,140
898,462,84,140
898,460,84,140
899,459,84,140
900,457,84,140
900,455,84,140
901,454,84,140
902,452,84,140
903,451,81,143
903,449,81,143
904,448,81,143
904,446,81,143
905,445,81,143
906,444,81,143
906,442,81,143
907,441,81,143
907,439,81,143
908,438,81,143
909,437,79,137
908,435,79,137
908,434,79,137
908,433,79,137
908,432,79,137
908,431,79,137
907,430,79,137
907,429,79,137
907,428,79,137
907,427,79,137
907,426,81,138
906,425,81,138
906,424,81,138
906,423,81,138
906,423,81,138
906,422,81,138
905,421,81,138
905,421,81,138
905,420,81,138
905,419,81,138
905,419,81,141
904,418,81,141
904,417,81,141
904,417,81,141
904,416,81,141
904,416,81,141
903,415,81,141
903,414,81,141
903,414,81,141
903,413,81,141
903,413,83,143
902,412,83,143
902,412,83,143
901,411,83,143
901,411,83,143
900,411,83,143
900,410,83,143
899,410,83,143
899,409,83,143
898,409,83,143
898,409,86,142
898,409,86,142
898,409,86,142
898,409,86,142
898,409,86,142
898,409,86,142
898,409,86,142
898,409,86,142
898,409,86,142
898,409,86,142
898,410,86,137
897,410,86,137
897,410,86,137
896,410,86,137
896,410,86,137
896,411,86,137
895,411,86,137
895,411,86,137
894,411,86,137
894,411,86,137
894,412,84,133
893,412,84,133
893,412,84,133
892,412,84,133
892,412,84,133
892,412,84,133
891,412,84,133
891,412,84,133
890,412,84,133
890,412,84,133
890,413,84,134
890,412,84,134
890,412,84,134
890,412,84,134
890,412,84,134
891,412,84,134
891,412,84,134
891,412,84,134
891,412,84,134
891,412,84,134
892,412,81,135
892,412,81,135
892,412,81,135
892,412,81,135
892,412,81,135
892,412,81,135
892,412,81,135
892,412,81,135
892,412,81,135
892,412,81,135
892,413,82,136
892,413,82,136
892,413,82,136
892,413,82,136
892,413,82,136
893,414,82,136
893,414,82,136
893,414,82,136
893,414,82,136
893,414,82,136
894,415,79,138
894,415,79,138
894,416,79,138
894,416,79,138
894,417,79,138
895,418,79,138
895,418,79,138
895,419,79,138
895,419,79,138
895,420,79,138
896,421,78,137
896,421,78,137
897,421,78,137
897,421,78,137
898,422,78,137
899,422,78,137
899,422,78,137
900,423,78,137
900,423,78,137
901,423,78,137
902,424,74,134
901,424,74,134
901,425,74,134
901,425,74,134
901,426,74,134
901,427,74,134
900,427,74,134
900,428,74,134
900,428,74,134
900,429,74,134
900,430,78,132
900,430,78,132
900,430,78,132
900,431,78,132
900,431,78,132
900,432,78,132
900,432,78,132
900,432,78,132
900,433,78,132
900,433,78,132
901,434,81,136
901,434,81,136
901,435,81,136
902,435,81,136
902,436,81,136
903,436,81,136
903,437,81,136
903,437,81,136
904,438,81,136
904,438,81,136
905,439,79,139
904,439,79,139
904,440,79,139
904,441,79,139
904,442,79,139
904,443,79,139
903,443,79,139
903,444,79,139
903,445,79,139
903,446,79,139
903,447,79,137
903,447,79,137
903,448,79,137
903,448,79,137
903,449,79,137
903,449,79,137
903,450,79,137
903,450,79,137
903,451,79,137
903,451,79,137
903,452,83,146
902,453,83,146
902,454,83,146
902,455,83,146
902,457,83,146
902,458,83,146
901,459,83,146
901,461,83,146
901,462,83,146
901,463,83,146
901,465,85,135
901,466,85,135
901,467,85,135
901,468,85,135
901,469,85,135
901,470,85,135
901,471,85,135
901,472,85,135
901,473,85,135
901,474,85,135
902,476,76,139
901,477,76,139
900,479,76,139
899,480,76,139
898,482,76,139
898,484,76,139
897,485,76,139
896,487,76,139
895,488,76,139
894,490,76,139
894,492,84,141
894,493,84,141
894,494,84,141
894,495,84,141
894,496,84,141
894,498,84,141
894,499,84,141
894,500,84,141
894,501,84,141
894,502,84,141
894,504,80,141
893,505,80,141
893,507,80,141
892,509,80,141
892,510,80,141
892,512,80,141
891,514,80,141
891,515,80,141
890,517,80,141
890,519,80,141
890,521,86,137
889,522,86,137
889,524,86,137
889,525,86,137
889,527,86,137
889,529,86,137
889,530,86,137
889,532,86,137
889,533,86,137
889,535,86,137
889,537,84,137
888,538,84,137
888,539,84,137
887,541,84,137
887,542,84,137
887,544,84,137
886,545,84,137
886,546,84,137
885,548,84,137
885,549,84,137
885,551,84,147
884,552,84,147
884,554,84,147
884,555,84,147
883,557,84,147
883,559,84,147
883,560,84,147
882,562,84,147
882,563,84,147
882,565,84,147
882,567,83,146
881,568,83,146
881,570,83,146
881,572,83,146
881,573,83,146
881,575,83,146
881,577,83,146
881,578,83,146
881,580,83,146
881,582,83,146
881,584,84,145
880,585,84,145
880,586,84,145
880,587,84,145
880,589,84,145
880,590,84,145
879,591,84,145
879,593,84,145
879,594,84,145
879,595,84,145
879,597,84,146
878,598,84,146
878,600,84,146
878,601,84,146
877,603,84,146
877,604,84,146
877,606,84,146
876,607,84,146
876,609,84,146
876,610,84,146
876,612,85,143
875,613,85,143
875,615,85,143
874,616,85,143
874,618,85,143
874,620,85,143
873,621,85,143
873,623,85,143
872,624,85,143
872,626,85,143
872,628,85,152
871,629,85,152
871,630,85,152
870,631,85,152
870,632,85,152
870,633,85,152
869,634,85,152
869,635,85,152
868,636,85,152
868,637,85,152
868,639,85,147
867,640,85,147
866,641,85,147
865,642,85,147
865,644,85,147
864,645,85,147
863,646,85,147
863,648,85,147
862,649,85,147
861,650,85,147
861,652,90,146
860,653,90,146
860,654,90,146
859,655,90,146
859,656,90,146
859,658,90,146
858,659,90,146
858,660,90,146
857,661,90,146
857,662,90,146
857,664,92,149
856,665,92,149
856,666,92,149
855,667,92,149
855,668,92,149
855,670,92,149
854,671,92,149
854,672,92,149
853,673,92,149
853,674,92,149
853,676,96,149
852,677,96,149
852,678,96,149
852,679,96,149
851,680,96,149
851,681,96,149
851,682,96,149
850,683,96,149
850,684,96,149
850,685,96,149
850,686,93,151
849,686,93,151
848,687,93,151
848,688,93,151
847,689,93,151
847,690,93,151
846,691,93,151
845,692,93,151
845,693,93,151
844,694,93,151
844,695,93,152
843,695,93,152
843,696,93,152
843,696,93,152
843,697,93,152
843,698,93,152
842,698,93,152
842,699,93,152
842,699,93,152
842,700,93,152
842,701,89,146
842,701,89,146
842,702,89,146
842,703,89,146
842,704,89,146
842,705,89,146
842,705,89,146
842,706,89,146
842,707,89,146
842,708,89,146
842,709,87,151
841,709,87,151
841,710,87,151
841,711,87,151
840,711,87,151
840,712,87,151
840,713,87,151
839,713,87,151
839,714,87,151
839,715,87,151
839,716,88,148
838,716,88,148
837,717,88,148
836,717,88,148
835,718,88,148
835,718,88,148
834,719,88,148
833,719,88,148
832,720,88,148
831,720,88,148
831,721,91,149
830,721,91,149
830,721,91,149
830,722,91,149
830,722,91,149
830,723,91,149
829,723,91,149
829,723,91,149
829,724,91,149
829,724,91,149
829,725,96,151
828,725,96,151
828,725,96,151
827,725,96,151
827,725,96,151
827,726,96,151
826,726,96,151
826,726,96,151
825,726,96,151
825,726,96,151
825,727,89,149
825,726,89,149
825,726,89,149
825,725,89,149
825,725,89,149
825,725,89,149
825,724,89,149
825,724,89,149
825,723,89,149
825,723,89,149
826,723,86,151
825,723,86,151
825,723,86,151
825,723,86,151
825,723,86,151
825,723,86,151
824,723,86,151
824,723,86,151
824,723,86,151
824,723,86,151
824,723,86,153
823,722,86,153
823,722,86,153
823,721,86,153
823,721,86,153
823,721,86,153
823,720,86,153
823,720,86,153
823,719,86,153
823,719,86,153
823,719,81,151
822,718,81,151
822,718,81,151
821,718,81,151
821,717,81,151
820,717,81,151
820,717,81,151
819,716,81,151
819,716,81,151
818,716,81,151
818,716,90,154
818,715,90,154
818,714,90,154
818,713,90,154
818,712,90,154
819,712,90,154
819,711,90,154
819,710,90,154
819,709,90,154
819,708,90,154
820,708,90,156
820,707,90,156
820,706,90,156
820,705,90,156
821,704,90,156
821,704,90,156
821,703,90,156
822,702,90,156
822,701,90,156
822,700,90,156
823,700,81,153
823,699,81,153
823,698,81,153
823,697,81,153
823,696,81,153
823,695,81,153
823,694,81,153
823,693,81,153
823,692,81,153
823,691,81,153
824,691,88,150
824,690,88,150
824,689,88,150
824,688,88,150
824,687,88,150
825,686,88,150
825,685,88,150
825,684,88,150
825,683,88,150
825,682,88,150
826,681,84,150
826,680,84,150
826,679,84,150
826,678,84,150
826,677,84,150
826,677,84,150
826,676,84,150
826,675,84,150
826,674,84,150
826,673,84,150
827,673,85,150
827,672,85,150
827,671,85,150
827,670,85,150
827,669,85,150
828,668,85,150
828,667,85,150
828,666,85,150
828,665,85,150
828,664,85,150
829,663,83,148
829,661,83,148
830,660,83,148
830,659,83,148
831,658,83,148
831,657,83,148
832,656,83,148
832,655,83,148
833,654,83,148
833,653,83,148
834,652,80,148
833,651,80,148
833,650,80,148
833,649,80,148
833,649,80,148
833,648,80,148
833,647,80,148
833,647,80,148
833,646,80,148
833,645,80,148
833,645,81,149
833,644,81,149
833,644,81,149
834,643,81,149
834,643,81,149
835,642,81,149
835,642,81,149
835,641,81,149
836,641,81,149
836,640,81,149
837,640,81,144
843,613,81,144
850,586,81,144
857,559,81,144
864,533,81,144
871,506,81,144
877,479,81,144
884,453,81,144
891,426,81,144
898,399,81,144
905,373,81,136
904,373,81,136
904,373,81,136
903,373,81,136
903,373,81,136
903,373,81,136
902,373,81,136
902,373,81,136
901,373,81,136
901,373,81,136
901,374,87,131
900,373,87,131
900,372,87,131
900,371,87,131
900,371,87,131
900,370,87,131
900,369,87,131
900,369,87,131
900,368,87,131
900,367,87,131
900,367,86,140
899,367,86,140
898,368,86,140
898,368,86,140
897,369,86,140
897,370,86,140
896,370,86,140
895,371,86,140
895,371,86,140
894,372,86,140
894,373,86,136
893,372,86,136
893,372,86,136
893,372,86,136
893,372,86,136
893,372,86,136
892,371,86,136
892,371,86,136
892,371,86,136
892,371,86,136
892,371,81,140
891,371,81,140
890,371,81,140
889,372,81,140
889,372,81,140
888,373,81,140
887,373,81,140
887,373,81,140
886,374,81,140
885,374,81,140
885,375,86,140
885,375,86,140
885,375,86,140
885,375,86,140
885,376,86,140
885,376,86,140
885,376,86,140
885,377,86,140
885,377,86,140
885,377,86,140
885,378,82,137
884,378,82,137
883,378,82,137
883,379,82,137
882,379,82,137
882,380,82,137
881,380,82,137
880,380,82,137
880,381,82,137
879,381,82,137
879,382,86,137
878,382,86,137
878,383,86,137
877,384,86,137
877,384,86,137
876,385,86,137
876,386,86,137
875,386,86,137
875,387,86,137
874,388,86,137
874,389,91,140
873,389,91,140
873,389,91,140
872,390,91,140
872,390,91,140
872,391,91,140
871,391,91,140
871,391,91,140
870,392,91,140
870,392,91,140
870,393,83,138
869,393,83,138
869,394,83,138
868,395,83,138
868,396,83,138
867,397,83,138
867,398,83,138
866,399,83,138
866,400,83,138
865,401,83,138
865,402,90,141
864,403,90,141
863,404,90,141
863,405,90,141
862,406,90,141
862,407,90,141
861,408,90,141
860,409,90,141
860,410,90,141
859,411,90,141
859,412,90,143
858,413,90,143
857,414,90,143
857,415,90,143
856,416,90,143
856,417,90,143
855,418,90,143
854,419,90,143
854,420,90,143
853,421,90,143
853,423,90,141
852,424,90,141
852,425,90,141
852,426,90,141
851,427,90,141
851,429,90,141
851,430,90,141
850,431,90,141
850,432,90,141
850,433,90,141
850,435,89,139
849,436,89,139
849,437,89,139
848,438,89,139
848,439,89,139
848,440,89,139
847,441,89,139
847,442,89,139
846,443,89,139
846,444,89,139
846,445,91,145
845,446,91,145
844,448,91,145
843,449,91,145
842,451,91,145
842,452,91,145
841,454,91,145
840,455,91,145
839,457,91,145
838,458,91,145
838,460,89,145
837,460,89,145
837,461,89,145
836,462,89,145
836,463,89,145
835,464,89,145
835,465,89,145
834,466,89,145
834,467,89,145
833,468,89,145
833,469,89,144
832,470,89,144
832,471,89,144
831,472,89,144
831,473,89,144
831,474,89,144
830,475,89,144
830,476,89,144
829,477,89,144
829,478,89,144
829,480,94,143
828,481,94,143
828,482,94,143
827,483,94,143
827,484,94,143
826,485,94,143
826,486,94,143
825,487,94,143
825,488,94,143
824,489,94,143
824,491,92,148
823,492,92,148
823,493,92,148
822,494,92,148
822,495,92,148
822,496,92,148
821,497,92,148
821,498,92,148
820,499,92,148
820,500,92,148
820,502,86,143
819,503,86,143
818,504,86,143
817,505,86,143
816,506,86,143
815,507,86,143
814,508,86,143
813,509,86,143
812,510,86,143
811,511,86,143
811,512,91,148
810,512,91,148
810,513,91,148
809,514,91,148
809,514,91,148
809,515,91,148
808,516,91,148
808,516,91,148
807,517,91,148
807,518,91,148
807,519,91,145
806,520,91,145
806,521,91,145
805,522,91,145
805,523,91,145
805,525,91,145
804,526,91,145
804,527,91,145
803,528,91,145
803,529,91,145
803,531,87,145
802,531,87,145
801,532,87,145
801,533,87,145
800,533,87,145
800,534,87,145
799,535,87,145
798,535,87,145
798,536,87,145
797,537,87,145
797,538,85,146
796,539,85,146
796,540,85,146
795,541,85,146
795,542,85,146
794,543,85,146
794,544,85,146
793,545,85,146
793,546,85,146
792,547,85,146
792,549,84,147
791,549,84,147
791,550,84,147
791,550,84,147
790,551,84,147
790,552,84,147
790,552,84,147
789,553,84,147
789,553,84,147
789,554,84,147
789,555,85,147
788,555,85,147
787,556,85,147
786,557,85,147
785,557,85,147
785,558,85,147
784,559,85,147
783,559,85,147
782,560,85,147
781,561,85,147
781,562,90,151
780,562,90,151
780,563,90,151
779,564,90,151
779,565,90,151
778,566,90,151
778,567,90,151
777,568,90,151
777,569,90,151
776,570,90,151
776,571,85,148
775,571,85,148
774,572,85,148
773,573,85,148
772,573,85,148
771,574,85,148
770,575,85,148
769,575,85,148
768,576,85,148
767,577,85,148
766,578,89,147
765,578,89,147
765,578,89,147
765,578,89,147
765,579,89,147
765,579,89,147
765,579,89,147
765,580,89,147
765,580,89,147
765,580,89,147
765,581,88,146
764,581,88,146
764,581,88,146
764,581,88,146
764,581,88,146
764,581,88,146
763,581,88,146
763,581,88,146
763,581,88,146
763,581,88,146
763,582,96,149
761,583,96,149
759,585,96,149
757,587,96,149
755,589,96,149
753,591,96,149
751,593,96,149
749,595,96,149
747,597,96,149
745,599,96,149
744,601,93,152
743,601,93,152
742,602,93,152
741,603,93,152
740,604,93,152
739,605,93,152
738,606,93,152
737,607,93,152
736,608,93,152
735,609,93,152
735,610,90,150
734,611,90,150
733,612,90,150
733,613,90,150
732,614,90,150
732,615,90,150
731,616,90,150
730,617,90,150
730,618,90,150
729,619,90,150
729,621,85,147
728,622,85,147
728,624,85,147
728,625,85,147
728,627,85,147
728,629,85,147
727,630,85,147
727,632,85,147
727,633,85,147
727,635,85,147
727,637,85,145
726,638,85,145
725,640,85,145
724,642,85,145
724,643,85,145
723,645,85,145
722,647,85,145
722,648,85,145
721,650,85,145
720,652,85,145
720,654,94,146
719,655,94,146
719,656,94,146
719,658,94,146
718,659,94,146
718,661,94,146
718,662,94,146
717,663,94,146
717,665,94,146
717,666,94,146
717,668,85,149
716,669,85,149
716,671,85,149
716,673,85,149
715,675,85,149
715,677,85,149
715,678,85,149
714,680,85,149
714,682,85,149
714,684,85,149
714,686,82,151
713,688,82,151
713,690,82,151
713,692,82,151
712,694,82,151
712,696,82,151
712,698,82,151
711,700,82,151
711,702,82,151
711,704,82,151
711,706,85,147
711,708,85,147
711,710,85,147
711,712,85,147
711,714,85,147
711,716,85,147
711,718,85,147
711,720,85,147
711,722,85,147
711,724,85,147
711,726,95,146
711,728,95,146
711,730,95,146
711,732,95,146
711,734,95,146
711,736,95,146
711,738,95,146
711,740,95,146
711,742,95,146
711,744,95,146
712,747,88,143
712,748,88,143
712,750,88,143
712,752,88,143
712,754,88,143
713,756,88,143
713,757,88,143
713,759,88,143
713,761,88,143
713,763,88,143
714,765,88,150
714,766,88,150
714,768,88,150
714,770,88,150
715,771,88,150
715,773,88,150
715,775,88,150
716,776,88,150
716,778,88,150
716,780,88,150
717,782,89,149
717,784,89,149
717,786,89,149
717,788,89,149
717,790,89,149
717,792,89,149
717,794,89,149
717,796,89,149
717,798,89,149
717,800,89,149
718,802,88,153
718,803,88,153
718,805,88,153
718,807,88,153
718,809,88,153
718,811,88,153
718,813,88,153
718,815,88,153
718,817,88,153
718,819,88,153
718,821,94,149
718,822,94,149
719,824,94,149
720,826,94,149
721,827,94,149
722,829,94,149
723,831,94,149
724,832,94,149
725,834,94,149
726,836,94,149
727,838,93,152
727,839,93,152
728,841,93,152
728,843,93,152
729,844,93,152
730,846,93,152
730,848,93,152
731,849,93,152
731,851,93,152
732,853,93,152
733,855,94,160
733,856,94,160
733,858,94,160
734,860,94,160
734,862,94,160
735,864,94,160
735,865,94,160
735,867,94,160
736,869,94,160
736,871,94,160
737,873,90,160
737,873,90,160
738,874,90,160
739,875,90,160
740,876,90,160
741,877,90,160
742,878,90,160
743,879,90,160
744,880,90,160
745,881,90,160
746,882,89,157
746,883,89,157
747,884,89,157
747,885,89,157
748,886,89,157
749,887,89,157
749,888,89,157
750,889,89,157
750,890,89,157
751,891,89,157
752,893,87,163
752,894,87,163
752,895,87,163
752,896,87,163
753,897,87,163
753,898,87,163
753,899,87,163
754,900,87,163
754,901,87,163
754,902,87,163
755,904,90,158
755,904,90,158
755,905,90,158
756,905,90,158
756,906,90,158
757,907,90,158
757,907,90,158
757,908,90,158
758,908,90,158
758,909,90,158
759,910,90,156
759,910,90,156
759,910,90,156
759,911,90,156
759,911,90,156
759,912,90,156
759,912,90,156
759,912,90,156
759,913,90,156
759,913,90,156
759,914,92,156
759,913,92,156
760,913,92,156
760,912,92,156
761,912,92,156
761,912,92,156
762,911,92,156
762,911,92,156
763,910,92,156
763,910,92,156
764,910,91,158
763,910,91,158
763,910,91,158
763,910,91,158
762,910,91,158
762,910,91,158
762,910,91,158
761,910,91,158
761,910,91,158
761,910,91,158
761,910,92,156
760,909,92,156
759,909,92,156
759,909,92,156
758,908,92,156
758,908,92,156
757,908,92,156
756,907,92,156
756,907,92,156
755,907,92,156
755,907,92,159
755,906,92,159
755,905,92,159
755,905,92,159
755,904,92,159
755,904,92,159
755,903,92,159
755,902,92,159
755,902,92,159
755,901,92,159
756,901,89,157
755,900,89,157
755,899,89,157
754,898,89,157
754,897,89,157
754,896,89,157
753,895,89,157
753,894,89,157
752,893,89,157
752,892,89,157
752,892,89,159
751,890,89,159
751,889,89,159
751,888,89,159
751,886,89,159
751,885,89,159
750,884,89,159
750,882,89,159
750,881,89,159
750,880,89,159
750,879,87,156
749,877,87,156
749,876,87,156
749,875,87,156
749,874,87,156
749,873,87,156
748,872,87,156
748,871,87,156
748,870,87,156
748,869,87,156
748,868,87,153
747,866,87,153
747,864,87,153
746,862,87,153
746,861,87,153
746,859,87,153
745,857,87,153
745,856,87,153
744,854,87,153
744,852,87,153
744,851,95,151
744,849,95,151
744,848,95,151
744,846,95,151
744,845,95,151
744,843,95,151
744,842,95,151
744,840,95,151
744,839,95,151
744,837,95,151
744,836,85,156
743,834,85,156
743,832,85,156
743,830,85,156
743,828,85,156
743,827,85,156
742,825,85,156
742,823,85,156
742,821,85,156
742,819,85,156
742,818,85,158
741,816,85,158
741,814,85,158
741,812,85,158
741,811,85,158
741,809,85,158
740,807,85,158
740,806,85,158
740,804,85,158
740,802,85,158
740,801,87,152
739,798,87,152
739,796,87,152
739,794,87,152
739,792,87,152
739,790,87,152
738,787,87,152
738,785,87,152
738,783,87,152
738,781,87,152
738,779,91,150
738,776,91,150
738,774,91,150
738,772,91,150
738,770,91,150
738,768,91,150
738,766,91,150
738,764,91,150
738,762,91,150
738,760,91,150
738,758,87,147
738,755,87,147
738,753,87,147
738,751,87,147
738,749,87,147
738,747,87,147
738,744,87,147
738,742,87,147
738,740,87,147
738,738,87,147
738,736,85,146
738,733,85,146
738,731,85,146
738,729,85,146
738,727,85,146
738,725,85,146
738,722,85,146
738,720,85,146
738,718,85,146
738,716,85,146
738,714,84,142
737,711,84,142
737,709,84,142
737,706,84,142
737,704,84,142
737,702,84,142
737,699,84,142
737,697,84,142
737,694,84,142
737,692,84,142
737,690,83,143
737,687,83,143
737,685,83,143
737,683,83,143
737,681,83,143
737,679,83,143
737,676,83,143
737,674,83,143
737,672,83,143
737,670,83,143
737,668,83,141
736,665,83,141
736,663,83,141
735,661,83,141
735,658,83,141
735,656,83,141
734,654,83,141
734,651,83,141
733,649,83,141
733,647,83,141
733,645,83,141
732,643,83,141
732,641,83,141
732,640,83,141
732,638,83,141
732,637,83,141
731,635,83,141
731,633,83,141
731,632,83,141
731,630,83,141
731,629,87,139
730,627,87,139
730,625,87,139
730,623,87,139
730,621,87,139
730,619,87,139
729,617,87,139
729,615,87,139
729,613,87,139
729,611,87,139
729,610,85,143
729,608,85,143
729,606,85,143
729,604,85,143
729,602,85,143
729,600,85,143
729,598,85,143
729,596,85,143
729,594,85,143
729,592,85,143
729,590,83,147
729,588,83,147
729,587,83,147
729,586,83,147
729,585,83,147
730,584,83,147
730,582,83,147
730,581,83,147
730,580,83,147
730,579,83,147
731,578,79,143
731,577,79,143
731,576,79,143
731,575,79,143
731,574,79,143
731,573,79,143
731,572,79,143
731,571,79,143
731,570,79,143
731,569,79,143
731,569,81,142
731,567,81,142
731,566,81,142
731,565,81,142
731,564,81,142
732,563,81,142
732,562,81,142
732,561,81,142
732,560,81,142
732,559,81,142
733,558,75,142
733,556,75,142
733,555,75,142
733,554,75,142
733,553,75,142
733,552,75,142
733,551,75,142
733,550,75,142
733,549,75,142
733,548,75,142
733,547,79,141
724,554,79,141
715,561,79,141
706,569,79,141
697,576,79,141
688,584,79,141
679,591,79,141
670,598,79,141
661,606,79,141
652,613,79,141
644,621,81,141
644,619,81,141
644,617,81,141
645,615,81,141
645,613,81,141
646,612,81,141
646,610,81,141
646,608,81,141
647,606,81,141
647,604,81,141
648,603,75,144
648,601,75,144
648,600,75,144
648,598,75,144
648,597,75,144
648,595,75,144
648,594,75,144
648,592,75,144
648,591,75,144
648,589,75,144
648,588,83,145
648,586,83,145
649,585,83,145
649,583,83,145
650,582,83,145
650,581,83,145
651,579,83,145
651,578,83,145
652,576,83,145
652,575,83,145
653,574,92,141
654,572,92,141
655,570,92,141
656,568,92,141
657,567,92,141
658,565,92,141
659,563,92,141
660,562,92,141
661,560,92,141
662,558,92,141
663,557,86,139
664,555,86,139
665,554,86,139
666,552,86,139
668,551,86,139
669,549,86,139
670,548,86,139
672,546,86,139
673,545,86,139
674,543,86,139
676,542,81,134
676,539,81,134
676,537,81,134
676,535,81,134
676,533,81,134
676,531,81,134
676,528,81,134
676,526,81,134
676,524,81,134
676,522,81,134
677,520,88,136
677,518,88,136
677,516,88,136
678,514,88,136
678,512,88,136
679,510,88,136
679,508,88,136
679,506,88,136
680,504,88,136
680,502,88,136
681,501,82,140
680,499,82,140
680,498,82,140
679,496,82,140
679,495,82,140
679,493,82,140
678,492,82,140
678,490,82,140
677,489,82,140
677,487,82,140
677,486,82,143
676,484,82,143
676,482,82,143
675,480,82,143
675,478,82,143
674,477,82,143
674,475,82,143
673,473,82,143
673,471,82,143
672,469,82,143
672,468,83,143
671,466,83,143
670,465,83,143
670,463,83,143
669,462,83,143
669,460,83,143
668,459,83,143
667,457,83,143
667,456,83,143
666,454,83,143
666,453,87,143
665,451,87,143
665,450,87,143
664,449,87,143
664,447,87,143
663,446,87,143
663,445,87,143
662,443,87,143
662,442,87,143
661,441,87,143
661,440,84,140
660,438,84,140
659,436,84,140
658,435,84,140
657,433,84,140
657,432,84,140
656,430,84,140
655,428,84,140
654,427,84,140
653,425,84,140
653,424,90,142
652,422,90,142
652,421,90,142
652,419,90,142
652,418,90,142
652,416,90,142
651,415,90,142
651,413,90,142
651,412,90,142
651,410,90,142
651,409,80,140
650,407,80,140
650,406,80,140
650,405,80,140
650,404,80,140
650,403,80,140
650,402,80,140
650,401,80,140
650,400,80,140
650,399,80,140
650,398,81,133
649,396,81,133
649,395,81,133
648,393,81,133
648,392,81,133
648,391,81,133
647,389,81,133
647,388,81,133
646,386,81,133
646,385,81,133
646,384,85,141
646,383,85,141
646,382,85,141
646,381,85,141
646,381,85,141
646,380,85,141
646,379,85,141
646,379,85,141
646,378,85,141
646,377,85,141
646,377,77,130
646,375,77,130
646,374,77,130
646,373,77,130
646,371,77,130
646,370,77,130
646,369,77,130
646,367,77,130
646,366,77,130
646,365,77,130
646,364,76,132
646,362,76,132
646,361,76,132
646,360,76,132
646,358,76,132
647,357,76,132
647,356,76,132
647,354,76,132
647,353,76,132
647,352,76,132
648,351,74,133
648,350,74,133
648,349,74,133
648,348,74,133
648,348,74,133
648,347,74,133
648,346,74,133
648,346,74,133
648,345,74,133
648,344,74,133
648,344,75,134
648,342,75,134
648,341,75,134
648,340,75,134
648,339,75,134
648,338,75,134
648,336,75,134
648,335,75,134
648,334,75,134
648,333,75,134
648,332,75,132
648,331,75,132
648,330,75,132
648,329,75,132
648,328,75,132
649,327,75,132
649,326,75,132
649,325,75,132
649,324,75,132
649,323,75,132
650,322,72,133
650,321,72,133
650,320,72,133
650,319,72,133
650,318,72,133
651,317,72,133
651,316,72,133
651,315,72,133
651,314,72,133
651,313,72,133
652,313,71,132
652,311,71,132
652,310,71,132
652,309,71,132
652,308,71,132
652,307,71,132
652,305,71,132
652,304,71,132
652,303,71,132
652,302,71,132
652,301,75,142
652,300,75,142
652,300,75,142
652,300,75,142
653,299,75,142
653,299,75,142
653,299,75,142
654,298,75,142
654,298,75,142
654,298,75,142
655,298,78,133
655,297,78,133
656,296,78,133
656,295,78,133
657,294,78,133
658,293,78,133
658,292,78,133
659,291,78,133
659,290,78,133
660,289,78,133
661,289,72,142
661,288,72,142
661,287,72,142
661,286,72,142
661,285,72,142
662,285,72,142
662,284,72,142
662,283,72,142
662,282,72,142
662,281,72,142
663,281,76,132
663,280,76,132
664,279,76,132
664,278,76,132
665,277,76,132
665,276,76,132
666,275,76,132
666,274,76,132
667,273,76,132
667,272,76,132
668,272,71,133
668,270,71,133
669,269,71,133
670,268,71,133
670,267,71,133
671,266,71,133
672,265,71,133
672,264,71,133
673,263,71,133
674,262,71,133
675,261,84,131
675,259,84,131
676,258,84,131
676,257,84,131
677,256,84,131
678,255,84,131
678,254,84,131
679,253,84,131
679,252,84,131
680,251,84,131
681,250,88,134
682,249,88,134
683,248,88,134
684,247,88,134
686,246,88,134
687,245,88,134
688,244,88,134
690,243,88,134
691,242,88,134
692,241,88,134
694,241,84,133
695,239,84,133
696,238,84,133
697,237,84,133
699,236,84,133
700,235,84,133
701,233,84,133
703,232,84,133
704,231,84,133
705,230,84,133
707,229,79,129
707,227,79,129
708,226,79,129
709,225,79,129
710,224,79,129
711,223,79,129
712,222,79,129
713,221,79,129
714,220,79,129
715,219,79,129
716,218,84,133
716,217,84,133
717,216,84,133
718,215,84,133
719,214,84,133
720,213,84,133
721,212,84,133
722,211,84,133
723,210,84,133
724,209,84,133
725,209,85,132
726,208,85,132
727,207,85,132
728,207,85,132
729,206,85,132
730,206,85,132
731,205,85,132
732,204,85,132
733,204,85,132
734,203,85,132
735,203,79,124
735,202,79,124
736,202,79,124
737,201,79,124
737,201,79,124
738,200,79,124
739,200,79,124
739,199,79,124
740,199,79,124
741,198,79,124
742,198,76,129
742,197,76,129
742,197,76,129
742,197,76,129
742,197,76,129
742,197,76,129
742,196,76,129
742,196,76,129
742,196,76,129
742,196,76,129
742,196,78,127
742,195,78,127
742,195,78,127
743,194,78,127
743,194,78,127
744,194,78,127
744,193,78,127
744,193,78,127
745,192,78,127
745,192,78,127
746,192,74,133
745,192,74,133
745,192,74,133
745,192,74,133
745,192,74,133
745,193,74,133
744,193,74,133
744,193,74,133
744,193,74,133
744,193,74,133
744,194,76,131
743,194,76,131
743,195,76,131
742,196,76,131
742,197,76,131
742,198,76,131
741,198,76,131
741,199,76,131
740,200,76,131
740,201,76,131
740,202,80,129
739,202,80,129
739,202,80,129
739,203,80,129
739,203,80,129
739,204,80,129
738,204,80,129
738,204,80,129
738,205,80,129
738,205,80,129
738,206,80,141
737,207,80,141
737,208,80,141
737,209,80,141
736,210,80,141
736,211,80,141
736,212,80,141
735,213,80,141
735,214,80,141
735,215,80,141
735,216,79,137
734,217,79,137
733,218,79,137
733,219,79,137
732,221,79,137
732,222,79,137
731,223,79,137
730,225,79,137
730,226,79,137
729,227,79,137
729,229,79,137
728,230,79,137
728,231,79,137
727,232,79,137
727,234,79,137
727,235,79,137
726,236,79,137
726,238,79,137
725,239,79,137
725,240,79,137
725,242,81,136
724,243,81,136
724,245,81,136
724,247,81,136
723,248,81,136
723,250,81,136
723,252,81,136
722,253,81,136
722,255,81,136
722,257,81,136
722,259,78,137
721,261,78,137
720,263,78,137
719,265,78,137
718,267,78,137
718,269,78,137
717,271,78,137
716,273,78,137
715,275,78,137
714,277,78,137
714,279,80,138
713,280,80,138
713,282,80,138
713,284,80,138
713,285,80,138
713,287,80,138
713,289,80,138
713,290,80,138
713,292,80,138
713,294,80,138
713,296,75,133
712,297,75,133
711,299,75,133
711,301,75,133
710,303,75,133
710,305,75,133
709,307,75,133
708,309,75,133
708,311,75,133
707,313,75,133
707,315,79,134
706,316,79,134
706,318,79,134
705,320,79,134
705,322,79,134
705,324,79,134
704,325,79,134
704,327,79,134
703,329,79,134
703,331,79,134
703,333,77,125
702,334,77,125
702,335,77,125
702,336,77,125
701,337,77,125
701,338,77,125
701,339,77,125
700,340,77,125
700,341,77,125
700,342,77,125
700,344,80,134
700,344,80,134
700,345,80,134
700,345,80,134
700,346,80,134
700,346,80,134
700,347,80,134
700,347,80,134
700,348,80,134
700,348,80,134
700,349,74,133
700,349,74,133
700,350,74,133
700,350,74,133
700,351,74,133
700,351,74,133
700,352,74,133
700,352,74,133
700,353,74,133
700,353,74,133
700,354,72,130
699,353,72,130
699,353,72,130
698,352,72,130
698,352,72,130
698,351,72,130
697,351,72,130
697,350,72,130
696,350,72,130
696,349,72,130
696,349,75,132
695,348,75,132
694,348,75,132
694,347,75,132
693,347,75,132
693,347,75,132
692,346,75,132
691,346,75,132
691,345,75,132
690,345,75,132
690,345,79,133
689,344,79,133
689,343,79,133
688,342,79,133
688,341,79,133
687,341,79,133
687,340,79,133
686,339,79,133
686,338,79,133
685,337,79,133
685,337,88,131
685,336,88,131
685,335,88,131
685,334,88,131
685,334,88,131
686,333,88,131
686,332,88,131
686,332,88,131
686,331,88,131
686,330,88,131
687,330,76,132
686,329,76,132
686,328,76,132
686,327,76,132
686,326,76,132
686,326,76,132
686,325,76,132
686,324,76,132
686,323,76,132
686,322,76,132
686,322,75,133
685,321,75,133
685,320,75,133
684,319,75,133
684,318,75,133
683,317,75,133
683,316,75,133
682,315,75,133
682,314,75,133
681,313,75,133
681,313,66,126
680,311,66,126
680,310,66,126
679,309,66,126
679,307,66,126
678,306,66,126
678,305,66,126
677,303,66,126
677,302,66,126
676,301,66,126
676,300,75,123
675,299,75,123
674,298,75,123
673,297,75,123
672,296,75,123
671,295,75,123
670,294,75,123
669,293,75,123
668,292,75,123
667,291,75,123
666,291,83,130
666,289,83,130
666,288,83,130
666,287,83,130
666,285,83,130
666,284,83,130
666,283,83,130
666,281,83,130
666,280,83,130
666,279,83,130
667,278,79,135
666,276,79,135
665,275,79,135
665,273,79,135
664,272,79,135
664,270,79,135
663,269,79,135
662,267,79,135
662,266,79,135
661,264,79,135
661,263,80,139
661,261,80,139
661,260,80,139
661,259,80,139
661,258,80,139
662,257,80,139
662,256,80,139
662,255,80,139
662,254,80,139
662,253,80,139
663,252,77,136
662,250,77,136
661,248,77,136
660,246,77,136
659,245,77,136
658,243,77,136
657,241,77,136
656,240,77,136
655,238,77,136
654,236,77,136
653,235,82,145
652,233,82,145
652,232,82,145
652,231,82,145
652,230,82,145
652,229,82,145
652,228,82,145
652,227,82,145
652,226,82,145
652,225,82,145
652,224,75,148
651,222,75,148
651,221,75,148
650,220,75,148
650,218,75,148
650,217,75,148
649,216,75,148
649,214,75,148
648,213,75,148
648,212,75,148
648,211,81,153
648,210,81,153
648,209,81,153
648,208,81,153
648,208,81,153
648,207,81,153
648,206,81,153
648,206,81,153
648,205,81,153
648,204,81,153
649,204,78,145
648,202,78,145
648,201,78,145
647,200,78,145
647,199,78,145
647,198,78,145
646,197,78,145
646,196,78,145
645,195,78,145
645,194,78,145
645,193,77,140
643,192,77,140
642,191,77,140
641,191,77,140
640,190,77,140
639,190,77,140
637,189,77,140
636,188,77,140
635,188,77,140
634,187,77,140
633,187,87,150
633,186,87,150
633,186,87,150
634,186,87,150
634,186,87,150
635,186,87,150
635,185,87,150
635,185,87,150
636,185,87,150
636,185,87,150
637,185,81,154
636,185,81,154
636,185,81,154
636,185,81,154
636,185,81,154
636,185,81,154
635,185,81,154
635,185,81,154
635,185,81,154
635,185,81,154
635,185,81,160
634,185,81,160
634,185,81,160
633,185,81,160
633,185,81,160
633,185,81,160
632,185,81,160
632,185,81,160
631,185,81,160
631,185,81,160
631,185,79,148
630,184,79,148
630,184,79,148
629,184,79,148
629,183,79,148
628,183,79,148
628,183,79,148
627,182,79,148
627,182,79,148
626,182,79,148
626,182,84,153
625,181,84,153
624,180,84,153
623,179,84,153
622,178,84,153
621,178,84,153
620,177,84,153
619,176,84,153
618,175,84,153
617,174,84,153
616,174,92,163
614,172,92,163
612,171,92,163
611,170,92,163
609,168,92,163
608,167,92,163
606,166,92,163
604,164,92,163
603,163,92,163
601,162,92,163
600,161,92,166
598,159,92,166
597,157,92,166
596,155,92,166
595,153,92,166
594,151,92,166
593,149,92,166
592,147,92,166
591,145,92,166
590,143,92,166
589,141,91,172
586,139,91,172
584,138,91,172
582,137,91,172
579,135,91,172
577,134,91,172
575,133,91,172
572,131,91,172
570,130,91,172
568,129,91,172
566,128,105,170
564,126,105,170
563,125,105,170
561,124,105,170
560,122,105,170
558,121,105,170
557,120,105,170
555,118,105,170
554,117,105,170
552,116,105,170
551,115,108,169
546,159,108,169
542,203,108,169
537,248,108,169
533,292,108,169
529,337,108,169
524,381,108,169
520,425,108,169
515,470,108,169
511,514,108,169
507,559,140,254
506,564,140,254
505,570,140,254
504,575,140,254
504,581,140,254
503,587,140,254
502,592,140,254
502,598,140,254
501,603,140,254
500,609,140,254
500,615,135,257
499,619,135,257
499,624,135,257
499,628,135,257
499,633,135,257
499,638,135,257
498,642,135,257
498,647,135,257
498,651,135,257
498,656,135,257
498,661,131,256
496,665,131,256
495,670,131,256
494,674,131,256
493,679,131,256
492,683,131,256
490,688,131,256
489,692,131,256
488,697,131,256
487,701,131,256
486,706,130,258
486,708,130,258
486,710,130,258
486,713,130,258
486,715,130,258
487,718,130,258
487,720,130,258
487,722,130,258
487,725,130,258
487,727,130,258
488,730,128,264
488,731,128,264
488,733,128,264
488,735,128,264
488,737,128,264
488,739,128,264
488,740,128,264
488,742,128,264
488,744,128,264
488,746,128,264
488,748,122,263
487,749,122,263
487,750,122,263
487,751,122,263
487,752,122,263
487,753,122,263
487,754,122,263
487,755,122,263
487,756,122,263
487,757,122,263
487,759,133,264
487,759,133,264
488,760,133,264
489,760,133,264
489,761,133,264
490,761,133,264
491,762,133,264
491,762,133,264
492,763,133,264
493,763,133,264
494,764,124,263
494,764,124,263
494,764,124,263
495,764,124,263
495,764,124,263
496,764,124,263
496,764,124,263
496,764,124,263
497,764,124,263
497,764,124,263
498,764,125,267
498,762,125,267
498,761,125,267
499,760,125,267
499,759,125,267
500,758,125,267
500,757,125,267
500,756,125,267
501,755,125,267
501,754,125,267
502,753,131,272
502,751,131,272
503,750,131,272
504,749,131,272
505,748,131,272
506,747,131,272
506,745,131,272
507,744,131,272
508,743,131,272
509,742,131,272
510,741,131,270
510,739,131,270
510,737,131,270
510,736,131,270
510,734,131,270
511,733,131,270
511,731,131,270
511,729,131,270
511,728,131,270
511,726,131,270
512,725,131,271
513,723,131,271
514,722,131,271
515,720,131,271
516,719,131,271
517,718,131,271
518,716,131,271
519,715,131,271
520,713,131,271
521,712,131,271
522,711,127,269
521,709,127,269
520,708,127,269
520,707,127,269
519,705,127,269
519,704,127,269
518,703,127,269
517,701,127,269
517,700,127,269
516,699,127,269
516,698,135,260
515,696,135,260
515,694,135,260
515,692,135,260
515,690,135,260
515,689,135,260
514,687,135,260
514,685,135,260
514,683,135,260
514,681,135,260
514,680,137,271
513,679,137,271
512,678,137,271
511,677,137,271
510,676,137,271
509,675,137,271
508,674,137,271
507,673,137,271
506,672,137,271
505,671,137,271
504,670,139,263
502,669,139,263
500,668,139,263
499,667,139,263
497,666,139,263
496,665,139,263
494,664,139,263
492,663,139,263
491,662,139,263
489,661,139,263
488,660,147,267
486,659,147,267
485,659,147,267
484,658,147,267
483,658,147,267
482,657,147,267
480,657,147,267
479,656,147,267
478,656,147,267
477,655,147,267
476,655,146,262
473,654,146,262
471,654,146,262
469,653,146,262
467,653,146,262
465,653,146,262
463,652,146,262
461,652,146,262
459,651,146,262
457,651,146,262
455,651,157,268
453,650,157,268
452,650,157,268
450,650,157,268
449,650,157,268
448,650,157,268
446,649,157,268
445,649,157,268
443,649,157,268
442,649,157,268
441,649,165,266
440,648,165,266
440,648,165,266
440,648,165,266
440,648,165,266
440,648,165,266
439,647,165,266
439,647,165,266
439,647,165,266
439,647,165,266
439,647,155,268
442,646,155,268
446,645,155,268
449,645,155,268
453,644,155,268
456,644,155,268
460,643,155,268
463,642,155,268
467,642,155,268
470,641,155,268
474,641,149,263
479,640,149,263
484,640,149,263
489,639,149,263
494,639,149,263
499,639,149,263
504,638,149,263
509,638,149,263
514,637,149,263
519,637,149,263
525,637,140,274
529,637,140,274
534,637,140,274
539,637,140,274
544,637,140,274
549,637,140,274
553,637,140,274
558,637,140,274
563,637,140,274
568,637,140,274
573,637,145,268
577,635,145,268
581,634,145,268
585,632,145,268
589,631,145,268
593,630,145,268
597,628,145,268
601,627,145,268
605,625,145,268
609,624,145,268
614,623,151,279
618,625,151,279
623,627,151,279
628,629,151,279
632,631,151,279
637,633,151,279
642,635,151,279
646,637,151,279
651,639,151,279
656,641,151,279
661,643,149,264
665,643,149,264
669,643,149,264
673,644,149,264
678,644,149,264
682,645,149,264
686,645,149,264
691,645,149,264
695,646,149,264
699,646,149,264
704,647,135,262
707,648,135,262
711,649,135,262
714,650,135,262
718,651,135,262
721,652,135,262
725,653,135,262
728,654,135,262
732,655,135,262
735,656,135,262
739,658,130,265
740,659,130,265
742,661,130,265
743,662,130,265
745,664,130,265
747,666,130,265
748,667,130,265
750,669,130,265
751,670,130,265
753,672,130,265
755,674,122,265
755,675,122,265
756,677,122,265
757,678,122,265
758,680,122,265
759,682,122,265
759,683,122,265
760,685,122,265
761,686,122,265
762,688,122,265
763,690,117,266
763,692,117,266
763,694,117,266
763,696,117,266
764,699,117,266
764,701,117,266
764,703,117,266
765,706,117,266
765,708,117,266
765,710,117,266
766,713,122,271
766,715,122,271
766,717,122,271
766,720,122,271
766,722,122,271
766,725,122,271
766,727,122,271
766,729,122,271
766,732,122,271
766,734,122,271
767,737,121,270
767,739,121,270
767,742,121,270
767,744,121,270
767,747,121,270
767,749,121,270
767,752,121,270
767,754,121,270
767,757,121,270
767,759,121,270
767,762,131,273
767,765,131,273
767,768,131,273
767,771,131,273
767,774,131,273
767,777,131,273
767,780,131,273
767,783,131,273
767,786,131,273
767,789,131,273
767,792,137,270
767,795,137,270
767,798,137,270
767,801,137,270
767,804,137,270
767,807,137,270
767,810,137,270
767,813,137,270
767,816,137,270
767,819,137,270
767,823,145,257
768,826,145,257
769,829,145,257
770,832,145,257
772,835,145,257
773,838,145,257
774,841,145,257
776,844,145,257
777,847,145,257
778,850,145,257
780,853,136,227
780,856,136,227
780,860,136,227
780,863,136,227
780,867,136,227
781,870,136,227
781,874,136,227
781,877,136,227
781,881,136,227
781,884,136,227
782,888,138,192
782,891,138,192
782,894,138,192
783,897,138,192
783,901,138,192
784,904,138,192
784,907,138,192
784,911,138,192
785,914,138,192
785,917,138,192
786,921,136,159
788,924,136,159
790,927,136,159
793,931,136,159
795,934,136,159
798,938,136,159
800,941,136,159
802,944,136,159
805,948,136,159
807,951,136,159
810,955,113,125
810,957,113,125
810,960,113,125
811,963,113,125
811,966,113,125
812,969,113,125
812,972,113,125
812,975,113,125
813,978,113,125
813,981,113,125
814,984,104,96
813,986,104,96
812,989,104,96
812,992,104,96
811,995,104,96
811,998,104,96
810,1001,104,96
809,1004,104,96
809,1007,104,96
808,1010,104,96
808,1013,110,67
808,1014,110,67
808,1016,110,67
808,1017,110,67
808,1019,110,67
808,1021,110,67
808,1022,110,67
808,1024,110,67
808,1025,110,67
808,1027,110,67
808,1029,108,51
807,1027,108,51
807,1026,108,51
807,1025,108,51
807,1024,108,51
807,1023,108,51
806,1021,108,51
806,1020,108,51
806,1019,108,51
806,1018,108,51
806,1017,102,63
805,1014,102,63
805,1011,102,63
804,1008,102,63
804,1006,102,63
804,1003,102,63
803,1000,102,63
803,998,102,63
802,995,102,63
802,992,102,63
802,990,106,90
801,987,106,90
801,985,106,90
800,982,106,90
800,980,106,90
800,978,106,90
799,975,106,90
799,973,106,90
798,970,106,90
798,968,106,90
798,966,110,114
798,963,110,114
798,960,110,114
798,957,110,114
798,955,110,114
798,952,110,114
798,949,110,114
798,947,110,114
798,944,110,114
798,941,110,114
798,939,108,141
797,936,108,141
797,933,108,141
796,930,108,141
796,927,108,141
796,924,108,141
795,921,108,141
795,918,108,141
794,915,108,141
794,912,108,141
794,909,120,171
793,905,120,171
792,902,120,171
792,898,120,171
791,895,120,171
791,891,120,171
790,888,120,171
789,884,120,171
789,881,120,171
788,877,120,171
788,874,134,206
787,870,134,206
787,866,134,206
786,863,134,206
786,859,134,206
786,856,134,206
785,852,134,206
785,848,134,206
784,845,134,206
784,841,134,206
784,838,136,242
783,833,136,242
782,829,136,242
782,825,136,242
781,821,136,242
781,817,136,242
780,812,136,242
779,808,136,242
779,804,136,242
778,800,136,242
778,796,136,284
778,791,136,284
778,787,136,284
778,783,136,284
778,778,136,284
778,774,136,284
778,770,136,284
778,765,136,284
778,761,136,284
778,757,136,284
779,753,129,288
779,748,129,288
779,744,129,288
779,739,129,288
779,735,129,288
779,730,129,288
779,726,129,288
779,721,129,288
779,717,129,288
779,712,129,288
780,708,128,290
779,703,128,290
779,698,128,290
779,694,128,290
779,689,128,290
779,685,128,290
779,680,128,290
779,675,128,290
779,671,128,290
779,666,128,290
779,662,121,298
779,657,121,298
780,653,121,298
781,649,121,298
781,644,121,298
782,640,121,298
783,636,121,298
783,631,121,298
784,627,121,298
785,623,121,298
786,619,124,302
786,613,124,302
786,608,124,302
786,602,124,302
786,597,124,302
786,591,124,302
786,586,124,302
786,580,124,302
786,575,124,302
786,569,124,302
787,564,127,302
786,560,127,302
786,557,127,302
786,554,127,302
786,551,127,302
786,548,127,302
786,545,127,302
786,542,127,302
786,539,127,302
786,536,127,302
786,533,130,296
786,527,130,296
786,522,130,296
786,517,130,296
786,511,130,296
786,506,130,296
786,501,130,296
786,495,130,296
786,490,130,296
786,485,130,296
786,480,120,284
785,474,120,284
784,468,120,284
783,462,120,284
783,456,120,284
782,450,120,284
781,444,120,284
781,438,120,284
780,432,120,284
779,426,120,284
779,421,135,286
779,415,135,286
780,409,135,286
780,403,135,286
781,398,135,286
782,392,135,286
782,386,135,286
783,381,135,286
783,375,135,286
784,369,135,286
785,364,121,294
785,358,121,294
785,353,121,294
785,347,121,294
785,342,121,294
785,336,121,294
785,331,121,294
785,325,121,294
785,320,121,294
785,314,121,294
785,309,121,300
784,305,121,300
784,301,121,300
784,297,121,300
783,294,121,300
783,290,121,300
783,286,121,300
782,283,121,300
782,279,121,300
782,275,121,300
782,272,126,296
781,267,126,296
781,262,126,296
780,257,126,296
780,252,126,296
780,247,126,296
779,242,126,296
779,237,126,296
778,232,126,296
778,227,126,296
778,223,128,298
779,220,128,298
780,217,128,298
781,215,128,298
782,212,128,298
784,210,128,298
785,207,128,298
786,204,128,298
787,202,128,298
788,199,128,298
790,197,116,297
789,195,116,297
789,194,116,297
789,193,116,297
788,191,116,297
788,190,116,297
788,189,116,297
787,187,116,297
787,186,116,297
787,185,116,297
787,184,123,296
786,183,123,296
785,183,123,296
784,182,123,296
784,182,123,296
783,182,123,296
782,181,123,296
782,181,123,296
781,180,123,296
780,180,123,296
780,180,124,302
780,180,124,302
780,181,124,302
780,181,124,302
780,182,124,302
781,183,124,302
781,183,124,302
781,184,124,302
781,184,124,302
781,185,124,302
782,186,124,286
782,186,124,286
782,186,124,286
782,187,124,286
783,187,124,286
783,188,124,286
783,188,124,286
784,188,124,286
784,189,124,286
784,189,124,286
785,190,123,286
785,189,123,286
786,189,123,286
786,189,123,286
787,189,123,286
788,189,123,286
788,188,123,286
789,188,123,286
789,188,123,286
790,188,123,286
791,188,123,292
791,203,123,292
792,219,123,292
792,234,123,292
793,250,123,292
793,266,123,292
794,281,123,292
794,297,123,292
795,312,123,292
795,328,123,292
796,344,122,303
795,344,122,303
794,344,122,303
794,345,122,303
793,345,122,303
793,346,122,303
792,346,122,303
791,346,122,303
791,347,122,303
790,347,122,303
790,348,126,307
790,348,126,307
790,348,126,307
790,349,126,307
790,349,126,307
790,350,126,307
790,350,126,307
790,350,126,307
790,351,126,307
790,351,126,307
790,352,126,304
789,353,126,304
789,354,126,304
788,355,126,304
788,356,126,304
788,357,126,304
787,358,126,304
787,359,126,304
786,360,126,304
786,361,126,304
786,362,130,302
786,362,130,302
786,362,130,302
786,363,130,302
786,363,130,302
787,364,130,302
787,364,130,302
787,364,130,302
787,365,130,302
787,365,130,302
788,366,130,304
788,367,130,304
789,368,130,304
789,369,130,304
790,370,130,304
790,372,130,304
791,373,130,304
791,374,130,304
792,375,130,304
792,376,130,304
793,378,129,310
793,380,129,310
793,382,129,310
793,384,129,310
793,387,129,310
793,389,129,310
793,391,129,310
793,394,129,310
793,396,129,310
793,398,129,310
793,401,132,312
793,402,132,312
793,404,132,312
793,406,132,312
793,408,132,312
794,410,132,312
794,412,132,312
794,414,132,312
794,416,132,312
794,418,132,312
795,420,136,318
795,423,136,318
795,426,136,318
795,429,136,318
795,432,136,318
795,436,136,318
795,439,136,318
795,442,136,318
795,445,136,318
795,448,136,318
796,452,132,318
795,455,132,318
795,458,132,318
795,461,132,318
795,464,132,318
795,467,132,318
794,470,132,318
794,473,132,318
794,476,132,318
794,479,132,318
794,482,124,310
794,484,124,310
794,487,124,310
794,489,124,310
794,492,124,310
795,494,124,310
795,497,124,310
795,499,124,310
795,502,124,310
795,504,124,310
796,507,122,302
796,509,122,302
796,511,122,302
796,513,122,302
796,515,122,302
797,518,122,302
797,520,122,302
797,522,122,302
797,524,122,302
797,526,122,302
798,529,122,310
797,531,122,310
797,533,122,310
797,535,122,310
796,538,122,310
796,540,122,310
796,542,122,310
795,545,122,310
795,547,122,310
795,549,122,310
795,552,127,312
794,553,127,312
794,555,127,312
794,556,127,312
793,558,127,312
793,560,127,312
793,561,127,312
792,563,127,312
792,564,127,312
792,566,127,312
792,568,126,312
791,570,126,312
791,572,126,312
791,574,126,312
790,576,126,312
790,579,126,312
790,581,126,312
789,583,126,312
789,585,126,312
789,587,126,312
789,590,125,312
789,590,125,312
789,590,125,312
