883,415,252,181
884,415,252,181
886,415,252,181
887,415,252,181
889,416,252,181
890,416,252,181
892,416,252,181
893,417,252,181
895,417,252,181
896,417,252,181
898,418,252,182
896,419,252,182
894,420,252,182
893,421,252,182
891,422,252,182
890,423,252,182
888,424,252,182
886,425,252,182
885,426,252,182
883,427,252,182
882,429,256,180
879,430,256,180
877,431,256,180
875,432,256,180
872,433,256,180
870,435,256,180
868,436,256,180
865,437,256,180
863,438,256,180
861,439,256,180
859,441,256,178
857,442,256,178
856,444,256,178
854,445,256,178
853,447,256,178
852,449,256,178
850,450,256,178
849,452,256,178
847,453,256,178
846,455,256,178
845,457,249,176
843,458,249,176
842,460,249,176
840,461,249,176
839,463,249,176
837,464,249,176
836,466,249,176
834,467,249,176
833,469,249,176
831,470,249,176
830,472,259,178
829,472,259,178
829,473,259,178
828,474,259,178
828,474,259,178
828,475,259,178
827,476,259,178
827,476,259,178
826,477,259,178
826,478,259,178
826,479,262,187
825,479,262,187
825,480,262,187
825,480,262,187
824,481,262,187
824,482,262,187
824,482,262,187
823,483,262,187
823,483,262,187
823,484,262,187
823,485,266,190
824,485,266,190
825,485,266,190
826,486,266,190
828,486,266,190
829,487,266,190
830,487,266,190
832,487,266,190
833,488,266,190
834,488,266,190
836,489,265,193
838,489,265,193
840,489,265,193
843,489,265,193
845,489,265,193
848,489,265,193
850,489,265,193
852,489,265,193
855,489,265,193
857,489,265,193
860,489,263,194
862,489,263,194
864,489,263,194
866,489,263,194
868,489,263,194
870,489,263,194
872,489,263,194
874,489,263,194
876,489,263,194
878,489,263,194
880,490,263,195
881,489,263,195
883,489,263,195
885,489,263,195
886,489,263,195
888,489,263,195
890,489,263,195
891,489,263,195
893,489,263,195
895,489,263,195
897,489,258,197
898,488,258,197
899,487,258,197
900,487,258,197
901,486,258,197
902,486,258,197
903,485,258,197
904,484,258,197
905,484,258,197
906,483,258,197
908,483,263,202
909,482,263,202
910,482,263,202
911,481,263,202
912,481,263,202
913,480,263,202
914,480,263,202
915,479,263,202
916,479,263,202
917,478,263,202
918,478,265,199
919,477,265,199
921,476,265,199
923,475,265,199
924,474,265,199
926,473,265,199
928,472,265,199
929,471,265,199
931,470,265,199
933,469,265,199
935,469,260,206
920,460,260,206
905,451,260,206
891,442,260,206
876,433,260,206
862,424,260,206
847,415,260,206
832,406,260,206
818,397,260,206
803,388,260,206
789,379,255,243
789,379,255,243
789,380,255,243
789,380,255,243
789,381,255,243
789,381,255,243
789,382,255,243
789,382,255,243
789,383,255,243
789,383,255,243
789,384,255,243
789,384,255,243
789,384,255,243
789,384,255,243
789,384,255,243
789,385,255,243
789,385,255,243
789,385,255,243
789,385,255,243
789,385,255,243
790,386,255,243
790,386,255,243
790,386,255,243
790,387,255,243
791,387,255,243
791,388,255,243
791,388,255,243
792,388,255,243
792,389,255,243
792,389,255,243
793,390,255,243
793,390,255,243
794,390,255,243
794,390,255,243
795,390,255,243
796,390,255,243
796,390,255,243
797,390,255,243
797,390,255,243
798,390,255,243
799,390,259,248
799,390,259,248
800,390,259,248
801,390,259,248
802,391,259,248
803,391,259,248
804,391,259,248
805,392,259,248
806,392,259,248
807,392,259,248
808,393,259,248
809,393,259,248
811,393,259,248
812,393,259,248
814,393,259,248
815,393,259,248
817,393,259,248
818,393,259,248
820,393,259,248
821,393,259,248
823,394,259,248
823,393,259,248
824,393,259,248
824,393,259,248
825,393,259,248
825,393,259,248
826,393,259,248
826,393,259,248
827,393,259,248
827,393,259,248
828,393,253,254
827,392,253,254
827,392,253,254
826,392,253,254
826,392,253,254
826,392,253,254
825,391,253,254
825,391,253,254
824,391,253,254
824,391,253,254
824,391,252,257
823,391,252,257
823,391,252,257
822,391,252,257
822,391,252,257
821,391,252,257
821,391,252,257
820,391,252,257
820,391,252,257
819,391,252,257
819,392,250,261
818,392,250,261
817,392,250,261
816,392,250,261
815,392,250,261
814,392,250,261
813,392,250,261
812,392,250,261
811,392,250,261
810,392,250,261
810,393,250,261
809,393,250,261
808,393,250,261
808,393,250,261
807,393,250,261
807,393,250,261
806,393,250,261
805,393,250,261
805,393,250,261
804,393,250,261
804,393,254,264
803,393,254,264
803,393,254,264
803,393,254,264
803,393,254,264
803,393,254,264
802,393,254,264
802,393,254,264
802,393,254,264
802,393,254,264
802,393,254,264
802,392,254,264
802,392,254,264
802,392,254,264
802,392,254,264
802,392,254,264
802,392,254,264
802,392,254,264
802,392,254,264
802,392,254,264
802,392,254,264
802,391,254,264
802,391,254,264
802,391,254,264
802,391,254,264
803,391,254,264
803,390,254,264
803,390,254,264
803,390,254,264
803,390,254,264
804,390,254,264
804,389,254,264
804,389,254,264
804,389,254,264
805,389,254,264
805,389,254,264
805,389,254,264
806,389,254,264
806,389,254,264
806,389,254,264
807,389,254,264
807,388,254,264
807,388,254,264
808,388,254,264
808,388,254,264
809,388,254,264
809,387,254,264
809,387,254,264
810,387,254,264
810,387,254,264
811,387,258,272
811,386,258,272
811,386,258,272
811,386,258,272
812,386,258,272
812,386,258,272
812,385,258,272
813,385,258,272
813,385,258,272
813,385,258,272
814,385,254,275
814,385,254,275
814,385,254,275
814,385,254,275
814,385,254,275
815,385,254,275
815,385,254,275
815,385,254,275
815,385,254,275
815,385,254,275
816,386,254,275
816,386,254,275
817,386,254,275
818,386,254,275
819,386,254,275
820,387,254,275
821,387,254,275
822,387,254,275
823,387,254,275
824,387,254,275
825,388,254,275
825,388,254,275
825,388,254,275
826,388,254,275
826,388,254,275
827,388,254,275
827,388,254,275
827,388,254,275
828,388,254,275
828,388,254,275
829,389,254,275
829,389,254,275
829,390,254,275
829,391,254,275
829,392,254,275
830,393,254,275
830,393,254,275
830,394,254,275
830,395,254,275
830,396,254,275
831,397,254,275
830,397,254,275
829,397,254,275
829,397,254,275
828,398,254,275
828,398,254,275
827,398,254,275
826,399,254,275
826,399,254,275
825,399,254,275
825,400,254,275
824,400,254,275
823,401,254,275
822,401,254,275
822,402,254,275
821,402,254,275
820,403,254,275
820,403,254,275
819,404,254,275
818,404,254,275
818,405,255,281
817,405,255,281
816,406,255,281
815,406,255,281
814,407,255,281
813,407,255,281
812,408,255,281
811,408,255,281
810,409,255,281
809,409,255,281
809,410,255,281
807,410,255,281
806,411,255,281
804,411,255,281
803,412,255,281
802,413,255,281
800,413,255,281
799,414,255,281
797,414,255,281
796,415,255,281
795,416,255,281
793,416,255,281
792,416,255,281
791,416,255,281
790,417,255,281
789,417,255,281
788,417,255,281
787,418,255,281
786,418,255,281
785,418,255,281
784,419,255,281
783,419,255,281
783,420,255,281
782,420,255,281
782,421,255,281
782,422,255,281
781,422,255,281
781,423,255,281
780,423,255,281
780,424,255,281
780,425,255,281
781,425,255,281
783,425,255,281
785,425,255,281
786,425,255,281
788,425,255,281
790,425,255,281
791,425,255,281
793,425,255,281
795,425,255,281
797,425,255,281
798,425,255,281
799,425,255,281
800,425,255,281
801,426,255,281
802,426,255,281
803,426,255,281
804,427,255,281
805,427,255,281
806,427,255,281
808,428,255,281
807,428,255,281
807,428,255,281
807,428,255,281
807,428,255,281
807,428,255,281
806,428,255,281
806,428,255,281
806,428,255,281
806,428,255,281
806,428,249,283
805,428,249,283
805,428,249,283
804,428,249,283
804,428,249,283
804,428,249,283
803,428,249,283
803,428,249,283
802,428,249,283
802,428,249,283
802,428,249,283
801,428,249,283
801,428,249,283
801,428,249,283
800,428,249,283
800,428,249,283
800,428,249,283
799,428,249,283
799,428,249,283
799,428,249,283
799,428,249,283
799,428,249,283
800,428,249,283
801,428,249,283
802,428,249,283
803,429,249,283
803,429,249,283
804,429,249,283
805,429,249,283
806,429,249,283
807,430,249,283
807,429,249,283
808,429,249,283
809,429,249,283
810,428,249,283
811,428,249,283
812,428,249,283
813,427,249,283
814,427,249,283
815,427,249,283
816,427,247,278
817,426,247,278
819,425,247,278
821,425,247,278
823,424,247,278
825,424,247,278
827,423,247,278
829,422,247,278
831,422,247,278
833,421,247,278
835,421,244,281
836,420,244,281
837,419,244,281
838,418,244,281
839,417,244,281
841,417,244,281
842,416,244,281
843,415,244,281
844,414,244,281
845,413,244,281
847,413,244,281
847,411,244,281
848,409,244,281
849,407,244,281
850,405,244,281
851,404,244,281
852,402,244,281
853,400,244,281
854,398,244,281
855,396,244,281
856,395,237,280
857,392,237,280
859,390,237,280
861,387,237,280
863,385,237,280
865,382,237,280
866,380,237,280
868,377,237,280
870,375,237,280
872,372,237,280
874,370,234,279
876,367,234,279
879,365,234,279
881,363,234,279
884,361,234,279
886,359,234,279
889,357,234,279
891,355,234,279
894,353,234,279
896,351,234,279
899,349,234,279
900,346,234,279
901,344,234,279
902,342,234,279
903,340,234,279
904,338,234,279
905,336,234,279
906,334,234,279
907,332,234,279
908,330,234,279
909,328,230,278
909,326,230,278
909,324,230,278
909,322,230,278
909,320,230,278
910,318,230,278
910,316,230,278
910,314,230,278
910,312,230,278
910,310,230,278
911,309,226,277
911,310,226,277
912,312,226,277
912,314,226,277
913,315,226,277
913,317,226,277
914,319,226,277
914,320,226,277
915,322,226,277
915,324,226,277
916,326,222,278
916,328,222,278
917,331,222,278
918,334,222,278
919,336,222,278
920,339,222,278
921,342,222,278
922,344,222,278
923,347,222,278
924,350,222,278
925,353,220,272
926,351,220,272
928,350,220,272
929,348,220,272
931,347,220,272
933,346,220,272
934,344,220,272
936,343,220,272
937,341,220,272
939,340,220,272
941,339,220,272
943,337,220,272
945,336,220,272
947,335,220,272
949,334,220,272
951,333,220,272
953,331,220,272
955,330,220,272
957,329,220,272
959,328,220,272
961,327,214,269
963,326,214,269
966,325,214,269
968,324,214,269
971,323,214,269
973,323,214,269
976,322,214,269
978,321,214,269
981,320,214,269
983,319,214,269
986,319,214,269
988,318,214,269
991,318,214,269
994,318,214,269
996,318,214,269
999,318,214,269
1002,318,214,269
1004,318,214,269
1007,318,214,269
1010,318,214,269
1013,318,207,266
1014,318,207,266
1015,318,207,266
1017,319,207,266
1018,319,207,266
1020,320,207,266
1021,320,207,266
1022,320,207,266
1024,321,207,266
1025,321,207,266
1027,322,207,265
1026,323,207,265
1026,325,207,265
1026,327,207,265
1026,329,207,265
1026,331,207,265
1025,332,207,265
1025,334,207,265
1025,336,207,265
1025,338,207,265
1025,340,210,264
1025,340,210,264
1025,340,210,264
1025,341,210,264
1025,341,210,264
1025,342,210,264
1025,342,210,264
1025,342,210,264
1025,343,210,264
1025,343,210,264
1026,344,208,263
1026,344,208,263
1026,344,208,263
1026,344,208,263
1026,344,208,263
1026,345,208,263
1026,345,208,263
1026,345,208,263
1026,345,208,263
1026,345,208,263
1026,346,210,265
1026,346,210,265
1026,346,210,265
1026,346,210,265
1026,346,210,265
1026,346,210,265
1026,346,210,265
1026,346,210,265
1026,346,210,265
1026,346,210,265
1027,347,210,268
1027,347,210,268
1027,347,210,268
1027,347,210,268
1027,347,210,268
1027,347,210,268
1027,347,210,268
1027,347,210,268
1027,347,210,268
1027,347,210,268
1027,348,210,268
1027,348,210,268
1027,348,210,268
1027,348,210,268
1027,348,210,268
1027,349,210,268
1027,349,210,268
1027,349,210,268
1027,349,210,268
1027,349,210,268
1027,350,211,266
1027,350,211,266
1027,350,211,266
1027,350,211,266
1027,350,211,266
1027,350,211,266
1027,350,211,266
1027,350,211,266
1027,350,211,266
1027,350,211,266
1028,351,211,268
1027,351,211,268
1027,351,211,268
1027,351,211,268
1027,352,211,268
1027,352,211,268
1027,352,211,268
1027,353,211,268
1027,353,211,268
1027,353,211,268
1027,354,211,268
1027,354,211,268
1027,354,211,268
1027,355,211,268
1027,355,211,268
1028,356,211,268
1028,356,211,268
1028,356,211,268
1028,357,211,268
1028,357,211,268
1029,358,209,265
1028,358,209,265
1028,358,209,265
1028,358,209,265
1028,358,209,265
1028,358,209,265
1027,358,209,265
1027,358,209,265
1027,358,209,265
1027,358,209,265
1027,359,209,265
1027,359,209,265
1027,359,209,265
1027,359,209,265
1027,359,209,265
1027,359,209,265
1027,359,209,265
1027,359,209,265
1027,359,209,265
1027,359,209,265
1027,360,209,265
1027,360,209,265
1027,361,209,265
1027,361,209,265
1027,362,209,265
1027,362,209,265
1027,363,209,265
1027,363,209,265
1027,364,209,265
1027,364,209,265
1027,365,209,265
1027,365,209,265
1027,366,209,265
1027,366,209,265
1027,367,209,265
1027,367,209,265
1027,368,209,265
1027,368,209,265
1027,369,209,265
1027,369,209,265
1028,370,209,265
1027,370,209,265
1027,370,209,265
1027,370,209,265
1027,370,209,265
1027,371,209,265
1027,371,209,265
1027,371,209,265
1027,371,209,265
1027,371,209,265
1027,372,209,265
1026,372,209,265
1026,372,209,265
1026,372,209,265
1026,372,209,265
1026,372,209,265
1026,372,209,265
1026,372,209,265
1026,372,209,265
1026,372,209,265
1026,373,209,265
1025,373,209,265
1025,373,209,265
1024,373,209,265
1024,373,209,265
1023,373,209,265
1023,373,209,265
1022,373,209,265
1022,373,209,265
1021,373,209,265
1021,373,209,265
1020,372,209,265
1019,372,209,265
1019,372,209,265
1018,372,209,265
1018,372,209,265
1017,371,209,265
1016,371,209,265
1016,371,209,265
1015,371,209,265
1015,371,209,265
1014,371,209,265
1014,371,209,265
1014,371,209,265
1014,371,209,265
1014,371,209,265
1013,371,209,265
1013,371,209,265
1013,371,209,265
1013,371,209,265
1013,371,209,265
1012,371,209,265
1012,371,209,265
1012,371,209,265
1012,371,209,265
1012,372,209,265
1012,372,209,265
1012,372,209,265
1012,372,209,265
1012,372,209,265
1012,373,209,265
1011,372,209,265
1011,372,209,265
1011,372,209,265
1011,372,209,265
1011,372,209,265
1010,371,209,265
1010,371,209,265
1010,371,209,265
1010,371,209,265
1010,371,209,265
1009,371,209,265
1009,371,209,265
1009,371,209,265
1009,371,209,265
1009,371,209,265
1009,371,209,265
1009,371,209,265
1009,371,209,265
1009,371,209,265
1009,371,209,265
1008,371,209,265
1008,371,209,265
1008,371,209,265
1008,372,209,265
1008,372,209,265
1008,372,209,265
1008,373,209,265
1008,373,209,265
1008,373,209,265
1008,374,209,265
995,368,209,265
982,362,209,265
969,357,209,265
956,351,209,265
943,346,209,265
930,340,209,265
917,334,209,265
904,329,209,265
891,323,209,265
878,318,199,254
879,317,199,254
880,317,199,254
882,317,199,254
883,317,199,254
885,317,199,254
886,316,199,254
887,316,199,254
889,316,199,254
890,316,199,254
892,316,200,255
892,316,200,255
892,316,200,255
892,316,200,255
892,316,200,255
892,316,200,255
892,316,200,255
892,316,200,255
892,316,200,255
892,316,200,255
892,316,200,255
892,316,200,255
892,316,200,255
892,316,200,255
892,316,200,255
893,316,200,255
893,316,200,255
893,316,200,255
893,316,200,255
893,316,200,255
894,317,200,255
894,316,200,255
895,316,200,255
895,316,200,255
896,316,200,255
896,316,200,255
897,316,200,255
897,316,200,255
898,316,200,255
898,316,200,255
899,316,200,255
899,315,200,255
900,315,200,255
900,315,200,255
901,315,200,255
901,315,200,255
902,314,200,255
902,314,200,255
903,314,200,255
903,314,200,255
904,314,200,255
904,314,200,255
905,314,200,255
906,314,200,255
906,314,200,255
907,315,200,255
908,315,200,255
908,315,200,255
909,315,200,255
910,315,200,255
911,316,200,255
911,316,200,255
911,316,200,255
911,316,200,255
912,316,200,255
912,317,200,255
912,317,200,255
913,317,200,255
913,317,200,255
913,317,200,255
914,318,200,255
914,318,200,255
915,318,200,255
915,318,200,255
916,318,200,255
917,318,200,255
917,318,200,255
918,318,200,255
918,318,200,255
919,318,200,255
920,318,200,255
920,318,200,255
921,318,200,255
922,318,200,255
923,319,200,255
924,319,200,255
924,319,200,255
925,320,200,255
926,320,200,255
927,320,200,255
928,321,200,255
928,321,200,255
929,321,200,255
929,321,200,255
930,321,200,255
931,322,200,255
931,322,200,255
932,322,200,255
932,322,200,255
933,322,200,255
934,323,200,255
934,322,200,255
935,322,200,255
935,322,200,255
936,322,200,255
936,322,200,255
937,321,200,255
937,321,200,255
938,321,200,255
938,321,200,255
939,321,200,255
939,321,200,255
940,321,200,255
940,322,200,255
941,322,200,255
941,323,200,255
942,323,200,255
942,323,200,255
943,324,200,255
943,324,200,255
944,325,200,255
944,325,200,255
945,325,200,255
945,325,200,255
946,325,200,255
947,326,200,255
947,326,200,255
948,326,200,255
948,326,200,255
949,326,200,255
950,327,200,255
950,327,200,255
951,327,200,255
951,328,200,255
952,328,200,255
952,329,200,255
953,329,200,255
953,329,200,255
954,330,200,255
954,330,200,255
955,331,200,255
955,331,200,255
955,331,200,255
955,331,200,255
955,331,200,255
956,331,200,255
956,331,200,255
956,331,200,255
956,331,200,255
956,331,200,255
957,332,200,255
957,332,200,255
957,332,200,255
957,332,200,255
957,332,200,255
958,332,200,255
958,332,200,255
958,332,200,255
958,332,200,255
958,332,200,255
959,332,200,255
959,332,200,255
959,332,200,255
959,332,200,255
959,332,200,255
960,332,200,255
960,332,200,255
960,332,200,255
960,332,200,255
960,332,200,255
961,332,200,255
960,332,200,255
960,332,200,255
960,332,200,255
960,332,200,255
960,332,200,255
960,332,200,255
960,332,200,255
960,332,200,255
960,332,200,255
960,332,200,255
959,331,200,255
959,331,200,255
959,331,200,255
959,331,200,255
959,331,200,255
959,330,200,255
959,330,200,255
959,330,200,255
959,330,200,255
959,330,200,255
958,329,200,255
958,329,200,255
957,329,200,255
957,329,200,255
957,329,200,255
956,328,200,255
956,328,200,255
955,328,200,255
955,328,200,255
955,328,200,255
954,327,200,255
954,327,200,255
953,327,200,255
953,327,200,255
952,327,200,255
952,326,200,255
951,326,200,255
951,326,200,255
950,326,200,255
950,326,200,255
949,326,200,255
949,326,200,255
948,326,200,255
948,326,200,255
948,327,200,255
947,327,200,255
947,327,200,255
946,327,200,255
946,327,200,255
946,328,200,255
945,328,200,255
945,328,200,255
944,328,200,255
944,328,200,255
944,328,200,255
943,328,200,255
943,328,200,255
942,328,200,255
942,328,200,255
942,328,200,255
941,327,200,255
941,327,200,255
940,326,200,255
940,326,200,255
940,326,200,255
939,325,200,255
939,325,200,255
938,324,200,255
938,324,200,255
938,324,200,255
937,323,200,255
937,323,200,255
937,322,200,255
936,322,200,255
936,322,200,255
936,321,200,255
935,321,200,255
935,320,200,255
935,320,200,255
935,320,200,255
934,319,200,255
934,319,200,255
933,318,200,255
933,318,200,255
932,317,200,255
932,317,200,255
931,316,200,255
931,316,200,255
930,315,200,255
930,315,200,255
929,314,200,255
929,314,200,255
929,314,200,255
929,313,200,255
929,313,200,255
928,313,200,255
928,312,200,255
928,312,200,255
928,312,200,255
928,312,200,255
927,311,200,255
927,310,200,255
927,309,200,255
926,308,200,255
926,308,200,255
926,307,200,255
925,306,200,255
925,305,200,255
925,304,200,255
925,304,200,255
924,303,200,255
924,303,200,255
924,302,200,255
924,302,200,255
924,301,200,255
924,301,200,255
924,300,200,255
924,300,200,255
924,299,200,255
924,299,200,255
923,298,200,255
923,298,200,255
923,297,200,255
922,297,200,255
922,297,200,255
922,296,200,255
921,296,200,255
921,295,200,255
921,295,200,255
921,295,200,255
920,294,200,255
920,294,200,255
920,293,200,255
920,293,200,255
920,293,200,255
919,292,200,255
919,292,200,255
919,291,200,255
919,291,200,255
919,291,200,255
918,290,200,255
918,290,200,255
918,289,200,255
918,289,200,255
918,289,200,255
918,288,200,255
918,288,200,255
918,287,200,255
918,287,200,255
918,287,200,255
917,286,200,255
917,286,200,255
917,285,200,255
917,285,200,255
917,284,200,255
917,284,200,255
917,283,200,255
917,283,200,255
917,282,200,255
917,282,200,255
917,281,200,255
917,281,200,255
917,280,200,255
918,280,200,255
918,279,200,255
918,279,200,255
919,278,200,255
919,278,200,255
919,277,200,255
920,277,196,255
920,276,196,255
920,276,196,255
920,275,196,255
920,275,196,255
920,274,196,255
920,274,196,255
920,273,196,255
920,273,196,255
920,272,196,255
920,272,192,256
919,271,192,256
919,271,192,256
919,271,192,256
919,271,192,256
919,271,192,256
918,270,192,256
918,270,192,256
918,270,192,256
918,270,192,256
918,270,193,251
917,269,193,251
917,269,193,251
917,269,193,251
917,269,193,251
917,269,193,251
916,268,193,251
916,268,193,251
916,268,193,251
916,268,193,251
916,268,196,251
916,268,196,251
916,268,196,251
916,268,196,251
916,268,196,251
917,268,196,251
917,268,196,251
917,268,196,251
917,268,196,251
917,268,196,251
918,268,191,249
918,268,191,249
918,268,191,249
918,268,191,249
918,269,191,249
918,269,191,249
918,269,191,249
918,270,191,249
918,270,191,249
918,270,191,249
919,271,192,252
919,271,192,252
919,272,192,252
919,273,192,252
919,274,192,252
920,275,192,252
920,275,192,252
920,276,192,252
920,277,192,252
920,278,192,252
921,279,192,253
920,279,192,253
920,280,192,253
920,281,192,253
919,281,192,253
919,282,192,253
919,283,192,253
918,283,192,253
918,284,192,253
918,285,192,253
918,286,193,250
917,287,193,250
917,288,193,250
917,289,193,250
917,290,193,250
917,291,193,250
916,292,193,250
916,293,193,250
916,294,193,250
916,295,193,250
916,296,194,247
916,296,194,247
916,297,194,247
916,298,194,247
917,299,194,247
917,300,194,247
917,301,194,247
918,302,194,247
918,303,194,247
918,304,194,247
919,305,193,250
919,305,193,250
919,306,193,250
919,307,193,250
919,308,193,250
919,309,193,250
919,310,193,250
919,311,193,250
919,312,193,250
919,313,193,250
920,314,193,250
919,314,193,250
919,315,193,250
919,316,193,250
919,317,193,250
919,318,193,250
918,319,193,250
918,320,193,250
918,321,193,250
918,322,193,250
918,323,193,250
918,322,193,250
918,322,193,250
918,322,193,250
918,322,193,250
918,322,193,250
918,321,193,250
918,321,193,250
918,321,193,250
918,321,193,250
918,321,193,250
918,321,193,250
918,321,193,250
918,321,193,250
918,322,193,250
918,322,193,250
918,322,193,250
918,323,193,250
918,323,193,250
918,323,193,250
919,324,193,250
918,323,193,250
918,323,193,250
918,323,193,250
918,323,193,250
918,323,193,250
918,322,193,250
918,322,193,250
918,322,193,250
918,322,193,250
918,322,193,250
918,321,193,250
918,321,193,250
918,321,193,250
918,321,193,250
918,321,193,250
918,321,193,250
918,321,193,250
918,321,193,250
918,321,193,250
919,321,193,250
918,320,193,250
918,320,193,250
918,320,193,250
918,320,193,250
918,320,193,250
918,320,193,250
918,320,193,250
918,320,193,250
918,320,193,250
918,320,193,250
918,319,193,250
918,319,193,250
918,319,193,250
919,319,193,250
919,319,193,250
919,318,193,250
920,318,193,250
920,318,193,250
920,318,193,250
921,318,193,250
921,317,193,250
921,317,193,250
921,316,193,250
921,316,193,250
921,316,193,250
921,315,193,250
921,315,193,250
921,314,193,250
921,314,193,250
921,314,193,250
920,313,193,250
920,313,193,250
920,313,193,250
920,313,193,250
920,313,193,250
919,312,193,250
919,312,193,250
919,312,193,250
919,312,193,250
919,312,193,250
918,311,193,250
918,310,193,250
918,309,193,250
918,309,193,250
918,308,193,250
918,307,193,250
918,307,193,250
918,306,193,250
918,305,193,250
918,305,193,250
917,304,193,250
917,304,193,250
917,303,193,250
917,303,193,250
917,302,193,250
917,302,193,250
917,301,193,250
917,301,193,250
917,300,193,250
917,300,193,250
916,300,193,250
916,300,193,250
916,300,193,250
916,300,193,250
916,300,193,250
916,300,193,250
916,300,193,250
916,300,193,250
916,300,193,250
916,300,193,251
915,299,193,251
915,298,193,251
915,297,193,251
915,297,193,251
915,296,193,251
915,295,193,251
915,295,193,251
915,294,193,251
915,293,193,251
915,293,193,250
915,292,193,250
915,292,193,250
915,292,193,250
915,292,193,250
915,292,193,250
915,291,193,250
915,291,193,250
915,291,193,250
915,291,193,250
915,291,193,250
915,290,193,250
915,289,193,250
915,288,193,250
915,287,193,250
915,287,193,250
915,286,193,250
915,285,193,250
915,284,193,250
915,283,193,250
916,283,193,250
915,283,193,250
915,283,193,250
915,283,193,250
915,283,193,250
915,283,193,250
914,283,193,250
914,283,193,250
914,283,193,250
914,283,193,250
914,283,193,244
913,282,193,244
913,282,193,244
913,282,193,244
913,281,193,244
913,281,193,244
912,281,193,244
912,280,193,244
912,280,193,244
912,280,193,244
912,280,193,250
911,279,193,250
911,279,193,250
911,279,193,250
911,279,193,250
911,279,193,250
910,278,193,250
910,278,193,250
910,278,193,250
910,278,193,250
910,278,192,243
909,277,192,243
909,276,192,243
909,275,192,243
909,275,192,243
909,274,192,243
908,273,192,243
908,273,192,243
908,272,192,243
908,271,192,243
908,271,194,242
907,270,194,242
907,269,194,242
907,269,194,242
906,268,194,242
906,268,194,242
906,267,194,242
905,266,194,242
905,266,194,242
905,265,194,242
905,265,194,242
904,264,194,242
904,264,194,242
904,263,194,242
904,263,194,242
904,263,194,242
903,262,194,242
903,262,194,242
903,261,194,242
903,261,194,242
903,261,194,242
902,260,194,242
902,260,194,242
902,259,194,242
902,259,194,242
902,258,194,242
901,258,194,242
901,257,194,242
901,257,194,242
901,256,194,242
901,256,193,238
901,255,193,238
901,255,193,238
901,254,193,238
902,254,193,238
902,253,193,238
902,253,193,238
903,252,193,238
903,252,193,238
903,251,193,238
904,251,193,238
903,250,193,238
903,250,193,238
903,249,193,238
903,249,193,238
903,248,193,238
902,248,193,238
902,247,193,238
902,247,193,238
902,246,193,238
902,246,193,238
901,245,193,238
901,245,193,238
901,245,193,238
901,244,193,238
901,244,193,238
900,244,193,238
900,243,193,238
900,243,193,238
900,243,193,238
900,243,191,237
907,259,191,237
915,276,191,237
923,293,191,237
931,309,191,237
939,326,191,237
946,343,191,237
954,359,191,237
962,376,191,237
970,393,191,237
978,410,198,263
978,409,198,263
978,409,198,263
978,408,198,263
978,408,198,263
978,408,198,263
978,407,198,263
978,407,198,263
978,406,198,263
978,406,198,263
979,406,198,263
979,406,198,263
980,406,198,263
981,406,198,263
982,406,198,263
983,406,198,263
983,406,198,263
984,406,198,263
985,406,198,263
986,406,198,263
987,407,198,263
988,406,198,263
989,406,198,263
990,406,198,263
991,406,198,263
992,406,198,263
993,406,198,263
994,406,198,263
995,406,198,263
996,406,198,263
998,406,198,263
999,406,198,263
1000,407,198,263
1001,408,198,263
1002,408,198,263
1003,409,198,263
1004,410,198,263
1005,410,198,263
1006,411,198,263
1007,412,198,263
1009,413,198,263
1009,413,198,263
1009,413,198,263
1009,413,198,263
1009,413,198,263
1009,413,198,263
1009,413,198,263
1009,413,198,263
1009,413,198,263
1009,413,198,263
1009,414,198,263
1008,414,198,263
1007,414,198,263
1006,414,198,263
1006,415,198,263
1005,415,198,263
1004,415,198,263
1004,416,198,263
1003,416,198,263
1002,416,198,263
1002,417,198,263
1000,417,198,263
999,417,198,263
997,417,198,263
996,417,198,263
995,417,198,263
993,417,198,263
992,417,198,263
990,417,198,263
989,417,198,263
988,417,198,263
986,417,198,263
984,417,198,263
982,418,198,263
980,418,198,263
979,419,198,263
977,419,198,263
975,419,198,263
973,420,198,263
971,420,198,263
970,421,198,263
968,420,198,263
967,420,198,263
966,420,198,263
964,420,198,263
963,420,198,263
962,420,198,263
960,420,198,263
959,420,198,263
958,420,198,263
957,420,198,263
957,420,198,263
957,420,198,263
957,421,198,263
957,421,198,263
957,422,198,263
957,422,198,263
957,422,198,263
957,423,198,263
957,423,198,263
958,424,198,263
959,424,198,263
960,424,198,263
961,424,198,263
963,424,198,263
964,424,198,263
965,424,198,263
967,424,198,263
968,424,198,263
969,424,198,263
971,425,198,263
974,425,198,263
977,426,198,263
980,426,198,263
983,427,198,263
987,427,198,263
990,428,198,263
993,428,198,263
996,429,198,263
999,429,198,263
1003,430,195,261
1004,429,195,261
1005,429,195,261
1007,429,195,261
1008,429,195,261
1010,429,195,261
1011,428,195,261
1012,428,195,261
1014,428,195,261
1015,428,195,261
1017,428,188,263
1016,427,188,263
1015,427,188,263
1014,427,188,263
1013,426,188,263
1012,426,188,263
1011,426,188,263
1010,425,188,263
1009,425,188,263
1008,425,188,263
1007,425,188,263
1005,423,188,263
1003,422,188,263
1002,420,188,263
1000,419,188,263
999,417,188,263
997,416,188,263
995,414,188,263
994,413,188,263
992,411,188,263
991,410,188,263
989,408,188,263
987,407,188,263
985,405,188,263
984,404,188,263
982,402,188,263
980,401,188,263
979,399,188,263
977,398,188,263
975,396,188,263
974,395,185,262
972,393,185,262
970,392,185,262
968,391,185,262
966,390,185,262
965,389,185,262
963,387,185,262
961,386,185,262
959,385,185,262
957,384,185,262
956,383,185,262
956,389,185,262
957,396,185,262
957,402,185,262
958,409,185,262
959,416,185,262
959,422,185,262
960,429,185,262
960,435,185,262
961,442,185,262
962,449,182,254
962,454,182,254
962,459,182,254
963,464,182,254
963,469,182,254
964,474,182,254
964,479,182,254
964,484,182,254
965,489,182,254
965,494,182,254
966,500,179,252
965,497,179,252
965,495,179,252
965,492,179,252
965,490,179,252
965,488,179,252
964,485,179,252
964,483,179,252
964,480,179,252
964,478,179,252
964,476,174,249
962,473,174,249
960,471,174,249
959,469,174,249
957,467,174,249
956,465,174,249
954,463,174,249
952,461,174,249
951,459,174,249
949,457,174,249
948,455,172,248
947,452,172,248
946,450,172,248
946,448,172,248
945,446,172,248
945,444,172,248
944,442,172,248
943,440,172,248
943,438,172,248
942,436,172,248
942,434,169,247
945,432,169,247
948,430,169,247
951,428,169,247
954,427,169,247
958,425,169,247
961,423,169,247
964,422,169,247
967,420,169,247
970,418,169,247
974,417,165,245
979,415,165,245
984,414,165,245
989,412,165,245
995,411,165,245
1000,409,165,245
1005,408,165,245
1011,406,165,245
1016,405,165,245
1021,403,165,245
1027,402,160,244
1027,400,160,244
1027,399,160,244
1027,397,160,244
1027,396,160,244
1027,394,160,244
1027,393,160,244
1027,391,160,244
1027,390,160,244
1027,388,160,244
1028,387,156,244
1026,385,156,244
1024,384,156,244
1022,382,156,244
1020,381,156,244
1019,379,156,244
1017,378,156,244
1015,376,156,244
1013,375,156,244
1011,373,156,244
1010,372,156,244
1008,371,156,244
1006,370,156,244
1005,369,156,244
1003,368,156,244
1002,367,156,244
1000,366,156,244
998,365,156,244
997,364,156,244
995,363,156,244
994,362,156,244
992,361,156,244
990,360,156,244
989,359,156,244
987,358,156,244
986,357,156,244
984,356,156,244
982,355,156,244
981,354,156,244
979,353,156,244
978,352,156,244
977,351,156,244
976,350,156,244
975,349,156,244
974,348,156,244
973,348,156,244
972,347,156,244
971,346,156,244
970,345,156,244
969,344,156,244
968,344,153,242
966,343,153,242
965,343,153,242
964,343,153,242
963,342,153,242
962,342,153,242
960,342,153,242
959,341,153,242
958,341,153,242
957,341,153,242
956,341,154,240
955,340,154,240
954,339,154,240
953,338,154,240
952,337,154,240
951,336,154,240
950,335,154,240
949,334,154,240
948,333,154,240
947,332,154,240
947,331,153,243
946,330,153,243
946,330,153,243
945,330,153,243
945,330,153,243
944,330,153,243
944,329,153,243
943,329,153,243
943,329,153,243
942,329,153,243
942,329,152,240
941,328,152,240
940,328,152,240
940,328,152,240
939,327,152,240
939,327,152,240
938,327,152,240
937,326,152,240
937,326,152,240
936,326,152,240
936,326,153,236
936,325,153,236
936,325,153,236
936,325,153,236
936,325,153,236
936,325,153,236
936,324,153,236
936,324,153,236
936,324,153,236
936,324,153,236
936,324,153,236
935,323,153,236
935,322,153,236
935,322,153,236
935,321,153,236
935,321,153,236
934,320,153,236
934,319,153,236
934,319,153,236
934,318,153,236
934,318,153,237
934,317,153,237
934,317,153,237
934,317,153,237
934,317,153,237
934,317,153,237
934,316,153,237
934,316,153,237
934,316,153,237
934,316,153,237
934,316,153,237
934,315,153,237
934,315,153,237
934,315,153,237
934,314,153,237
934,314,153,237
934,314,153,237
934,313,153,237
934,313,153,237
934,313,153,237
934,313,154,239
934,313,154,239
934,313,154,239
934,313,154,239
935,313,154,239
935,313,154,239
935,313,154,239
936,313,154,239
936,313,154,239
936,313,154,239
937,313,154,241
937,313,154,241
937,313,154,241
937,313,154,241
937,313,154,241
938,314,154,241
938,314,154,241
938,314,154,241
938,314,154,241
938,314,154,241
939,315,157,241
939,315,157,241
940,315,157,241
940,316,157,241
941,316,157,241
942,317,157,241
942,317,157,241
943,317,157,241
943,318,157,241
944,318,157,241
945,319,156,241
945,319,156,241
945,319,156,241
945,320,156,241
945,320,156,241
946,321,156,241
946,321,156,241
946,321,156,241
946,322,156,241
946,322,156,241
947,323,156,241
947,323,156,241
947,324,156,241
947,324,156,241
948,325,156,241
948,326,156,241
948,326,156,241
949,327,156,241
949,327,156,241
949,328,156,241
950,329,159,242
950,329,159,242
950,330,159,242
951,331,159,242
951,331,159,242
952,332,159,242
952,333,159,242
952,333,159,242
953,334,159,242
953,335,159,242
954,336,159,243
954,336,159,243
954,337,159,243
955,337,159,243
955,338,159,243
956,339,159,243
956,339,159,243
956,340,159,243
957,340,159,243
957,341,159,243
958,342,158,243
958,342,158,243
958,343,158,243
958,344,158,243
958,344,158,243
958,345,158,243
958,346,158,243
958,346,158,243
958,347,158,243
958,348,158,243
959,349,160,245
959,349,160,245
959,350,160,245
959,351,160,245
960,351,160,245
960,352,160,245
960,353,160,245
961,353,160,245
961,354,160,245
961,355,160,245
962,356,163,242
962,356,163,242
962,357,163,242
962,357,163,242
962,358,163,242
962,359,163,242
962,359,163,242
962,360,163,242
962,360,163,242
962,361,163,242
963,362,163,242
963,363,163,242
963,364,163,242
963,365,163,242
963,366,163,242
964,367,163,242
964,368,163,242
964,369,163,242
964,370,163,242
964,371,163,242
965,372,163,242
965,372,163,242
965,373,163,242
965,373,163,242
965,374,163,242
965,374,163,242
965,375,163,242
965,375,163,242
965,376,163,242
965,376,163,242
966,377,163,242
966,377,163,242
966,378,163,242
966,379,163,242
966,380,163,242
966,381,163,242
966,381,163,242
966,382,163,242
966,383,163,242
966,384,163,242
967,385,163,242
966,385,163,242
966,385,163,242
966,386,163,242
966,386,163,242
966,387,163,242
965,387,163,242
965,387,163,242
965,388,163,242
965,388,163,242
965,389,166,243
964,389,166,243
964,390,166,243
964,390,166,243
964,391,166,243
964,391,166,243
963,392,166,243
963,392,166,243
963,393,166,243
963,393,166,243
963,394,166,246
962,394,166,246
962,395,166,246
961,395,166,246
961,396,166,246
960,396,166,246
960,397,166,246
959,397,166,246
959,398,166,246
958,398,166,246
958,399,169,248
957,399,169,248
957,400,169,248
956,400,169,248
956,401,169,248
956,401,169,248
955,402,169,248
955,402,169,248
954,403,169,248
954,403,169,248
954,404,170,250
953,404,170,250
953,405,170,250
953,406,170,250
952,406,170,250
952,407,170,250
952,408,170,250
951,408,170,250
951,409,170,250
951,410,170,250
951,411,170,250
950,411,170,250
950,412,170,250
949,413,170,250
949,413,170,250
948,414,170,250
948,415,170,250
947,415,170,250
947,416,170,250
946,417,170,250
946,418,172,247
945,418,172,247
945,418,172,247
945,418,172,247
945,418,172,247
945,418,172,247
944,418,172,247
944,418,172,247
944,418,172,247
944,418,172,247
944,419,172,249
943,419,172,249
943,419,172,249
942,419,172,249
942,419,172,249
942,420,172,249
941,420,172,249
941,420,172,249
940,420,172,249
940,420,172,249
940,421,176,248
939,421,176,248
939,421,176,248
939,421,176,248
939,421,176,248
939,421,176,248
938,421,176,248
938,421,176,248
938,421,176,248
938,421,176,248
938,421,175,249
937,421,175,249
937,421,175,249
936,421,175,249
936,421,175,249
936,421,175,249
935,421,175,249
935,421,175,249
934,421,175,249
934,421,175,249
934,422,175,248
934,422,175,248
934,422,175,248
934,422,175,248
934,422,175,248
934,422,175,248
934,422,175,248
934,422,175,248
934,422,175,248
934,422,175,248
934,422,177,247
934,421,177,247
934,421,177,247
934,421,177,247
934,421,177,247
934,421,177,247
934,420,177,247
934,420,177,247
934,420,177,247
934,420,177,247
934,420,180,247
934,419,180,247
934,419,180,247
935,419,180,247
935,419,180,247
936,419,180,247
936,418,180,247
936,418,180,247
937,418,180,247
937,418,180,247
938,418,175,247
938,418,175,247
938,418,175,247
938,418,175,247
939,418,175,247
939,418,175,247
939,418,175,247
940,418,175,247
940,418,175,247
940,418,175,247
941,418,175,242
941,417,175,242
941,416,175,242
941,415,175,242
941,414,175,242
941,414,175,242
941,413,175,242
941,412,175,242
941,411,175,242
941,410,175,242
941,410,180,244
941,409,180,244
942,408,180,244
943,408,180,244
943,407,180,244
944,407,180,244
945,406,180,244
945,405,180,244
946,405,180,244
947,404,180,244
948,404,180,244
948,403,180,244
949,403,180,244
950,403,180,244
951,403,180,244
952,403,180,244
952,402,180,244
953,402,180,244
954,402,180,244
955,402,180,244
956,402,179,240
956,401,179,240
957,400,179,240
958,399,179,240
958,399,179,240
959,398,179,240
960,397,179,240
960,397,179,240
961,396,179,240
962,395,179,240
963,395,179,240
963,394,179,240
964,394,179,240
964,393,179,240
965,393,179,240
966,393,179,240
966,392,179,240
967,392,179,240
967,391,179,240
968,391,179,240
969,391,179,240
976,394,179,240
983,398,179,240
990,402,179,240
998,406,179,240
1005,410,179,240
1012,413,179,240
1020,417,179,240
1027,421,179,240
1034,425,179,240
1042,429,177,247
1042,428,177,247
1042,428,177,247
1042,427,177,247
1043,427,177,247
1043,427,177,247
1043,426,177,247
1044,426,177,247
1044,425,177,247
1044,425,177,247
1045,425,177,247
1045,424,177,247
1045,424,177,247
1045,423,177,247
1045,423,177,247
1045,422,177,247
1045,422,177,247
1045,421,177,247
1045,421,177,247
1045,420,177,247
1045,420,177,247
1044,419,177,247
1044,419,177,247
1044,418,177,247
1044,418,177,247
1044,418,177,247
1043,417,177,247
1043,417,177,247
1043,416,177,247
1043,416,177,247
1043,416,177,247
1042,415,177,247
1042,415,177,247
1042,414,177,247
1042,414,177,247
1042,413,177,247
1041,413,177,247
1041,412,177,247
1041,412,177,247
1041,411,177,247
1041,411,177,247
1040,410,177,247
1040,410,177,247
1040,409,177,247
1040,409,177,247
1040,409,177,247
1040,408,177,247
1040,408,177,247
1040,407,177,247
1040,407,177,247
1040,407,177,247
1039,406,177,247
1039,406,177,247
1039,406,177,247
1039,406,177,247
1039,406,177,247
1039,406,177,247
1039,406,177,247
1039,406,177,247
1039,406,177,247
1039,406,177,247
1038,406,177,247
1038,406,177,247
1038,406,177,247
1038,406,177,247
1038,406,177,247
1037,406,177,247
1037,406,177,247
1037,406,177,247
1037,406,177,247
1037,406,177,247
1036,406,177,247
1036,406,177,247
1036,406,177,247
1035,406,177,247
1035,406,177,247
1035,406,177,247
1034,406,177,247
1034,406,177,247
1034,406,177,247
1034,407,177,247
1033,407,177,247
1033,407,177,247
1032,408,177,247
1032,408,177,247
1032,409,177,247
1031,409,177,247
1031,409,177,247
1030,410,177,247
1030,410,177,247
1030,411,177,247
1029,411,177,247
1029,411,177,247
1028,411,177,247
1028,411,177,247
1027,411,177,247
1027,411,177,247
1026,411,177,247
1026,411,177,247
1025,411,177,247
1025,411,177,247
1024,411,177,247
1024,412,177,247
1023,412,177,247
1023,413,177,247
1023,413,177,247
1022,414,177,247
1022,414,177,247
1021,415,177,247
1021,415,177,247
1021,416,177,247
1020,416,177,247
1020,416,177,247
1019,416,177,247
1019,417,177,247
1018,417,177,247
1018,417,177,247
1017,418,177,247
1017,418,177,247
1016,418,177,247
1016,419,177,247
1015,419,177,247
1015,419,177,247
1014,420,177,247
1014,420,177,247
1014,421,177,247
1013,421,177,247
1013,421,177,247
1012,422,177,247
1012,422,177,247
1012,423,177,247
1012,423,177,247
1012,423,177,247
1012,423,177,247
1012,423,177,247
1012,423,177,247
1012,423,177,247
1012,423,177,247
1012,423,177,247
1012,423,177,247
1012,424,167,247
1011,424,167,247
1010,424,167,247
1010,424,167,247
1009,424,167,247
1009,425,167,247
1008,425,167,247
1007,425,167,247
1007,425,167,247
1006,425,167,247
1006,426,167,247
1005,426,167,247
1005,426,167,247
1005,426,167,247
1004,427,167,247
1004,427,167,247
1004,427,167,247
1003,428,167,247
1003,428,167,247
1003,428,167,247
1003,429,167,247
1002,429,167,247
1001,429,167,247
1000,429,167,247
1000,429,167,247
999,430,167,247
998,430,167,247
998,430,167,247
997,430,167,247
996,430,167,247
996,431,167,247
995,431,167,247
995,431,167,247
994,431,167,247
994,431,167,247
993,431,167,247
993,431,167,247
992,431,167,247
992,431,167,247
991,431,167,247
991,431,167,247
990,431,167,247
989,431,167,247
988,431,167,247
988,431,167,247
987,431,167,247
986,431,167,247
986,431,167,247
985,431,167,247
984,431,167,247
984,432,167,247
983,432,167,247
983,432,167,247
982,432,167,247
982,432,167,247
982,432,167,247
981,432,167,247
981,432,167,247
980,432,167,247
980,432,167,247
980,433,167,247
979,432,167,247
979,432,167,247
978,432,167,247
978,432,167,247
978,432,167,247
977,432,167,247
977,432,167,247
976,432,167,247
976,432,167,247
976,432,167,247
975,432,167,247
975,432,167,247
975,432,167,247
974,432,167,247
974,432,167,247
974,432,167,247
973,432,167,247
973,432,167,247
973,432,167,247
973,433,167,247
972,433,167,247
972,433,167,247
971,433,167,247
971,433,167,247
971,433,167,247
970,433,167,247
970,433,167,247
969,433,167,247
969,433,167,247
969,433,167,247
968,432,167,247
968,432,167,247
968,432,167,247
967,432,167,247
967,432,167,247
967,432,167,247
966,432,167,247
966,432,167,247
966,432,167,247
966,432,167,247
965,431,167,247
965,431,167,247
965,430,167,247
965,430,167,247
965,430,167,247
965,429,167,247
965,429,167,247
965,428,167,247
965,428,167,247
965,428,167,247
965,427,167,247
965,426,167,247
965,426,167,247
965,425,167,247
965,425,167,247
965,424,167,247
965,423,167,247
965,423,167,247
965,422,167,247
965,422,167,247
965,421,167,247
965,421,167,247
965,420,167,247
965,420,167,247
965,420,167,247
965,419,167,247
965,419,167,247
965,418,167,247
965,418,167,247
966,418,167,247
966,417,167,247
966,417,167,247
966,416,167,247
966,416,167,247
966,415,167,247
966,415,167,247
966,414,167,247
966,414,167,247
966,413,167,247
967,413,167,247
967,412,167,247
967,412,167,247
968,411,167,247
968,411,167,247
969,410,167,247
969,410,167,247
969,409,167,247
970,409,167,247
970,408,167,247
971,408,162,248
971,407,162,248
971,407,162,248
971,407,162,248
971,406,162,248
971,406,162,248
971,406,162,248
971,405,162,248
971,405,162,248
971,405,162,248
972,405,163,242
972,404,163,242
973,403,163,242
973,403,163,242
974,402,163,242
975,402,163,242
975,401,163,242
976,400,163,242
976,400,163,242
977,399,163,242
978,399,163,242
978,398,163,242
978,398,163,242
978,397,163,242
978,397,163,242
978,396,163,242
978,396,163,242
978,395,163,242
978,395,163,242
978,394,163,242
978,394,163,242
978,393,163,242
979,392,163,242
979,392,163,242
980,391,163,242
981,391,163,242
981,390,163,242
982,389,163,242
982,389,163,242
983,388,163,242
984,388,163,242
983,387,163,242
983,386,163,242
983,385,163,242
983,385,163,242
983,384,163,242
982,383,163,242
982,383,163,242
982,382,163,242
982,381,163,242
982,381,163,242
982,380,163,242
983,379,163,242
984,379,163,242
984,378,163,242
985,378,163,242
986,377,163,242
986,376,163,242
987,376,163,242
988,375,163,242
989,375,163,242
989,374,163,242
989,374,163,242
990,374,163,242
990,373,163,242
991,373,163,242
991,373,163,242
991,372,163,242
992,372,163,242
992,372,163,242
993,372,159,245
992,372,159,245
992,372,159,245
992,372,159,245
991,372,159,245
991,372,159,245
991,372,159,245
990,372,159,245
990,372,159,245
990,372,159,245
990,373,160,239
987,373,160,239
985,373,160,239
983,373,160,239
981,373,160,239
979,374,160,239
977,374,160,239
975,374,160,239
973,374,160,239
971,374,160,239
969,375,160,235
965,374,160,235
962,374,160,235
959,374,160,235
956,374,160,235
953,374,160,235
950,374,160,235
947,374,160,235
944,374,160,235
941,374,160,235
938,374,165,233
937,373,165,233
936,373,165,233
935,373,165,233
934,372,165,233
933,372,165,233
932,372,165,233
931,371,165,233
930,371,165,233
929,371,165,233
928,371,165,233
928,370,165,233
928,370,165,233
928,370,165,233
929,370,165,233
929,370,165,233
929,369,165,233
930,369,165,233
930,369,165,233
930,369,165,233
931,369,164,233
931,368,164,233
932,368,164,233
932,367,164,233
933,367,164,233
933,366,164,233
934,366,164,233
934,365,164,233
935,365,164,233
935,364,164,233
936,364,163,232
936,363,163,232
937,363,163,232
938,362,163,232
939,362,163,232
940,362,163,232
940,361,163,232
941,361,163,232
942,360,163,232
943,360,163,232
944,360,163,232
944,359,163,232
945,359,163,232
945,359,163,232
946,359,163,232
946,359,163,232
947,358,163,232
947,358,163,232
948,358,163,232
948,358,163,232
949,358,163,230
949,357,163,230
949,357,163,230
949,357,163,230
950,356,163,230
950,356,163,230
950,356,163,230
951,355,163,230
951,355,163,230
951,355,163,230
952,355,166,224
951,354,166,224
951,354,166,224
951,353,166,224
951,353,166,224
951,352,166,224
951,352,166,224
951,351,166,224
951,351,166,224
951,350,166,224
951,350,166,224
951,349,166,224
951,349,166,224
951,348,166,224
951,348,166,224
951,347,166,224
951,347,166,224
951,346,166,224
951,346,166,224
951,345,166,224
952,345,166,224
952,344,166,224
952,344,166,224
952,344,166,224
952,343,166,224
952,343,166,224
952,343,166,224
952,342,166,224
952,342,166,224
952,342,166,224
953,342,166,224
953,341,166,224
953,341,166,224
953,341,166,224
953,340,166,224
953,340,166,224
953,340,166,224
953,339,166,224
953,339,166,224
953,339,166,224
953,339,166,224
952,339,166,224
952,339,166,224
952,339,166,224
952,339,166,224
952,339,166,224
951,339,166,224
951,339,166,224
951,339,166,224
951,339,166,224
951,339,170,217
950,338,170,217
950,338,170,217
950,338,170,217
949,338,170,217
949,338,170,217
949,337,170,217
948,337,170,217
948,337,170,217
948,337,170,217
948,337,170,217
947,336,170,217
947,336,170,217
947,336,170,217
947,336,170,217
947,336,170,217
947,335,170,217
947,335,170,217
947,335,170,217
947,335,170,217
947,335,174,213
946,334,174,213
946,334,174,213
946,334,174,213
946,334,174,213
946,334,174,213
945,333,174,213
945,333,174,213
945,333,174,213
945,333,174,213
945,333,177,216
944,332,177,216
944,332,177,216
944,332,177,216
944,332,177,216
944,332,177,216
943,332,177,216
943,332,177,216
943,332,177,216
943,332,177,216
943,332,177,216
943,331,177,216
943,331,177,216
943,331,177,216
943,331,177,216
943,331,177,216
943,330,177,216
943,330,177,216
943,330,177,216
943,330,177,216
944,330,177,216
944,329,177,216
944,329,177,216
944,329,177,216
944,329,177,216
944,329,177,216
944,328,177,216
944,328,177,216
944,328,177,216
944,328,177,216
944,328,177,216
943,327,177,216
943,327,177,216
943,327,177,216
943,326,177,216
943,326,177,216
943,326,177,216
943,325,177,216
943,325,177,216
943,325,177,216
943,325,177,216
942,324,177,216
942,324,177,216
942,324,177,216
941,324,177,216
941,324,177,216
941,323,177,216
940,323,177,216
940,323,177,216
940,323,177,216
940,323,177,216
939,322,177,216
939,322,177,216
939,322,177,216
939,322,177,216
939,322,177,216
939,322,177,216
939,322,177,216
939,322,177,216
939,322,177,216
939,322,177,216
938,322,177,216
938,322,177,216
937,322,177,216
937,323,177,216
936,323,177,216
936,323,177,216
935,324,177,216
935,324,177,216
934,324,177,216
934,325,181,208
933,325,181,208
933,325,181,208
932,325,181,208
932,325,181,208
932,325,181,208
931,325,181,208
931,325,181,208
930,325,181,208
930,325,181,208
930,325,181,208
929,324,181,208
929,324,181,208
928,324,181,208
928,324,181,208
928,324,181,208
927,324,181,208
927,324,181,208
926,324,181,208
926,324,181,208
926,324,181,208
925,324,181,208
925,324,181,208
924,324,181,208
924,324,181,208
924,324,181,208
923,324,181,208
923,324,181,208
922,324,181,208
922,324,181,208
922,325,181,208
921,325,181,208
921,325,181,208
920,325,181,208
920,326,181,208
919,326,181,208
919,326,181,208
918,327,181,208
918,327,181,208
917,327,181,208
917,328,181,208
916,327,181,208
916,327,181,208
915,327,181,208
915,327,181,208
915,327,181,208
914,326,181,208
914,326,181,208
913,326,181,208
913,326,181,208
913,326,181,208
912,326,181,208
912,326,181,208
912,326,181,208
912,326,181,208
912,326,181,208
911,326,181,208
911,326,181,208
911,326,181,208
911,326,181,208
911,326,181,208
910,326,181,208
910,326,181,208
910,327,181,208
910,327,181,208
910,328,181,208
909,328,181,208
909,328,181,208
909,329,181,208
909,329,181,208
909,330,181,208
909,330,181,208
909,330,181,208
910,330,181,208
910,331,181,208
911,331,181,208
911,331,181,208
911,332,181,208
912,332,181,208
912,332,181,208
913,333,181,208
913,333,181,208
913,333,181,208
913,333,181,208
913,334,181,208
914,334,181,208
914,334,181,208
914,335,181,208
914,335,181,208
914,335,181,208
915,336,181,208
915,339,181,208
916,342,181,208
917,345,181,208
918,349,181,208
919,352,181,208
919,355,181,208
920,359,181,208
921,362,181,208
922,365,181,208
923,369,221,194
923,369,221,194
924,369,221,194
924,369,221,194
925,369,221,194
925,369,221,194
926,369,221,194
926,369,221,194
927,369,221,194
927,369,221,194
928,370,224,193
928,370,224,193
929,370,224,193
930,370,224,193
931,370,224,193
932,371,224,193
932,371,224,193
933,371,224,193
934,371,224,193
935,371,224,193
936,372,224,193
936,371,224,193
936,371,224,193
936,371,224,193
937,370,224,193
937,370,224,193
937,370,224,193
938,369,224,193
938,369,224,193
938,369,224,193
939,369,224,193
939,369,224,193
940,369,224,193
940,369,224,193
941,369,224,193
942,370,224,193
942,370,224,193
943,370,224,193
943,370,224,193
944,370,224,193
945,371,224,193
946,370,224,193
948,370,224,193
949,370,224,193
951,370,224,193
953,370,224,193
954,369,224,193
956,369,224,193
957,369,224,193
959,369,224,193
961,369,224,193
962,369,224,193
964,369,224,193
966,369,224,193
968,369,224,193
970,369,224,193
972,369,224,193
974,369,224,193
976,369,224,193
978,369,224,193
980,369,224,193
982,369,224,193
984,369,224,193
986,369,224,193
989,369,224,193
991,369,224,193
993,369,224,193
996,369,224,193
998,369,224,193
1000,369,224,193
1003,369,224,193
1005,369,224,193
1007,369,224,193
1009,369,224,193
1011,369,224,193
1014,369,224,193
1016,369,224,193
1018,369,224,193
1020,369,224,193
1022,369,224,193
1025,369,224,193
1027,368,224,193
1029,368,224,193
1031,368,224,193
1034,368,224,193
1036,368,224,193
1038,367,224,193
1041,367,224,193
1043,367,224,193
1045,367,224,193
1048,367,224,193
1050,366,224,193
1052,366,224,193
1054,366,224,193
1056,366,224,193
1058,366,224,193
1060,366,224,193
1062,366,224,193
1064,366,224,193
1066,366,224,193
1069,366,230,190
1071,366,230,190
1073,366,230,190
1075,366,230,190
1077,366,230,190
1079,366,230,190
1081,366,230,190
1083,366,230,190
1085,366,230,190
1087,366,230,190
1090,367,230,190
1092,366,230,190
1095,366,230,190
1098,366,230,190
1100,366,230,190
1103,366,230,190
1106,365,230,190
1108,365,230,190
1111,365,230,190
1114,365,230,190
1117,365,230,190
1116,364,230,190
1116,364,230,190
1116,364,230,190
1116,364,230,190
1116,364,230,190
1116,363,230,190
1116,363,230,190
1116,363,230,190
1116,363,230,190
1116,363,230,190
1115,362,230,190
1115,362,230,190
1115,362,230,190
1115,361,230,190
1115,361,230,190
1114,361,230,190
1114,360,230,190
1114,360,230,190
1114,360,230,190
1114,360,230,190
1114,359,230,190
1114,359,230,190
1114,358,230,190
1114,358,230,190
1115,358,230,190
1115,357,230,190
1115,357,230,190
1115,356,230,190
1115,356,230,190
1116,356,230,190
1116,355,230,190
1116,355,230,190
1116,355,230,190
1116,354,230,190
1117,354,230,190
1117,354,230,190
1117,353,230,190
1117,353,230,190
1117,353,230,190
1118,353,230,190
1117,352,230,190
1117,352,230,190
1117,352,230,190
1116,352,230,190
1116,352,230,190
1116,351,230,190
1115,351,230,190
1115,351,230,190
1115,351,230,190
1115,351,233,183
1114,350,233,183
1113,350,233,183
1112,350,233,183
1111,349,233,183
1110,349,233,183
1109,349,233,183
1108,348,233,183
1107,348,233,183
1106,348,233,183
1106,348,236,184
1104,347,236,184
1103,347,236,184
1102,347,236,184
1101,347,236,184
1100,347,236,184
1099,346,236,184
1098,346,236,184
1097,346,236,184
1096,346,236,184
1095,346,235,177
1093,345,235,177
1092,345,235,177
1091,344,235,177
1090,344,235,177
1089,344,235,177
1087,343,235,177
1086,343,235,177
1085,342,235,177
1084,342,235,177
1083,342,234,178
1081,341,234,178
1080,341,234,178
1078,341,234,178
1077,340,234,178
1076,340,234,178
1074,340,234,178
1073,339,234,178
1071,339,234,178
1070,339,234,178
1069,339,239,174
1068,338,239,174
1067,338,239,174
1066,337,239,174
1065,337,239,174
1065,336,239,174
1064,336,239,174
1063,335,239,174
1062,335,239,174
1061,334,239,174
1061,334,235,178
1060,333,235,178
1059,332,235,178
1058,332,235,178
1057,331,235,178
1056,331,235,178
1055,330,235,178
1054,329,235,178
1053,329,235,178
1052,328,235,178
1052,328,237,176
1050,327,237,176
1049,327,237,176
1048,327,237,176
1047,327,237,176
1046,327,237,176
1044,326,237,176
1043,326,237,176
1042,326,237,176
1041,326,237,176
1040,326,238,174
1039,325,238,174
1039,325,238,174
1038,324,238,174
1038,324,238,174
1038,323,238,174
1037,323,238,174
1037,322,238,174
1036,322,238,174
1036,321,238,174
1036,321,237,173
1035,320,237,173
1035,320,237,173
1034,320,237,173
1034,319,237,173
1034,319,237,173
1033,319,237,173
1033,318,237,173
1032,318,237,173
1032,318,237,173
1032,318,237,173
1031,317,237,173
1031,316,237,173
1030,316,237,173
1030,315,237,173
1030,315,237,173
1029,314,237,173
1029,313,237,173
1028,313,237,173
1028,312,237,173
1028,312,237,173
1027,311,237,173
1027,311,237,173
1027,310,237,173
1026,310,237,173
1026,310,237,173
1026,309,237,173
1025,309,237,173
1025,308,237,173
1025,308,237,173
1025,308,237,173
1024,307,237,173
1024,307,237,173
1024,306,237,173
1023,306,237,173
1023,306,237,173
1023,305,237,173
1022,305,237,173
1022,304,237,173
1022,304,237,173
1022,304,237,173
1021,303,237,173
1021,303,237,173
1021,302,237,173
1021,302,237,173
1021,301,237,173
1020,301,237,173
1020,300,237,173
1020,300,237,173
1020,299,237,173
1020,299,237,173
1020,298,237,173
1021,298,237,173
1022,297,237,173
1022,297,237,173
1023,297,237,173
1024,296,237,173
1024,296,237,173
1025,295,237,173
1026,295,237,173
1027,295,237,173
1028,294,237,173
1030,293,237,173
1032,293,237,173
1034,292,237,173
1036,292,237,173
1038,291,237,173
1040,290,237,173
1042,290,237,173
1044,289,237,173
1046,289,237,173
1048,288,237,173
1050,288,237,173
1052,287,237,173
1054,287,237,173
1056,287,237,173
1058,286,237,173
1060,286,237,173
1062,285,237,173
1064,285,237,173
1067,285,237,173
1068,284,237,173
1070,284,237,173
1072,284,237,173
1073,284,237,173
1075,284,237,173
1077,283,237,173
1078,283,237,173
1080,283,237,173
1082,283,237,173
1084,283,237,173
1085,282,237,173
1087,281,237,173
1089,280,237,173
1091,279,237,173
1093,279,237,173
1095,278,237,173
1097,277,237,173
1099,276,237,173
1101,275,237,173
1103,275,237,173
1104,274,237,173
1106,274,237,173
1108,274,237,173
1109,273,237,173
1111,273,237,173
1113,273,237,173
1114,272,237,173
1116,272,237,173
1118,272,237,173
1120,272,235,168
1121,271,235,168
1123,270,235,168
1124,269,235,168
1126,268,235,168
1128,268,235,168
1129,267,235,168
1131,266,235,168
1132,265,235,168
1134,264,235,168
1136,264,235,171
1137,263,235,171
1138,263,235,171
1139,262,235,171
1140,262,235,171
1142,261,235,171
1143,261,235,171
1144,260,235,171
1145,260,235,171
1146,259,235,171
1148,259,235,170
1149,260,235,170
1150,261,235,170
1151,262,235,170
1152,263,235,170
1154,264,235,170
1155,265,235,170
1156,266,235,170
1157,267,235,170
1158,268,235,170
1160,269,229,167
1159,270,229,167
1159,272,229,167
1158,273,229,167
1158,275,229,167
1157,276,229,167
1157,278,229,167
1156,279,229,167
1156,281,229,167
1155,282,229,167
1155,284,229,167
1153,284,229,167
1151,285,229,167
1149,285,229,167
1147,286,229,167
1146,286,229,167
1144,287,229,167
1142,287,229,167
1140,288,229,167
1138,288,229,167
1137,289,228,163
1132,288,228,163
1128,287,228,163
1123,286,228,163
1119,286,228,163
1114,285,228,163
1110,284,228,163
1105,284,228,163
1101,283,228,163
1096,282,228,163
1092,282,231,160
1087,280,231,160
1082,279,231,160
1077,278,231,160
1072,277,231,160
1068,276,231,160
1063,275,231,160
1058,274,231,160
1053,273,231,160
1048,272,231,160
1044,271,231,160
1039,270,231,160
1034,270,231,160
1029,269,231,160
1024,269,231,160
1020,268,231,160
1015,268,231,160
1010,267,231,160
1005,267,231,160
1000,266,231,160
996,266,229,163
992,267,229,163
989,268,229,163
985,269,229,163
982,270,229,163
979,271,229,163
975,272,229,163
972,273,229,163
968,274,229,163
965,275,229,163
962,277,230,162
961,276,230,162
960,275,230,162
960,274,230,162
959,273,230,162
959,273,230,162
958,272,230,162
957,271,230,162
957,270,230,162
956,269,230,162
956,269,225,160
955,268,225,160
954,268,225,160
953,267,225,160
952,267,225,160
951,266,225,160
950,266,225,160
949,265,225,160
948,265,225,160
947,264,225,160
947,264,225,165
945,263,225,165
943,262,225,165
942,262,225,165
940,261,225,165
939,261,225,165
937,260,225,165
935,259,225,165
934,259,225,165
932,258,225,165
931,258,228,161
927,257,228,161
924,256,228,161
921,255,228,161
918,255,228,161
915,254,228,161
911,253,228,161
908,253,228,161
905,252,228,161
902,251,228,161
899,251,224,161
894,250,224,161
890,250,224,161
886,250,224,161
882,249,224,161
878,249,224,161
874,249,224,161
870,248,224,161
866,248,224,161
862,248,224,161
858,248,226,160
855,247,226,160
852,247,226,160
850,247,226,160
847,246,226,160
845,246,226,160
842,246,226,160
839,245,226,160
837,245,226,160
834,245,226,160
832,245,226,160
830,244,226,160
829,244,226,160
827,244,226,160
826,243,226,160
824,243,226,160
823,243,226,160
821,242,226,160
820,242,226,160
818,242,226,160
817,242,226,160
816,241,226,160
815,241,226,160
815,241,226,160
814,241,226,160
814,241,226,160
813,240,226,160
812,240,226,160
812,240,226,160
811,240,226,160
811,240,226,160
810,239,226,160
809,239,226,160
808,239,226,160
807,239,226,160
806,239,226,160
805,239,226,160
804,239,226,160
803,239,226,160
802,239,226,160
801,239,226,160
799,239,226,160
798,239,226,160
797,239,226,160
796,239,226,160
795,239,226,160
793,239,226,160
792,239,226,160
791,239,226,160
790,239,226,160
789,240,226,160
787,240,226,160
785,241,226,160
783,241,226,160
781,242,226,160
780,243,226,160
778,243,226,160
776,244,226,160
774,244,226,160
772,245,226,160
771,246,232,157
769,247,232,157
768,248,232,157
767,249,232,157
766,250,232,157
765,251,232,157
763,252,232,157
762,253,232,157
761,254,232,157
760,255,232,157
759,257,229,157
757,258,229,157
756,259,229,157
755,260,229,157
753,261,229,157
752,262,229,157
751,263,229,157
749,264,229,157
748,265,229,157
747,266,229,157
746,268,229,157
744,269,229,157
742,270,229,157
740,271,229,157
738,272,229,157
737,273,229,157
735,274,229,157
733,275,229,157
731,276,229,157
729,277,229,157
728,279,231,156
726,279,231,156
725,280,231,156
723,280,231,156
722,281,231,156
721,281,231,156
719,282,231,156
718,282,231,156
716,283,231,156
715,283,231,156
714,284,231,156
713,285,231,156
712,286,231,156
711,287,231,156
711,288,231,156
710,289,231,156
709,290,231,156
709,291,231,156
708,292,231,156
707,293,231,156
707,294,235,156
707,294,235,156
707,295,235,156
707,296,235,156
708,297,235,156
708,298,235,156
708,299,235,156
709,300,235,156
709,301,235,156
709,302,235,156
710,303,235,156
711,303,235,156
712,304,235,156
713,305,235,156
714,305,235,156
715,306,235,156
716,307,235,156
717,307,235,156
718,308,235,156
719,309,235,156
720,310,235,156
721,310,235,156
722,310,235,156
723,311,235,156
724,311,235,156
725,312,235,156
726,312,235,156
727,312,235,156
728,313,235,156
729,313,235,156
730,314,235,156
730,314,235,156
730,314,235,156
730,315,235,156
730,315,235,156
730,316,235,156
730,316,235,156
730,316,235,156
730,317,235,156
730,317,235,156
730,318,235,150
729,318,235,150
728,318,235,150
728,318,235,150
727,318,235,150
727,319,235,150
726,319,235,150
725,319,235,150
725,319,235,150
724,319,235,150
724,320,235,150
725,320,235,150
726,320,235,150
727,320,235,150
729,320,235,150
730,320,235,150
731,320,235,150
733,320,235,150
734,320,235,150
735,320,235,150
737,321,235,150
738,321,235,150
740,321,235,150
742,321,235,150
744,321,235,150
746,322,235,150
747,322,235,150
749,322,235,150
751,322,235,150
753,322,235,150
755,323,233,147
755,323,233,147
756,323,233,147
757,323,233,147
758,323,233,147
759,324,233,147
760,324,233,147
761,324,233,147
762,324,233,147
763,324,233,147
764,325,233,147
765,339,233,147
767,353,233,147
768,368,233,147
770,382,233,147
772,397,233,147
773,411,233,147
775,425,233,147
776,440,233,147
778,454,233,147
780,469,253,127
780,469,253,127
780,469,253,127
780,469,253,127
780,469,253,127
780,469,253,127
780,469,253,127
780,469,253,127
780,469,253,127
780,469,253,127
780,470,257,128
779,470,257,128
779,470,257,128
779,470,257,128
778,470,257,128
778,471,257,128
778,471,257,128
777,471,257,128
777,471,257,128
777,471,257,128
777,472,265,129
777,472,265,129
777,472,265,129
777,472,265,129
777,473,265,129
778,473,265,129
778,473,265,129
778,474,265,129
778,474,265,129
778,474,265,129
779,475,266,128
779,475,266,128
780,475,266,128
781,475,266,128
781,475,266,128
782,475,266,128
783,475,266,128
783,475,266,128
784,475,266,128
785,475,266,128
786,476,264,129
786,475,264,129
787,475,264,129
788,475,264,129
789,475,264,129
790,475,264,129
791,474,264,129
792,474,264,129
793,474,264,129
794,474,264,129
795,474,262,131
795,473,262,131
796,472,262,131
797,471,262,131
798,470,262,131
799,469,262,131
799,468,262,131
800,467,262,131
801,466,262,131
802,465,262,131
803,464,255,142
803,463,255,142
804,463,255,142
805,463,255,142
806,463,255,142
807,463,255,142
808,462,255,142
809,462,255,142
810,462,255,142
811,462,255,142
812,462,262,143
813,462,262,143
815,462,262,143
817,462,262,143
819,462,262,143
821,462,262,143
822,462,262,143
824,462,262,143
826,462,262,143
828,462,262,143
830,462,257,148
830,462,257,148
831,462,257,148
831,462,257,148
832,462,257,148
832,463,257,148
833,463,257,148
833,463,257,148
834,463,257,148
834,463,257,148
835,464,256,151
834,464,256,151
834,465,256,151
834,465,256,151
833,466,256,151
833,467,256,151
833,467,256,151
832,468,256,151
832,468,256,151
832,469,256,151
832,470,263,148
831,469,263,148
831,469,263,148
830,469,263,148
830,468,263,148
830,468,263,148
829,468,263,148
829,467,263,148
828,467,263,148
828,467,263,148
828,467,257,150
827,467,257,150
826,467,257,150
826,467,257,150
825,467,257,150
825,467,257,150
824,467,257,150
823,467,257,150
823,467,257,150
822,467,257,150
822,467,258,151
821,467,258,151
820,467,258,151
819,467,258,151
818,467,258,151
817,467,258,151
816,467,258,151
815,467,258,151
814,467,258,151
813,467,258,151
813,467,256,158
811,467,256,158
810,468,256,158
809,468,256,158
808,469,256,158
807,470,256,158
805,470,256,158
804,471,256,158
803,471,256,158
802,472,256,158
801,473,257,157
800,473,257,157
799,474,257,157
798,474,257,157
797,475,257,157
796,475,257,157
795,476,257,157
794,476,257,157
793,477,257,157
792,477,257,157
791,478,255,156
791,478,255,156
791,478,255,156
791,478,255,156
791,478,255,156
791,479,255,156
791,479,255,156
791,479,255,156
791,479,255,156
791,479,255,156
791,480,255,160
792,480,255,160
793,481,255,160
794,481,255,160
795,482,255,160
796,483,255,160
797,483,255,160
798,484,255,160
799,484,255,160
800,485,255,160
801,486,247,157
801,486,247,157
801,486,247,157
801,486,247,157
801,486,247,157
801,487,247,157
801,487,247,157
801,487,247,157
801,487,247,157
801,487,247,157
802,488,246,158
802,488,246,158
802,488,246,158
802,488,246,158
802,488,246,158
802,488,246,158
802,488,246,158
802,488,246,158
802,488,246,158
802,488,246,158
803,488,243,161
801,488,243,161
800,488,243,161
799,488,243,161
798,488,243,161
797,488,243,161
796,488,243,161
795,488,243,161
794,488,243,161
793,488,243,161
792,488,253,164
791,487,253,164
791,486,253,164
790,486,253,164
790,485,253,164
790,485,253,164
789,484,253,164
789,483,253,164
788,483,253,164
788,482,253,164
788,482,253,169
787,482,253,169
787,482,253,169
786,482,253,169
786,482,253,169
785,482,253,169
785,482,253,169
784,482,253,169
784,482,253,169
783,482,253,169
783,482,250,169
783,481,250,169
783,481,250,169
783,480,250,169
783,480,250,169
783,479,250,169
783,479,250,169
783,478,250,169
783,478,250,169
783,477,250,169
783,477,252,171
783,476,252,171
783,476,252,171
783,476,252,171
784,476,252,171
784,476,252,171
784,475,252,171
785,475,252,171
785,475,252,171
785,475,252,171
786,475,251,171
786,474,251,171
786,474,251,171
787,473,251,171
787,473,251,171
788,473,251,171
788,472,251,171
788,472,251,171
789,471,251,171
789,471,251,171
790,471,247,172
790,470,247,172
790,470,247,172
791,470,247,172
791,470,247,172
792,470,247,172
792,469,247,172
792,469,247,172
793,469,247,172
793,469,247,172
794,469,243,172
794,468,243,172
794,468,243,172
794,468,243,172
794,468,243,172
794,468,243,172
794,467,243,172
794,467,243,172
794,467,243,172
794,467,243,172
795,467,240,174
795,466,240,174
795,466,240,174
795,466,240,174
795,465,240,174
795,465,240,174
795,465,240,174
795,464,240,174
795,464,240,174
795,464,240,174
796,464,241,171
795,463,241,171
795,463,241,171
795,462,241,171
795,462,241,171
795,462,241,171
794,461,241,171
794,461,241,171
794,460,241,171
794,460,241,171
794,460,238,172
793,459,238,172
793,458,238,172
793,457,238,172
792,456,238,172
792,456,238,172
792,455,238,172
791,454,238,172
791,453,238,172
791,452,238,172
791,452,239,177
790,451,239,177
790,450,239,177
790,449,239,177
789,449,239,177
789,448,239,177
789,447,239,177
788,447,239,177
788,446,239,177
788,445,239,177
788,445,242,176
789,444,242,176
791,444,242,176
792,443,242,176
794,443,242,176
795,443,242,176
797,442,242,176
798,442,242,176
800,441,242,176
801,441,242,176
803,441,240,172
804,440,240,172
806,439,240,172
808,438,240,172
810,438,240,172
812,437,240,172
813,436,240,172
815,436,240,172
817,435,240,172
819,434,240,172
821,434,238,174
822,433,238,174
823,432,238,174
824,432,238,174
825,431,238,174
826,431,238,174
827,430,238,174
828,429,238,174
829,429,238,174
830,428,238,174
832,428,240,176
832,427,240,176
833,427,240,176
834,427,240,176
834,427,240,176
835,427,240,176
836,427,240,176
836,427,240,176
837,427,240,176
838,427,240,176
839,427,237,174
838,426,237,174
838,426,237,174
838,425,237,174
838,425,237,174
838,425,237,174
838,424,237,174
838,424,237,174
838,423,237,174
838,423,237,174
838,423,236,174
837,422,236,174
836,421,236,174
835,421,236,174
835,420,236,174
834,420,236,174
833,419,236,174
833,418,236,174
832,418,236,174
831,417,236,174
831,417,236,181
830,416,236,181
830,415,236,181
829,414,236,181
829,414,236,181
828,413,236,181
828,412,236,181
827,412,236,181
827,411,236,181
826,410,236,181
826,410,235,185
826,409,235,185
826,409,235,185
826,409,235,185
826,409,235,185
826,409,235,185
826,408,235,185
826,408,235,185
826,408,235,185
826,408,235,185
826,408,228,181
826,407,228,181
826,407,228,181
826,407,228,181
826,407,228,181
826,407,228,181
826,406,228,181
826,406,228,181
826,406,228,181
826,406,228,181
827,406,232,181
827,405,232,181
828,405,232,181
829,404,232,181
830,404,232,181
831,404,232,181
831,403,232,181
832,403,232,181
833,402,232,181
834,402,232,181
835,402,230,182
836,401,230,182
838,401,230,182
839,401,230,182
841,400,230,182
842,400,230,182
844,400,230,182
845,399,230,182
847,399,230,182
848,399,230,182
850,399,222,182
850,398,222,182
851,397,222,182
852,397,222,182
853,396,222,182
854,396,222,182
855,395,222,182
856,394,222,182
857,394,222,182
858,393,222,182
859,393,224,185
857,393,224,185
856,394,224,185
855,394,224,185
854,395,224,185
853,396,224,185
852,396,224,185
851,397,224,185
850,397,224,185
849,398,224,185
848,399,236,172
846,397,236,172
845,396,236,172
844,395,236,172
842,394,236,172
841,393,236,172
840,392,236,172
838,391,236,172
837,390,236,172
836,389,236,172
835,388,232,177
834,387,232,177
833,386,232,177
832,386,232,177
832,385,232,177
831,385,232,177
830,384,232,177
830,383,232,177
829,383,232,177
828,382,232,177
828,382,222,185
828,381,222,185
829,381,222,185
830,380,222,185
831,380,222,185
832,380,222,185
832,379,222,185
833,379,222,185
834,378,222,185
835,378,222,185
836,378,210,183
833,378,210,183
830,378,210,183
827,378,210,183
825,378,210,183
822,379,210,183
819,379,210,183
817,379,210,183
814,379,210,183
811,379,210,183
809,380,226,185
807,381,226,185
805,382,226,185
804,383,226,185
802,384,226,185
801,385,226,185
799,386,226,185
797,387,226,185
796,388,226,185
794,389,226,185
793,390,233,178
789,391,233,178
786,392,233,178
782,393,233,178
779,394,233,178
776,396,233,178
772,397,233,178
769,398,233,178
765,399,233,178
762,400,233,178
759,402,227,177
755,402,227,177
752,403,227,177
749,404,227,177
746,405,227,177
743,406,227,177
740,407,227,177
737,408,227,177
734,409,227,177
731,410,227,177
728,411,228,186
727,412,228,186
727,413,228,186
727,414,228,186
727,415,228,186
727,416,228,186
727,417,228,186
727,418,228,186
727,419,228,186
727,420,228,186
727,421,221,183
726,421,221,183
725,421,221,183
724,421,221,183
723,421,221,183
723,421,221,183
722,421,221,183
721,421,221,183
720,421,221,183
719,421,221,183
719,421,220,189
716,421,220,189
713,421,220,189
711,422,220,189
708,422,220,189
706,423,220,189
703,423,220,189
700,423,220,189
698,424,220,189
695,424,220,189
693,425,235,185
692,424,235,185
691,423,235,185
690,423,235,185
689,422,235,185
689,422,235,185
688,421,235,185
687,420,235,185
686,420,235,185
685,419,235,185
685,419,230,183
684,418,230,183
683,418,230,183
682,417,230,183
681,417,230,183
680,416,230,183
679,416,230,183
678,415,230,183
677,415,230,183
676,414,230,183
676,414,232,180
675,412,232,180
674,411,232,180
674,409,232,180
673,408,232,180
673,406,232,180
672,405,232,180
671,403,232,180
671,402,232,180
670,400,232,180
670,399,232,180
671,397,232,180
672,396,232,180
673,395,232,180
674,394,232,180
675,393,232,180
676,391,232,180
677,390,232,180
678,389,232,180
679,388,232,180
680,387,215,178
680,385,215,178
680,383,215,178
680,381,215,178
680,380,215,178
680,378,215,178
680,376,215,178
680,375,215,178
680,373,215,178
680,371,215,178
680,370,216,177
680,368,216,177
681,366,216,177
682,365,216,177
683,363,216,177
684,362,216,177
685,360,216,177
686,358,216,177
687,357,216,177
688,355,216,177
689,354,213,178
689,352,213,178
689,351,213,178
689,350,213,178
689,348,213,178
690,347,213,178
690,346,213,178
690,344,213,178
690,343,213,178
690,342,213,178
691,341,210,171
692,339,210,171
693,337,210,171
694,336,210,171
695,334,210,171
696,333,210,171
697,331,210,171
698,329,210,171
699,328,210,171
700,326,210,171
702,325,209,170
703,323,209,170
704,322,209,170
705,321,209,170
707,320,209,170
708,319,209,170
709,317,209,170
711,316,209,170
712,315,209,170
713,314,209,170
715,313,207,169
716,312,207,169
717,311,207,169
718,310,207,169
720,309,207,169
721,308,207,169
722,307,207,169
724,306,207,169
725,305,207,169
726,304,207,169
728,303,203,168
728,304,203,168
729,305,203,168
729,306,203,168
730,307,203,168
730,308,203,168
731,309,203,168
731,310,203,168
732,311,203,168
732,312,203,168
733,313,209,167
733,318,209,167
734,323,209,167
734,328,209,167
735,333,209,167
736,338,209,167
736,343,209,167
737,348,209,167
737,353,209,167
738,358,209,167
739,363,211,165
739,364,211,165
740,365,211,165
741,367,211,165
741,368,211,165
742,370,211,165
743,371,211,165
743,372,211,165
744,374,211,165
745,375,211,165
746,377,207,162
747,377,207,162
749,378,207,162
750,379,207,162
752,380,207,162
753,381,207,162
755,381,207,162
756,382,207,162
758,383,207,162
759,384,207,162
761,385,194,164
761,385,194,164
762,385,194,164
763,386,194,164
764,386,194,164
765,387,194,164
765,387,194,164
766,387,194,164
767,388,194,164
768,388,194,164
769,389,192,165
769,389,192,165
769,389,192,165
769,390,192,165
770,390,192,165
770,391,192,165
770,391,192,165
771,391,192,165
771,392,192,165
771,392,192,165
772,393,196,169
787,398,196,169
803,404,196,169
818,409,196,169
834,415,196,169
849,421,196,169
865,426,196,169
880,432,196,169
896,437,196,169
911,443,196,169
927,449,197,185
927,448,197,185
927,447,197,185
927,446,197,185
927,445,197,185
928,445,197,185
928,444,197,185
928,443,197,185
928,442,197,185
928,441,197,185
929,441,199,185
929,440,199,185
930,440,199,185
931,439,199,185
932,439,199,185
933,438,199,185
933,438,199,185
934,437,199,185
935,437,199,185
936,436,199,185
937,436,196,182
937,435,196,182
938,435,196,182
939,435,196,182
940,435,196,182
941,435,196,182
941,434,196,182
942,434,196,182
943,434,196,182
944,434,196,182
945,434,190,178
946,432,190,178
948,431,190,178
949,429,190,178
951,428,190,178
952,426,190,178
954,425,190,178
955,423,190,178
957,422,190,178
958,420,190,178
960,419,196,185
961,418,196,185
962,417,196,185
963,416,196,185
964,415,196,185
965,414,196,185
966,413,196,185
967,412,196,185
968,411,196,185
969,410,196,185
971,410,199,186
971,409,199,186
972,408,199,186
973,407,199,186
974,406,199,186
975,406,199,186
976,405,199,186
977,404,199,186
978,403,199,186
979,402,199,186
980,402,192,186
977,401,192,186
975,401,192,186
973,400,192,186
971,400,192,186
969,399,192,186
967,399,192,186
965,398,192,186
963,398,192,186
961,397,192,186
959,397,191,186
956,396,191,186
953,395,191,186
950,395,191,186
947,394,191,186
945,394,191,186
942,393,191,186
939,392,191,186
936,392,191,186
933,391,191,186
931,391,189,187
928,391,189,187
925,391,189,187
922,392,189,187
919,392,189,187
917,393,189,187
914,393,189,187
911,393,189,187
908,394,189,187
905,394,189,187
903,395,192,185
904,398,192,185
905,402,192,185
906,406,192,185
907,409,192,185
908,413,192,185
909,417,192,185
910,420,192,185
911,424,192,185
912,428,192,185
913,432,185,186
914,433,185,186
915,435,185,186
916,436,185,186
917,438,185,186
918,439,185,186
919,441,185,186
920,442,185,186
921,444,185,186
922,445,185,186
924,447,185,189
925,447,185,189
926,448,185,189
927,448,185,189
928,449,185,189
930,449,185,189
931,450,185,189
932,450,185,189
933,451,185,189
934,451,185,189
936,452,188,183
937,451,188,183
938,451,188,183
939,450,188,183
940,450,188,183
942,450,188,183
943,449,188,183
944,449,188,183
945,448,188,183
946,448,188,183
948,448,191,183
948,447,191,183
949,447,191,183
950,447,191,183
950,447,191,183
951,447,191,183
952,446,191,183
952,446,191,183
953,446,191,183
954,446,191,183
955,446,185,181
954,445,185,181
953,445,185,181
953,444,185,181
952,444,185,181
952,444,185,181
951,443,185,181
950,443,185,181
950,442,185,181
949,442,185,181
949,442,183,184
948,441,183,184
948,440,183,184
948,440,183,184
948,439,183,184
948,439,183,184
948,438,183,184
948,437,183,184
948,437,183,184
948,436,183,184
948,436,180,188
948,436,180,188
949,436,180,188
950,436,180,188
951,436,180,188
952,437,180,188
952,437,180,188
953,437,180,188
954,437,180,188
955,437,180,188
956,438,183,187
957,438,183,187
958,438,183,187
959,438,183,187
960,439,183,187
961,439,183,187
962,439,183,187
963,440,183,187
964,440,183,187
965,440,183,187
966,441,185,182
967,441,185,182
968,441,185,182
969,441,185,182
970,441,185,182
971,441,185,182
972,441,185,182
973,441,185,182
974,441,185,182
975,441,185,182
976,441,185,181
977,441,185,181
978,441,185,181
979,441,185,181
980,441,185,181
981,441,185,181
982,441,185,181
983,441,185,181
984,441,185,181
985,441,185,181
987,442,183,182
987,441,183,182
988,441,183,182
989,440,183,182
990,440,183,182
991,440,183,182
992,439,183,182
993,439,183,182
994,438,183,182
995,438,183,182
996,438,180,185
997,438,180,185
998,438,180,185
999,438,180,185
1001,438,180,185
1002,439,180,185
1003,439,180,185
1005,439,180,185
1006,439,180,185
1007,439,180,185
1009,440,181,183
1010,440,181,183
1011,440,181,183
1012,440,181,183
1013,440,181,183
1014,440,181,183
1015,440,181,183
1016,440,181,183
1017,440,181,183
1018,440,181,183
1019,441,181,177
1018,441,181,177
1017,441,181,177
1016,441,181,177
1016,441,181,177
1015,441,181,177
1014,441,181,177
1014,441,181,177
1013,441,181,177
1012,441,181,177
1012,441,180,178
1009,440,180,178
1007,440,180,178
1004,440,180,178
1002,440,180,178
1000,440,180,178
997,439,180,178
995,439,180,178
992,439,180,178
990,439,180,178
988,439,180,178
986,438,180,178
984,438,180,178
982,437,180,178
980,437,180,178
978,437,180,178
976,436,180,178
974,436,180,178
972,435,180,178
970,435,180,178
968,435,176,182
968,434,176,182
968,434,176,182
968,434,176,182
968,434,176,182
969,434,176,182
969,433,176,182
969,433,176,182
969,433,176,182
969,433,176,182
970,433,179,181
970,432,179,181
971,432,179,181
972,431,179,181
973,431,179,181
974,430,179,181
974,430,179,181
975,429,179,181
976,429,179,181
977,428,179,181
978,428,179,181
978,428,179,181
979,428,179,181
980,428,179,181
981,428,179,181
982,428,179,181
983,428,179,181
984,428,179,181
985,428,179,181
986,428,179,181
987,428,179,181
987,427,179,181
987,427,179,181
987,426,179,181
987,426,179,181
987,426,179,181
987,425,179,181
987,425,179,181
987,424,179,181
987,424,179,181
988,424,179,181
986,423,179,181
984,423,179,181
983,423,179,181
981,422,179,181
980,422,179,181
978,422,179,181
976,421,179,181
975,421,179,181
973,421,179,181
972,421,180,184
971,421,180,184
970,421,180,184
970,421,180,184
969,421,180,184
969,422,180,184
968,422,180,184
967,422,180,184
967,422,180,184
966,422,180,184
966,423,179,181
966,422,179,181
967,422,179,181
967,422,179,181
968,422,179,181
969,422,179,181
969,421,179,181
970,421,179,181
970,421,179,181
971,421,179,181
972,421,179,181
973,421,179,181
974,421,179,181
975,421,179,181
976,421,179,181
977,421,179,181
978,421,179,181
979,421,179,181
980,421,179,181
981,421,179,181
982,422,179,181
982,422,179,181
983,422,179,181
984,422,179,181
984,422,179,181
985,422,179,181
986,422,179,181
986,422,179,181
987,422,179,181
988,422,179,181
989,423,179,181
989,423,179,181
990,423,179,181
990,423,179,181
991,423,179,181
992,423,179,181
992,423,179,181
993,423,179,181
993,423,179,181
994,423,179,181
995,423,179,181
995,423,179,181
996,423,179,181
997,423,179,181
998,423,179,181
999,423,179,181
999,423,179,181
1000,423,179,181
1001,423,179,181
1002,423,179,181
1003,424,179,181
1004,423,179,181
1005,423,179,181
1006,423,179,181
1007,423,179,181
1008,423,179,181
1009,423,179,181
1010,423,179,181
1011,423,179,181
1012,423,179,181
1014,423,174,178
1014,423,174,178
1015,423,174,178
1016,424,174,178
1017,424,174,178
1018,425,174,178
1018,425,174,178
1019,425,174,178
1020,426,174,178
1021,426,174,178
1022,427,170,176
1022,426,170,176
1023,426,170,176
1023,426,170,176
1024,426,170,176
1025,426,170,176
1025,426,170,176
1026,426,170,176
1026,426,170,176
1027,426,170,176
1028,426,171,181
1028,426,171,181
1028,426,171,181
1028,426,171,181
1029,426,171,181
1029,427,171,181
1029,427,171,181
1030,427,171,181
1030,427,171,181
1030,427,171,181
1031,428,175,182
1031,428,175,182
1032,428,175,182
1032,428,175,182
1033,429,175,182
1033,429,175,182
1034,429,175,182
1034,430,175,182
1035,430,175,182
1035,430,175,182
1036,431,175,183
1034,431,175,183
1033,431,175,183
1031,431,175,183
1030,431,175,183
1029,431,175,183
1027,431,175,183
1026,431,175,183
1024,431,175,183
1023,431,175,183
1022,432,174,185
1021,432,174,185
1020,432,174,185
1020,433,174,185
1019,433,174,185
1019,434,174,185
1018,434,174,185
1017,434,174,185
1017,435,174,185
1016,435,174,185
1016,436,173,183
1015,436,173,183
1015,437,173,183
1015,437,173,183
1015,438,173,183
1015,438,173,183
1015,439,173,183
1015,439,173,183
1015,440,173,183
1015,440,173,183
1015,441,175,185
1015,441,175,185
1015,441,175,185
1015,441,175,185
1015,441,175,185
1015,442,175,185
1015,442,175,185
1015,442,175,185
1015,442,175,185
1015,442,175,185
1016,443,172,185
1015,443,172,185
1015,443,172,185
1015,443,172,185
1015,444,172,185
1015,444,172,185
1015,444,172,185
1015,445,172,185
1015,445,172,185
1015,445,172,185
1015,446,171,186
1014,446,171,186
1014,446,171,186
1014,446,171,186
1014,446,171,186
1014,447,171,186
1013,447,171,186
1013,447,171,186
1013,447,171,186
1013,447,171,186
1013,448,169,186
1012,448,169,186
1012,449,169,186
1011,449,169,186
1011,450,169,186
1010,451,169,186
1010,451,169,186
1009,452,169,186
1009,452,169,186
1008,453,169,186
1008,454,167,186
1007,454,167,186
1007,454,167,186
1006,454,167,186
1006,455,167,186
1005,455,167,186
1005,455,167,186
1004,456,167,186
1004,456,167,186
1003,456,167,186
1003,457,170,187
1002,457,170,187
1001,458,170,187
1000,458,170,187
1000,459,170,187
999,460,170,187
998,460,170,187
998,461,170,187
997,461,170,187
996,462,170,187
996,463,172,184
995,463,172,184
994,463,172,184
993,463,172,184
993,463,172,184
992,464,172,184
991,464,172,184
991,464,172,184
990,464,172,184
989,464,172,184
989,465,172,189
988,465,172,189
987,465,172,189
986,466,172,189
986,466,172,189
985,467,172,189
984,467,172,189
984,467,172,189
983,468,172,189
982,468,172,189
982,469,171,190
981,469,171,190
980,470,171,190
979,470,171,190
979,471,171,190
978,471,171,190
977,472,171,190
977,472,171,190
976,473,171,190
975,473,171,190
975,474,172,190
974,474,172,190
973,474,172,190
972,474,172,190
971,474,172,190
970,475,172,190
969,475,172,190
968,475,172,190
967,475,172,190
966,475,172,190
965,476,170,186
964,476,170,186
963,476,170,186
962,477,170,186
961,477,170,186
960,478,170,186
959,478,170,186
958,478,170,186
957,479,170,186
956,479,170,186
956,480,175,186
954,480,175,186
953,480,175,186
952,481,175,186
951,481,175,186
950,482,175,186
949,482,175,186
948,482,175,186
947,483,175,186
946,483,175,186
945,484,175,186
944,484,175,186
943,484,175,186
942,484,175,186
941,484,175,186
941,485,175,186
940,485,175,186
939,485,175,186
938,485,175,186
937,485,175,186
937,486,176,189
936,486,176,189
935,486,176,189
934,486,176,189
933,487,176,189
933,487,176,189
932,487,176,189
931,488,176,189
930,488,176,189
929,488,176,189
929,489,176,189
934,479,176,189
939,470,176,189
944,460,176,189
949,451,176,189
954,442,176,189
959,432,176,189
964,423,176,189
969,413,176,189
974,404,176,189
980,395,179,183
980,395,179,183
981,395,179,183
981,395,179,183
982,395,179,183
983,395,179,183
983,395,179,183
984,395,179,183
984,395,179,183
985,395,179,183
986,396,179,183
986,396,179,183
986,396,179,183
987,396,179,183
987,396,179,183
988,396,179,183
988,396,179,183
988,396,179,183
989,396,179,183
989,396,179,183
990,396,179,183
990,396,179,183
990,396,179,183
990,396,179,183
991,396,179,183
991,397,179,183
991,397,179,183
992,397,179,183
992,397,179,183
992,397,179,183
993,398,179,183
993,398,179,183
993,398,179,183
993,398,179,183
993,399,179,183
994,399,179,183
994,399,179,183
994,400,179,183
994,400,179,183
994,400,179,183
995,401,179,183
994,401,179,183
994,401,179,183
994,401,179,183
994,402,179,183
994,402,179,183
994,402,179,183
994,403,179,183
994,403,179,183
994,403,179,183
994,404,179,183
993,404,179,183
993,404,179,183
993,404,179,183
993,405,179,183
993,405,179,183
993,405,179,183
993,406,179,183
993,406,179,183
993,406,179,183
993,407,179,183
992,407,179,183
992,407,179,183
992,408,179,183
992,408,179,183
992,409,179,183
991,409,179,183
991,409,179,183
991,410,179,183
991,410,179,183
991,411,179,183
990,411,179,183
990,412,179,183
989,412,179,183
989,413,179,183
988,413,179,183
988,414,179,183
987,414,179,183
987,415,179,183
986,415,179,183
986,416,179,183
985,416,179,183
985,416,179,183
984,417,179,183
984,417,179,183
984,418,179,183
983,418,179,183
983,418,179,183
982,419,179,183
982,419,179,183
982,420,179,183
981,420,179,183
981,421,179,183
980,421,179,183
980,422,179,183
980,423,179,183
979,423,179,183
979,424,179,183
978,424,179,183
978,425,179,183
978,426,179,183
977,426,179,183
977,427,179,183
977,428,179,183
977,429,179,183
977,430,179,183
976,431,179,183
976,432,179,183
976,433,179,183
976,434,179,183
976,435,179,183
975,436,179,183
974,437,179,183
973,438,179,183
972,440,179,183
971,441,179,183
970,442,179,183
969,444,179,183
968,445,179,183
967,446,179,183
966,448,179,183
965,449,179,183
964,450,179,183
963,451,179,183
962,453,179,183
961,454,179,183
960,455,179,183
959,457,179,183
958,458,179,183
957,459,179,183
957,461,181,187
955,462,181,187
954,464,181,187
952,465,181,187
951,467,181,187
949,468,181,187
948,470,181,187
946,471,181,187
945,473,181,187
943,474,181,187
942,476,184,187
942,476,184,187
942,476,184,187
942,476,184,187
942,476,184,187
942,476,184,187
942,476,184,187
942,476,184,187
942,476,184,187
942,476,184,187
